/*--------------------------------*- C++ -*----------------------------------*\
  =========                 |
  \\      /  F ield         | OpenFOAM: The Open Source CFD Toolbox
   \\    /   O peration     | Website:  https://openfoam.org
    \\  /    A nd           | Version:  11
     \\/     M anipulation  |
\*---------------------------------------------------------------------------*/
FoamFile
{
    format      ascii;
    class       volScalarField;
    location    "1";
    object      p;
}
// * * * * * * * * * * * * * * * * * * * * * * * * * * * * * * * * * * * * * //

dimensions      [0 2 -2 0 0 0 0];

internalField   nonuniform List<scalar> 
10100
(
1.2651e-07
-3.67685e-05
-0.000334285
-0.000853563
-0.0016373
-0.00275102
-0.0042758
-0.00624743
-0.00867565
-0.0115078
-0.0146236
-0.0178812
-0.0211352
-0.0242781
-0.0271972
-0.0297895
-0.031925
-0.0334838
-0.034431
-0.0347749
-0.0345342
-0.0337428
-0.0324556
-0.0307593
-0.0287743
-0.0266241
-0.0243857
-0.0220809
-0.019709
-0.0172645
-0.0147336
-0.0120975
-0.00934608
-0.00648126
-0.00350319
-0.000403358
0.00282054
0.00615768
0.00959566
0.0131255
0.0167369
0.0204153
0.0241454
0.0279259
0.031772
0.035698
0.0397049
0.0437842
0.0479229
0.052099
0.056275
0.0603912
0.0643758
0.0681661
0.0717272
0.0750485
0.0781333
0.0809997
0.0836803
0.0862117
0.0886207
0.0909148
0.0930768
0.0950698
0.0968596
0.0984422
0.0998475
0.10112
0.102299
0.103418
0.104503
0.105571
0.106618
0.107626
0.108574
0.109443
0.110229
0.110932
0.111558
0.112102
0.112538
0.112839
0.112997
0.113038
0.113012
0.112962
0.112899
0.112802
0.112647
0.112423
0.112146
0.111842
0.111525
0.111195
0.110853
0.110511
0.110185
0.109874
0.109593
0.109429
-0.000325881
-0.000854654
-0.0015498
-0.00240416
-0.00344253
-0.00469731
-0.00617909
-0.00795003
-0.0100188
-0.0123785
-0.0149642
-0.0176701
-0.0203838
-0.0229804
-0.0253869
-0.0275275
-0.029303
-0.0306109
-0.0313801
-0.0315952
-0.0312929
-0.0305218
-0.029337
-0.0278062
-0.0260125
-0.024044
-0.0219643
-0.0198006
-0.0175606
-0.0152406
-0.0128225
-0.0102866
-0.00762921
-0.00485396
-0.00195854
0.00106158
0.00420476
0.00746219
0.010824
0.0142839
0.0178303
0.0214379
0.0250832
0.0287663
0.0325035
0.036308
0.0401843
0.0441297
0.0481323
0.0521696
0.0562043
0.0601781
0.0640197
0.0676727
0.0711095
0.0743187
0.0772991
0.0800705
0.0826739
0.0851506
0.0875242
0.089797
0.0919484
0.0939383
0.0957309
0.0973236
0.0987481
0.100045
0.101249
0.102388
0.103492
0.104581
0.105646
0.106662
0.1076
0.108448
0.109211
0.109901
0.110523
0.111064
0.111496
0.111787
0.11193
0.111958
0.111922
0.111862
0.111786
0.111672
0.111501
0.11127
0.111004
0.110727
0.110451
0.110172
0.109903
0.109673
0.109502
0.109366
0.109269
0.109285
-0.000142342
-0.00125496
-0.00234752
-0.00352915
-0.00479993
-0.00616931
-0.00765947
-0.00929344
-0.0111217
-0.0131345
-0.015314
-0.0175974
-0.0198881
-0.0220756
-0.0240733
-0.0258263
-0.0272893
-0.0283737
-0.0289895
-0.0291077
-0.0287444
-0.0279553
-0.0268126
-0.025377
-0.0237127
-0.0218834
-0.0199316
-0.017883
-0.0157525
-0.0135349
-0.0112109
-0.00876407
-0.00619118
-0.00349328
-0.000664367
0.00229653
0.00537777
0.00856952
0.011868
0.0152655
0.0187452
0.0222815
0.0258528
0.029459
0.033116
0.0368335
0.0406133
0.0444568
0.0483571
0.0522876
0.0562039
0.0600496
0.063764
0.0672996
0.0706323
0.0737508
0.0766505
0.0793495
0.0818934
0.0843309
0.086684
0.0889445
0.091084
0.0930644
0.0948558
0.0964572
0.0978976
0.0992152
0.100442
0.101606
0.102736
0.103848
0.104929
0.105943
0.106861
0.107683
0.108427
0.109111
0.109732
0.110268
0.110684
0.110954
0.11108
0.111098
0.111059
0.110997
0.110914
0.110787
0.110599
0.11036
0.110098
0.109836
0.109576
0.109319
0.109087
0.108926
0.108857
0.108847
0.108892
0.109065
0.000382254
-0.00136368
-0.0029256
-0.00445019
-0.00595666
-0.00741548
-0.00890295
-0.0104507
-0.0121029
-0.0138785
-0.0157464
-0.0176789
-0.0196128
-0.0214581
-0.0231216
-0.0245489
-0.0256972
-0.0265335
-0.026995
-0.0270339
-0.0266432
-0.0258606
-0.0247467
-0.0233692
-0.0217958
-0.0200737
-0.0182288
-0.0162812
-0.0142424
-0.0121028
-0.00984715
-0.00747021
-0.0049691
-0.002336
0.000435978
0.00334213
0.0063675
0.00950355
0.0127488
0.0160909
0.0195057
0.0229713
0.0264777
0.0300275
0.033627
0.0372773
0.040978
0.0447325
0.0485362
0.0523618
0.056162
0.059883
0.0634757
0.0669058
0.0701534
0.0732018
0.0760404
0.0786889
0.0811993
0.0836197
0.0859637
0.0882147
0.0903453
0.0923246
0.0941274
0.0957513
0.0972211
0.0985711
0.0998299
0.101024
0.102181
0.103312
0.104395
0.105391
0.106278
0.107071
0.107801
0.108482
0.109098
0.109615
0.110001
0.110241
0.11035
0.110366
0.110335
0.110281
0.110198
0.110063
0.109868
0.109628
0.109374
0.10912
0.108862
0.108601
0.108375
0.108239
0.108222
0.108299
0.108456
0.108739
0.000962409
-0.00134947
-0.0033322
-0.0051831
-0.00686894
-0.00841144
-0.009871
-0.0113337
-0.012858
-0.0144514
-0.016099
-0.0177643
-0.0194008
-0.0209649
-0.0223687
-0.0235463
-0.0244587
-0.0250747
-0.0253723
-0.0253251
-0.0249173
-0.0241585
-0.0230858
-0.0217641
-0.0202572
-0.0186053
-0.0168356
-0.0149674
-0.0129995
-0.0109179
-0.00871565
-0.00639351
-0.00394471
-0.0013574
0.00136988
0.0042253
0.00719734
0.010284
0.0134815
0.0167707
0.0201253
0.0235285
0.0269791
0.0304822
0.0340355
0.0376288
0.0412584
0.0449304
0.0486396
0.0523541
0.0560294
0.0596254
0.0631073
0.0664456
0.0696185
0.0726064
0.0753982
0.0780149
0.0805091
0.0829246
0.0852648
0.0875073
0.0896306
0.0916152
0.0934394
0.095094
0.0965953
0.0979741
0.0992603
0.10048
0.101655
0.102788
0.103854
0.104818
0.105673
0.106445
0.107168
0.107846
0.108453
0.10895
0.109309
0.109529
0.109632
0.109658
0.109641
0.109598
0.109521
0.109392
0.109207
0.108985
0.10875
0.108506
0.108245
0.107977
0.107748
0.10762
0.107633
0.107772
0.108004
0.108341
0.00132856
-0.00140679
-0.00368654
-0.00574701
-0.00757358
-0.00914706
-0.0105936
-0.0119845
-0.0133872
-0.0148525
-0.0163513
-0.0178253
-0.0192506
-0.0205806
-0.0217719
-0.0227641
-0.0235219
-0.0239989
-0.024178
-0.0240514
-0.0236136
-0.0228686
-0.0218408
-0.0205753
-0.01912
-0.0175158
-0.0157962
-0.0139761
-0.0120501
-0.0100091
-0.0078511
-0.00557083
-0.0031553
-0.000596401
0.00209947
0.00491698
0.00784786
0.0108944
0.0140493
0.0172875
0.0205866
0.0239416
0.0273536
0.0308187
0.0343272
0.0378681
0.0414367
0.0450348
0.0486518
0.0522539
0.0558043
0.0592807
0.0626632
0.0659233
0.0690313
0.0719656
0.0747208
0.0773213
0.0798151
0.082234
0.0845719
0.0868074
0.0889297
0.0909288
0.0927806
0.0944642
0.0959884
0.0973861
0.098691
0.0999266
0.101106
0.102226
0.103265
0.104201
0.10504
0.105813
0.106546
0.10723
0.107831
0.108313
0.108659
0.108878
0.108993
0.109034
0.109027
0.108985
0.108904
0.108778
0.108608
0.108409
0.108192
0.107953
0.107687
0.107414
0.107187
0.107065
0.107096
0.107272
0.107528
0.107853
0.00132114
-0.00165769
-0.00412536
-0.00630895
-0.00819088
-0.00977767
-0.0111812
-0.0125127
-0.01384
-0.0151921
-0.0165644
-0.0179136
-0.0191876
-0.0203394
-0.0213518
-0.0221914
-0.0228216
-0.0232087
-0.0233215
-0.023146
-0.0226837
-0.0219422
-0.0209426
-0.0197178
-0.0183029
-0.0167374
-0.0150538
-0.0132624
-0.0113602
-0.00934799
-0.00722504
-0.00497501
-0.0025795
-3.97969e-05
0.00263058
0.00542215
0.00833074
0.0113506
0.014466
0.0176545
0.020906
0.0242248
0.0276093
0.0310428
0.0345091
0.0380013
0.0415166
0.0450485
0.0485768
0.0520682
0.0555004
0.0588705
0.0621669
0.065355
0.0684001
0.0712871
0.0740198
0.0766206
0.0791237
0.0815488
0.0838872
0.0861248
0.0882599
0.0902837
0.0921637
0.09387
0.0954096
0.0968213
0.0981405
0.0993837
0.100556
0.101655
0.10267
0.103597
0.104448
0.105248
0.106009
0.10671
0.107313
0.107788
0.108132
0.108361
0.108492
0.108541
0.108524
0.108459
0.108357
0.108226
0.108067
0.107885
0.107675
0.107433
0.107162
0.10689
0.106665
0.106543
0.106575
0.106754
0.106983
0.107244
0.000867001
-0.00221447
-0.00473468
-0.0069625
-0.00885974
-0.0104254
-0.0117742
-0.0130423
-0.0142997
-0.0155557
-0.0168109
-0.0180447
-0.0191924
-0.0202265
-0.0211045
-0.0218163
-0.0223331
-0.0226353
-0.022695
-0.0224904
-0.0220141
-0.0212755
-0.0202934
-0.019091
-0.0177035
-0.0161707
-0.014515
-0.0127438
-0.0108649
-0.00888273
-0.00678647
-0.0045539
-0.00217307
0.000347773
0.0029979
0.00577518
0.00867317
0.0116728
0.0147515
0.017897
0.0211124
0.0244044
0.0277627
0.0311638
0.0345941
0.0380505
0.0415231
0.0449923
0.048434
0.051825
0.0551579
0.0584397
0.0616585
0.0647753
0.0677597
0.07061
0.0733364
0.0759497
0.0784665
0.0809002
0.0832484
0.0855043
0.0876668
0.0897206
0.0916258
0.0933493
0.0949019
0.0963265
0.0976556
0.0988964
0.100049
0.101123
0.102126
0.103063
0.103943
0.104778
0.105567
0.106284
0.106889
0.107363
0.10771
0.107949
0.108089
0.108134
0.108095
0.107997
0.107872
0.10774
0.107599
0.107433
0.107225
0.106969
0.106685
0.106407
0.106174
0.106031
0.106038
0.106183
0.106351
0.106516
-9.58264e-05
-0.00313207
-0.00560721
-0.00777793
-0.00965318
-0.0111736
-0.0124717
-0.013663
-0.0148302
-0.0159995
-0.0171476
-0.0182486
-0.0192779
-0.0202059
-0.0209858
-0.0215955
-0.0220197
-0.0222396
-0.0222368
-0.0219969
-0.0215065
-0.0207662
-0.0197915
-0.0186061
-0.0172423
-0.0157323
-0.0140972
-0.0123516
-0.0105057
-0.00855459
-0.00647951
-0.00426316
-0.00190101
0.000602303
0.00324341
0.00601723
0.00890566
0.0118824
0.0149303
0.0180472
0.0212388
0.0245065
0.0278362
0.0312079
0.0346147
0.038051
0.041491
0.044903
0.0482684
0.0515792
0.0548366
0.0580452
0.0611904
0.0642374
0.0671695
0.0699981
0.0727309
0.0753617
0.0778935
0.080342
0.0827144
0.0850048
0.0872028
0.0892853
0.0912114
0.0929516
0.0945196
0.0959563
0.0972862
0.0985089
0.0996288
0.100673
0.101667
0.10262
0.103524
0.104377
0.105172
0.105887
0.106488
0.106959
0.107309
0.107556
0.107706
0.107752
0.107702
0.107589
0.107461
0.107347
0.107237
0.107094
0.106881
0.1066
0.106286
0.105981
0.105717
0.105531
0.105485
0.105572
0.105658
0.105713
-0.00155628
-0.00442862
-0.00676009
-0.00880517
-0.0105827
-0.012059
-0.0133009
-0.0144065
-0.0154765
-0.0165415
-0.0175858
-0.0185681
-0.0194809
-0.0202874
-0.0209742
-0.0214967
-0.0218346
-0.0219777
-0.0219138
-0.0216242
-0.0211011
-0.0203509
-0.0193811
-0.0182073
-0.0168602
-0.0153717
-0.0137631
-0.0120494
-0.0102366
-0.00831427
-0.00626342
-0.00406991
-0.00172761
0.000765129
0.00340563
0.0061793
0.00905714
0.0120126
0.0150386
0.0181387
0.0213125
0.0245553
0.0278585
0.0312122
0.034611
0.0380379
0.0414517
0.0448173
0.0481279
0.0513847
0.0545848
0.0577265
0.0607997
0.0637849
0.0666797
0.0694999
0.0722435
0.07489
0.0774388
0.0799131
0.0823235
0.084655
0.0868858
0.0889916
0.0909385
0.0927008
0.094288
0.095732
0.0970495
0.0982388
0.0993148
0.100323
0.101303
0.102258
0.103164
0.104006
0.10478
0.105475
0.106065
0.106534
0.10689
0.107152
0.107324
0.107393
0.10736
0.107259
0.10715
0.107068
0.106995
0.106871
0.106648
0.106335
0.10598
0.105632
0.105315
0.105065
0.104949
0.104961
0.104957
0.104891
-0.00340669
-0.00603761
-0.00817495
-0.0100307
-0.0116569
-0.0130485
-0.0142325
-0.0152663
-0.0162373
-0.0171924
-0.0181233
-0.0190036
-0.01981
-0.0205107
-0.0210839
-0.0215103
-0.0217709
-0.0218382
-0.0216974
-0.0213475
-0.0207899
-0.0200192
-0.0190374
-0.0178677
-0.0165405
-0.015077
-0.0134954
-0.0118127
-0.0100317
-0.00813678
-0.0061098
-0.00393872
-0.00161233
0.00087599
0.00351807
0.00628873
0.00915558
0.012097
0.0151106
0.0181966
0.0213482
0.0245651
0.0278517
0.0312021
0.0346013
0.0380202
0.041413
0.0447495
0.0480296
0.051251
0.0543998
0.0574748
0.0604823
0.06342
0.0662914
0.0691077
0.0718592
0.0745202
0.0770916
0.0796008
0.0820533
0.0844211
0.0866765
0.0888036
0.0907787
0.0925732
0.0941831
0.0956289
0.0969254
0.0980769
0.0991099
0.100082
0.101041
0.101982
0.10287
0.103682
0.10442
0.105088
0.105669
0.106144
0.106516
0.106802
0.107009
0.107117
0.107118
0.107044
0.106957
0.106899
0.106846
0.106728
0.106493
0.106152
0.10576
0.105364
0.104983
0.104655
0.104458
0.104387
0.104282
0.104084
-0.00553458
-0.0078586
-0.00976586
-0.0114156
-0.012864
-0.0141142
-0.0152278
-0.0162096
-0.0170901
-0.0179367
-0.0187671
-0.0195606
-0.0202598
-0.0208617
-0.0213388
-0.0216726
-0.0218359
-0.0218119
-0.0215955
-0.021185
-0.020577
-0.0197688
-0.018771
-0.0176054
-0.0162909
-0.0148455
-0.0132891
-0.0116345
-0.00987794
-0.0080039
-0.0059969
-0.00384186
-0.00152276
0.000964258
0.00360243
0.00636401
0.00922141
0.0121544
0.0151549
0.0182181
0.0213406
0.0245348
0.0278141
0.0311656
0.0345617
0.0379705
0.0413512
0.0446758
0.0479389
0.0511279
0.0542241
0.0572369
0.0601919
0.0630963
0.065951
0.0687624
0.0715202
0.0741995
0.0768002
0.0793454
0.0818325
0.0842262
0.0865018
0.0886566
0.0906735
0.0925131
0.0941521
0.095602
0.0968826
0.0980085
0.0990137
0.0999607
0.100899
0.101823
0.102691
0.103472
0.104179
0.104825
0.105403
0.105892
0.106286
0.106599
0.106836
0.106979
0.107012
0.106959
0.106882
0.106823
0.106764
0.106635
0.106387
0.106027
0.105606
0.10516
0.10471
0.104303
0.104023
0.103862
0.103644
0.1033
-0.00784461
-0.00981666
-0.011449
-0.0128862
-0.0141601
-0.0152742
-0.0162841
-0.0171936
-0.0180175
-0.0187919
-0.0195299
-0.0202201
-0.0208391
-0.021356
-0.0217394
-0.0219741
-0.0220401
-0.0219252
-0.0216243
-0.0211399
-0.0204722
-0.0196236
-0.0186068
-0.0174365
-0.0161256
-0.014692
-0.0131529
-0.0115142
-0.00977036
-0.00790887
-0.00591356
-0.00376547
-0.00144965
0.00103149
0.00365824
0.00640719
0.00925332
0.0121702
0.0151443
0.0181746
0.0212675
0.0244431
0.0277136
0.0310576
0.0344438
0.0378457
0.0412245
0.0445442
0.0477892
0.0509422
0.0539892
0.0569532
0.0598721
0.0627545
0.0655964
0.0684057
0.0711767
0.0738824
0.0765146
0.0790888
0.0815992
0.0840122
0.086312
0.0885072
0.0905811
0.0924785
0.0941567
0.0956226
0.0969058
0.0980305
0.0990317
0.09997
0.100898
0.101812
0.102669
0.103433
0.104116
0.104746
0.105322
0.105823
0.106234
0.106563
0.106815
0.106976
0.107027
0.106986
0.106906
0.106829
0.106741
0.106587
0.106323
0.105951
0.105501
0.105002
0.104484
0.104005
0.103648
0.103391
0.103044
0.102544
-0.0102533
-0.0118452
-0.0131816
-0.0143877
-0.0155125
-0.0165034
-0.0174048
-0.018251
-0.0190254
-0.0197342
-0.0204046
-0.0210144
-0.021552
-0.0219769
-0.0222749
-0.0224176
-0.0223839
-0.0221712
-0.0217837
-0.0212233
-0.0204916
-0.0195993
-0.0185603
-0.0173808
-0.0160674
-0.014636
-0.0131014
-0.0114661
-0.00972383
-0.00786318
-0.00586889
-0.00372403
-0.00141638
0.00105168
0.0036627
0.00639436
0.00921823
0.0121033
0.0150392
0.0180348
0.021101
0.0242565
0.0275104
0.0308396
0.0342162
0.0376175
0.0409983
0.04431
0.0475322
0.0506524
0.0536641
0.0565979
0.0594967
0.0623688
0.0652087
0.0680283
0.0708252
0.0735648
0.0762249
0.0788172
0.0813431
0.0837781
0.086113
0.0883603
0.0905007
0.0924645
0.0941925
0.0956884
0.0969933
0.0981397
0.0991584
0.100103
0.101029
0.101943
0.102798
0.103555
0.104219
0.104826
0.10539
0.105892
0.10631
0.106643
0.106896
0.107059
0.10712
0.107089
0.107008
0.10691
0.106789
0.106603
0.10632
0.105931
0.105448
0.104895
0.104316
0.103779
0.103349
0.102985
0.102498
0.101837
-0.0126475
-0.0139136
-0.0149574
-0.0159085
-0.0168787
-0.0177826
-0.018603
-0.0193776
-0.0201074
-0.0207774
-0.0213836
-0.0219237
-0.0223799
-0.0227249
-0.0229329
-0.0229748
-0.0228439
-0.0225415
-0.0220692
-0.0214301
-0.020638
-0.019711
-0.0186531
-0.0174599
-0.0161379
-0.0147036
-0.0131662
-0.0115233
-0.00976976
-0.00789977
-0.00590219
-0.00376191
-0.00146582
0.000986339
0.00357726
0.00628236
0.00907229
0.0119184
0.0148171
0.0177827
0.0208246
0.0239584
0.0271946
0.0305129
0.0338861
0.0372891
0.0406683
0.0439679
0.0471702
0.0502703
0.0532651
0.0561867
0.0590816
0.0619599
0.0648165
0.0676643
0.0704984
0.0732727
0.0759538
0.078556
0.0810959
0.0835597
0.0859385
0.0882423
0.0904489
0.0924795
0.0942623
0.0957971
0.0971336
0.0983124
0.0993597
0.100321
0.101254
0.102172
0.103033
0.103786
0.104431
0.105009
0.105549
0.106039
0.106455
0.106787
0.107035
0.107198
0.107268
0.107252
0.107178
0.107068
0.106919
0.106705
0.106401
0.10599
0.105472
0.10487
0.104241
0.103655
0.103149
0.102668
0.102036
0.101216
-0.0149576
-0.0159701
-0.0167681
-0.0174823
-0.0182736
-0.0190879
-0.019862
-0.0205898
-0.0212712
-0.0218967
-0.0224493
-0.0229314
-0.0233079
-0.0235655
-0.0236758
-0.0236237
-0.0234048
-0.0230145
-0.0224578
-0.0217533
-0.0209233
-0.0199747
-0.0188986
-0.0176927
-0.016367
-0.0149304
-0.0133822
-0.0117203
-0.00994829
-0.00806622
-0.00606339
-0.00392432
-0.00163689
0.000798605
0.00336468
0.00603859
0.00879521
0.0116096
0.0144809
0.0174243
0.0204477
0.0235666
0.0267944
0.03011
0.0334828
0.0368843
0.0402575
0.0435461
0.0467379
0.0498325
0.0528259
0.0557506
0.0586589
0.0615642
0.0644572
0.0673455
0.0702197
0.0730252
0.075722
0.0783315
0.0808873
0.0833844
0.0858082
0.0881619
0.0904234
0.0925127
0.0943481
0.0959222
0.0972903
0.0985027
0.0995851
0.100575
0.101526
0.102458
0.103331
0.104089
0.104723
0.105276
0.105792
0.10627
0.106682
0.10701
0.107253
0.107416
0.107497
0.107497
0.107432
0.107314
0.107144
0.10691
0.106587
0.106155
0.105604
0.104962
0.104293
0.103654
0.10306
0.102454
0.101679
0.100703
-0.0171427
-0.0179636
-0.0185936
-0.0191012
-0.0197247
-0.0204473
-0.0211721
-0.0218647
-0.0225115
-0.0230918
-0.0235958
-0.0240075
-0.0243058
-0.0244716
-0.0244879
-0.0243489
-0.0240424
-0.0235682
-0.0229462
-0.022204
-0.0213558
-0.0203934
-0.0193076
-0.0181019
-0.0167804
-0.015338
-0.0137705
-0.0120846
-0.0102919
-0.00839381
-0.00637867
-0.00423392
-0.0019514
0.00046896
0.00301306
0.00566269
0.00839688
0.0111918
0.0140473
0.0169801
0.0199972
0.0231133
0.0263412
0.0296565
0.0330257
0.0364209
0.0397868
0.0430685
0.0462573
0.049356
0.0523598
0.0553026
0.0582421
0.0611921
0.0641336
0.0670652
0.0699753
0.0728077
0.0755205
0.0781409
0.0807155
0.0832452
0.0857083
0.0881004
0.0904015
0.0925345
0.094413
0.0960228
0.097422
0.0986711
0.0997994
0.100837
0.101828
0.102792
0.103692
0.104468
0.105108
0.105657
0.106167
0.106643
0.107054
0.107377
0.107612
0.107773
0.107864
0.10788
0.107818
0.107686
0.107493
0.107236
0.106897
0.106445
0.105865
0.105188
0.104475
0.103772
0.103078
0.102346
0.101429
0.100294
-0.0191856
-0.0198577
-0.020371
-0.0207387
-0.0212189
-0.0218484
-0.0225314
-0.0231983
-0.0238169
-0.0243591
-0.0248114
-0.0251474
-0.0253654
-0.0254426
-0.0253708
-0.0251432
-0.0247525
-0.0242137
-0.0235544
-0.0227958
-0.0219384
-0.0209715
-0.0198917
-0.0186981
-0.0173798
-0.0159241
-0.014333
-0.0126218
-0.0108041
-0.00888138
-0.00684537
-0.00468955
-0.00240758
4.70865e-06
0.00253707
0.00517366
0.00789622
0.0106825
0.0135342
0.0164691
0.0194911
0.0226105
0.025838
0.0291485
0.032509
0.035895
0.0392533
0.0425297
0.0457192
0.0488289
0.051855
0.0548308
0.0578155
0.0608194
0.0638123
0.0667845
0.0697266
0.0725868
0.0753217
0.0779596
0.0805556
0.0831159
0.0856127
0.0880341
0.0903615
0.0925243
0.0944363
0.0960796
0.0975155
0.0988138
0.100007
0.101116
0.102172
0.103188
0.10413
0.104941
0.105609
0.106178
0.106702
0.107189
0.107605
0.107923
0.108148
0.108307
0.108411
0.108442
0.108381
0.108226
0.107998
0.10771
0.107347
0.10687
0.106259
0.105541
0.104774
0.103994
0.103196
0.102337
0.101274
0.0999762
-0.0210901
-0.0216322
-0.0220428
-0.0223297
-0.0227204
-0.0232802
-0.0239317
-0.0245854
-0.0251859
-0.0257007
-0.0260991
-0.0263699
-0.0265064
-0.0264984
-0.0263402
-0.0260246
-0.0255636
-0.0249833
-0.0243056
-0.0235375
-0.0226749
-0.0217142
-0.020651
-0.0194688
-0.0181438
-0.0166673
-0.0150513
-0.0133133
-0.0114647
-0.00950971
-0.00744724
-0.00527605
-0.00298862
-0.00057609
0.00195323
0.00458455
0.00730347
0.0100908
0.0129488
0.0158934
0.0189227
0.0220429
0.0252656
0.0285675
0.0319168
0.0352918
0.038642
0.0419155
0.0451115
0.0482427
0.0513049
0.0543264
0.0573626
0.0604202
0.0634628
0.0664755
0.0694521
0.0723461
0.0751129
0.0777781
0.0804003
0.0829911
0.0855196
0.0879666
0.0903131
0.0924962
0.0944364
0.0961184
0.0976056
0.0989717
0.100249
0.101445
0.102578
0.103655
0.104647
0.105502
0.106209
0.106813
0.107364
0.107869
0.108291
0.108604
0.108826
0.108994
0.109121
0.109178
0.109121
0.108942
0.108672
0.108344
0.107948
0.107437
0.106783
0.106015
0.105186
0.104327
0.103425
0.102436
0.101221
0.0997524
-0.0228134
-0.0232617
-0.0235984
-0.0238348
-0.0241905
-0.024725
-0.0253679
-0.0260264
-0.0266273
-0.0271251
-0.0274821
-0.0276979
-0.0277588
-0.0276669
-0.0274217
-0.02703
-0.0265177
-0.0259078
-0.0252117
-0.0244313
-0.0235683
-0.0226209
-0.0215705
-0.0203848
-0.0190411
-0.0175413
-0.0159022
-0.0141363
-0.0122524
-0.0102612
-0.00817013
-0.00598098
-0.00368379
-0.00126587
0.00126581
0.00389841
0.00662182
0.00941839
0.012288
0.0152431
0.018278
0.0213975
0.0246157
0.0279108
0.0312507
0.0346161
0.0379622
0.0412419
0.0444579
0.0476251
0.0507357
0.0538094
0.0568966
0.0600047
0.063096
0.0661525
0.0691697
0.0721055
0.0749148
0.0776183
0.0802753
0.0829011
0.0854628
0.0879338
0.090295
0.0924941
0.0944644
0.0961959
0.0977512
0.099201
0.10057
0.101853
0.103056
0.104186
0.10522
0.106118
0.106868
0.107509
0.108087
0.108605
0.109032
0.109346
0.109577
0.109771
0.109939
0.110033
0.10999
0.109795
0.109491
0.109126
0.108695
0.108143
0.107442
0.106619
0.10573
0.104795
0.103787
0.102662
0.101291
0.0996508
-0.0242854
-0.0247198
-0.0250265
-0.0252469
-0.0256134
-0.0261682
-0.0268395
-0.0275276
-0.028148
-0.0286425
-0.0289813
-0.0291471
-0.029139
-0.0289675
-0.0286453
-0.0281957
-0.0276413
-0.0269973
-0.026275
-0.0254831
-0.0246246
-0.0236845
-0.0226273
-0.0214209
-0.0200555
-0.0185388
-0.0168798
-0.0150829
-0.0131601
-0.0111328
-0.00901482
-0.006807
-0.00449552
-0.00206492
0.000477955
0.00312137
0.00585802
0.00866985
0.0115541
0.0145219
0.0175662
0.0206914
0.0239127
0.0272083
0.0305453
0.0339088
0.0372634
0.0405662
0.0438183
0.0470321
0.050196
0.0533222
0.0564573
0.0596128
0.0627536
0.0658579
0.068919
0.0719
0.0747589
0.0775119
0.0802136
0.0828794
0.085475
0.0879685
0.090342
0.0925575
0.0945646
0.0963587
0.097996
0.0995365
0.100993
0.102349
0.103605
0.10477
0.105837
0.106772
0.107564
0.10824
0.108839
0.109364
0.109791
0.110114
0.110368
0.110603
0.11082
0.110955
0.110932
0.110735
0.110415
0.11003
0.109573
0.108986
0.10824
0.107371
0.106429
0.105419
0.104298
0.103033
0.10151
0.0996993
-0.0254818
-0.0259899
-0.0263294
-0.0265838
-0.0270001
-0.0276122
-0.0283454
-0.029092
-0.029752
-0.0302591
-0.0305873
-0.0307122
-0.0306469
-0.0304107
-0.0300297
-0.0295312
-0.0289318
-0.0282497
-0.0275044
-0.0267065
-0.0258466
-0.0248929
-0.0238096
-0.02258
-0.0212026
-0.0196752
-0.0179929
-0.0161591
-0.0141971
-0.0121382
-0.00999513
-0.00776259
-0.00542434
-0.0029664
-0.000398948
0.00226568
0.00502324
0.00785692
0.0107631
0.0137526
0.0168178
0.0199606
0.0231951
0.0265007
0.0298468
0.0332238
0.0366043
0.039947
0.0432461
0.0465086
0.0497229
0.0528987
0.0560799
0.059281
0.0624704
0.0656221
0.0687264
0.0717521
0.0746634
0.0774724
0.0802245
0.0829309
0.0855567
0.0880692
0.0904557
0.0926937
0.0947484
0.0966166
0.0983428
0.0999723
0.101506
0.102922
0.104218
0.105412
0.106507
0.107482
0.108317
0.10903
0.109649
0.110179
0.110609
0.110946
0.111234
0.111516
0.111778
0.111945
0.111938
0.111747
0.11143
0.111043
0.110574
0.109962
0.109181
0.108272
0.107279
0.106188
0.104947
0.103545
0.10188
0.0999024
-0.0264516
-0.027102
-0.0275415
-0.0278761
-0.0283767
-0.0290791
-0.0298958
-0.0307156
-0.0314264
-0.0319583
-0.032276
-0.0323764
-0.0322736
-0.031992
-0.0315655
-0.0310203
-0.03038
-0.0296712
-0.0289134
-0.0281065
-0.027227
-0.0262425
-0.0251323
-0.0238911
-0.0225085
-0.0209645
-0.0192494
-0.0173769
-0.0153813
-0.0132935
-0.0111171
-0.00884207
-0.00645723
-0.00395645
-0.00135416
0.00133912
0.00412503
0.00699032
0.00993049
0.0129545
0.0160527
0.0192236
0.0224814
0.0258094
0.0291806
0.0325887
0.0360101
0.0394022
0.0427509
0.04606
0.0493224
0.0525487
0.0557773
0.0590232
0.0622582
0.0654545
0.0685994
0.0716684
0.0746325
0.0774984
0.0802987
0.0830385
0.0856858
0.0882131
0.090616
0.0928859
0.094999
0.096949
0.0987652
0.100478
0.102082
0.103554
0.104893
0.106125
0.10726
0.108281
0.109168
0.109924
0.110568
0.11111
0.11155
0.111909
0.112235
0.112561
0.112858
0.113043
0.113045
0.112864
0.112559
0.112179
0.111703
0.111069
0.110257
0.109309
0.108255
0.107071
0.105712
0.104185
0.102388
0.100248
-0.0272941
-0.0281356
-0.0287202
-0.0291731
-0.0297872
-0.0305964
-0.0315011
-0.0323886
-0.0331492
-0.0337104
-0.0340314
-0.0341227
-0.0339994
-0.0336902
-0.0332303
-0.0326518
-0.0319892
-0.0312691
-0.0305003
-0.0296715
-0.0287594
-0.0277456
-0.0266214
-0.0253745
-0.0239775
-0.0224032
-0.0206517
-0.0187474
-0.0167226
-0.0145969
-0.0123668
-0.0100281
-0.00758322
-0.00503427
-0.00239474
0.000332079
0.00315538
0.00606357
0.00904834
0.0121157
0.0152551
0.0184643
0.0217581
0.0251249
0.0285397
0.0319934
0.0354634
0.038908
0.0423078
0.0456656
0.0489818
0.0522676
0.0555518
0.0588447
0.0621231
0.065362
0.0685476
0.0716595
0.0746735
0.0775905
0.0804302
0.0831926
0.0858516
0.08839
0.0908134
0.0931233
0.0953014
0.097335
0.0992384
0.10103
0.102704
0.10424
0.10564
0.106928
0.10812
0.109199
0.110143
0.110946
0.111623
0.112185
0.112646
0.113035
0.113399
0.113761
0.114084
0.114281
0.114293
0.114125
0.113836
0.113461
0.11297
0.112307
0.111458
0.11046
0.109334
0.108056
0.106591
0.104955
0.103032
0.100733
-0.0281272
-0.0291888
-0.0299443
-0.03054
-0.031276
-0.0321835
-0.0331644
-0.0341093
-0.0349158
-0.0355054
-0.0358458
-0.0359394
-0.03581
-0.0354913
-0.0350179
-0.0344293
-0.0337613
-0.0330327
-0.0322446
-0.031386
-0.0304446
-0.0294132
-0.0282792
-0.0270154
-0.0255878
-0.0239787
-0.0221988
-0.0202698
-0.0182091
-0.0160265
-0.0137242
-0.0113145
-0.00881322
-0.00622239
-0.00354672
-0.000781319
0.00208709
0.00504512
0.00807908
0.0111941
0.0143839
0.0176466
0.0209949
0.0244193
0.0278938
0.0314033
0.0349258
0.038426
0.0418847
0.0453038
0.0486883
0.0520484
0.0554009
0.0587489
0.0620748
0.065359
0.0685877
0.0717418
0.0747996
0.0777572
0.0806249
0.083401
0.086067
0.0886165
0.0910637
0.093417
0.0956602
0.0977749
0.0997631
0.101636
0.103387
0.105003
0.106485
0.107851
0.109114
0.110257
0.111258
0.112108
0.11282
0.11341
0.113897
0.114317
0.114716
0.115108
0.115449
0.11566
0.115687
0.11554
0.115268
0.114891
0.114375
0.113673
0.112776
0.111717
0.110518
0.10916
0.107608
0.105871
0.103828
0.101373
-0.0290575
-0.030348
-0.0312844
-0.0320236
-0.0328658
-0.0338555
-0.034901
-0.0358943
-0.0367381
-0.0373559
-0.0377221
-0.0378325
-0.0377152
-0.0374052
-0.0369382
-0.0363539
-0.0356823
-0.0349386
-0.0341265
-0.033242
-0.0322804
-0.0312331
-0.0300767
-0.0287799
-0.027318
-0.0256837
-0.0238848
-0.0219263
-0.0198131
-0.0175593
-0.0151842
-0.0127155
-0.0101719
-0.00754645
-0.0048331
-0.00202412
0.00089213
0.00390071
0.00698667
0.0101581
0.0134149
0.0167526
0.0201756
0.0236719
0.0272148
0.0307848
0.0343635
0.037927
0.0414587
0.0449565
0.048426
0.051875
0.0553088
0.0587233
0.0621057
0.0654418
0.0687174
0.0719126
0.0750073
0.0779957
0.0808842
0.0836721
0.0863484
0.0889138
0.0913879
0.0937842
0.0960901
0.0982841
0.10036
0.102322
0.104166
0.105881
0.107462
0.108922
0.110264
0.111473
0.11253
0.113428
0.114177
0.114797
0.115313
0.115762
0.116187
0.116598
0.116952
0.117175
0.117221
0.117098
0.116841
0.116456
0.115909
0.11516
0.114209
0.113092
0.111831
0.110409
0.108778
0.106943
0.104779
0.102171
-0.0301449
-0.0316562
-0.0327677
-0.0336404
-0.0345744
-0.0356319
-0.0367322
-0.0377654
-0.0386361
-0.0392863
-0.0396845
-0.0398288
-0.0397399
-0.0394495
-0.0389958
-0.0384147
-0.0377337
-0.0369725
-0.0361402
-0.0352363
-0.0342547
-0.0331802
-0.0319877
-0.0306554
-0.0291699
-0.0275203
-0.0256975
-0.0236929
-0.0215134
-0.0191905
-0.0167584
-0.014248
-0.0116707
-0.00900929
-0.00625378
-0.00339967
-0.000437067
0.00262326
0.00577075
0.00901685
0.0123631
0.0157961
0.0193052
0.0228764
0.0264872
0.030118
0.033756
0.0373901
0.0410069
0.0445967
0.0481616
0.0517076
0.0552319
0.0587235
0.0621715
0.0655655
0.0688908
0.0721278
0.075259
0.0782785
0.081191
0.0839982
0.0866949
0.0892854
0.0917914
0.0942312
0.0965996
0.0988767
0.101049
0.103115
0.105067
0.106894
0.108586
0.110146
0.111572
0.112853
0.11397
0.114921
0.115716
0.116374
0.116923
0.117401
0.117846
0.118267
0.118622
0.118848
0.118906
0.118799
0.118548
0.11815
0.117567
0.116769
0.115767
0.114599
0.113287
0.111802
0.110086
0.108146
0.105858
0.103102
-0.0314027
-0.0331171
-0.0343906
-0.0353926
-0.036418
-0.0375314
-0.0386715
-0.0397393
-0.0406422
-0.0413316
-0.0417717
-0.0419583
-0.0419021
-0.0416326
-0.0411884
-0.0406048
-0.0399137
-0.0391394
-0.0382915
-0.0373679
-0.0363586
-0.0352479
-0.0340191
-0.0326613
-0.0311595
-0.0294868
-0.0276195
-0.0255512
-0.0233045
-0.0209256
-0.0184515
-0.015905
-0.0132897
-0.010586
-0.00778666
-0.00489028
-0.0018823
0.0012379
0.00446472
0.00780609
0.0112576
0.0147923
0.0183847
0.0220227
0.025695
0.0293847
0.0330826
0.0367888
0.040493
0.0441782
0.0478415
0.0514878
0.055108
0.0586845
0.0622058
0.0656629
0.0690424
0.0723286
0.0755085
0.0785755
0.0815297
0.0843727
0.0871039
0.0897307
0.0922759
0.0947639
0.0972002
0.099569
0.10185
0.10403
0.106097
0.108037
0.109837
0.111494
0.113005
0.114363
0.115553
0.116572
0.117426
0.118135
0.118727
0.119242
0.119712
0.120141
0.120491
0.120709
0.120764
0.120658
0.120401
0.11998
0.119358
0.118511
0.11746
0.116244
0.114875
0.113309
0.11149
0.109436
0.107024
0.104128
-0.032822
-0.0347224
-0.0361466
-0.0372733
-0.0383897
-0.0395554
-0.04073
-0.0418359
-0.0427881
-0.0435231
-0.0440095
-0.0442356
-0.0442094
-0.0439588
-0.0435206
-0.0429349
-0.042239
-0.0414563
-0.0405938
-0.0396474
-0.0386068
-0.0374622
-0.0362058
-0.0348261
-0.0332952
-0.0315731
-0.0296378
-0.0274983
-0.0251916
-0.0227663
-0.0202503
-0.0176587
-0.0149964
-0.0122491
-0.00941062
-0.00647454
-0.00341539
-0.000220365
0.00310381
0.00655157
0.0101074
0.0137341
0.0173977
0.0210925
0.0248214
0.0285696
0.0323273
0.0361024
0.0398894
0.0436667
0.0474282
0.0511767
0.0548971
0.058565
0.0621671
0.0656959
0.0691414
0.0724948
0.0757488
0.0788926
0.0819159
0.0848155
0.0875955
0.0902694
0.0928632
0.0954082
0.0979204
0.100388
0.102783
0.105078
0.107252
0.10929
0.111181
0.112923
0.114515
0.115952
0.117225
0.118325
0.119253
0.120025
0.120673
0.121235
0.121741
0.122186
0.122534
0.122741
0.122788
0.122674
0.122402
0.121951
0.121285
0.120388
0.119285
0.118014
0.116566
0.114896
0.112962
0.110795
0.10827
0.105247
-0.0343851
-0.0364572
-0.0380207
-0.039261
-0.0404667
-0.0416946
-0.0429181
-0.0440741
-0.0450823
-0.0458675
-0.0463985
-0.0466616
-0.0466654
-0.0464338
-0.0460039
-0.0454222
-0.0447275
-0.0439402
-0.0430653
-0.0420981
-0.041031
-0.0398599
-0.0385767
-0.0371599
-0.0355708
-0.0337718
-0.0317564
-0.0295483
-0.0271866
-0.0247109
-0.0221414
-0.0194945
-0.0167838
-0.0139994
-0.0111263
-0.00814513
-0.00501991
-0.00173308
0.00169886
0.00525136
0.00889989
0.0126059
0.0163341
0.0200862
0.0238755
0.0276866
0.0315066
0.0353495
0.0392157
0.0430829
0.0469427
0.0507945
0.0546161
0.0583781
0.062068
0.0656816
0.069213
0.0726599
0.0760183
0.0792692
0.0823868
0.0853602
0.0881999
0.0909297
0.0935827
0.0961961
0.0987928
0.101362
0.103866
0.106263
0.108526
0.110641
0.112604
0.114417
0.116082
0.117597
0.118953
0.120138
0.121146
0.12199
0.122701
0.123318
0.123866
0.124335
0.124688
0.124892
0.124934
0.124814
0.124526
0.124042
0.12333
0.122381
0.121223
0.119882
0.118341
0.116562
0.11452
0.112255
0.10964
0.106512
-0.0360619
-0.0382957
-0.0399892
-0.041334
-0.0426351
-0.043946
-0.045238
-0.0464537
-0.0475138
-0.0483524
-0.0489302
-0.0492341
-0.0492696
-0.0490583
-0.048642
-0.0480708
-0.0473828
-0.0465967
-0.0457166
-0.0447364
-0.0436496
-0.0424519
-0.0411287
-0.0396492
-0.0379773
-0.0360901
-0.0339971
-0.0317255
-0.0293053
-0.0267678
-0.0241351
-0.0214327
-0.0186807
-0.0158636
-0.0129494
-0.00990504
-0.00669341
-0.0033021
0.000239012
0.00388931
0.00762273
0.011408
0.0152112
0.0190363
0.0228998
0.0267835
0.030673
0.0345884
0.0385359
0.0424939
0.0464515
0.0504031
0.0543197
0.0581711
0.0619513
0.0656623
0.069301
0.0728667
0.076353
0.0797291
0.0829533
0.0860091
0.0889158
0.0917105
0.0944346
0.0971292
0.0998183
0.102488
0.10509
0.107574
0.109909
0.112089
0.114116
0.115998
0.117737
0.11933
0.120767
0.122032
0.123117
0.124033
0.124809
0.125483
0.126072
0.126566
0.126927
0.127131
0.127173
0.127049
0.126743
0.126225
0.125466
0.124466
0.123251
0.121836
0.120208
0.118341
0.116216
0.11388
0.111201
0.10799
-0.0378243
-0.0402156
-0.0420402
-0.0434957
-0.0449011
-0.0463097
-0.0476814
-0.0489599
-0.0500738
-0.0509691
-0.051599
-0.0519453
-0.0520099
-0.0518192
-0.0514214
-0.0508666
-0.050192
-0.0494164
-0.0485408
-0.0475554
-0.0464514
-0.0452202
-0.0438406
-0.0422828
-0.0405235
-0.0385559
-0.0363947
-0.0340602
-0.0315737
-0.028967
-0.026272
-0.0235208
-0.0207296
-0.017869
-0.01489
-0.0117551
-0.00843799
-0.00493672
-0.00128931
0.00245667
0.00628025
0.01016
0.0140618
0.0179838
0.0219392
0.0259077
0.0298772
0.0338744
0.0379086
0.0419567
0.0460061
0.0500465
0.0540449
0.0579752
0.0618431
0.065659
0.0694193
0.0731186
0.0767423
0.0802458
0.0835755
0.086715
0.089696
0.0925685
0.0953798
0.0981706
0.100961
0.10373
0.106423
0.108986
0.111393
0.113644
0.115749
0.117713
0.119536
0.121212
0.122729
0.124069
0.125225
0.12621
0.127054
0.127784
0.128415
0.128928
0.129293
0.129491
0.129525
0.129388
0.129055
0.128495
0.12769
0.126643
0.125376
0.123902
0.122215
0.12029
0.118109
0.115725
0.112996
0.109715
-0.0396779
-0.0422241
-0.0441859
-0.0457673
-0.0472838
-0.048789
-0.0502437
-0.0515892
-0.052766
-0.0537169
-0.054395
-0.0547752
-0.0548624
-0.0546924
-0.0543163
-0.0537835
-0.0531317
-0.0523768
-0.0515138
-0.0505287
-0.0494082
-0.0481385
-0.0466977
-0.0450651
-0.043232
-0.0411984
-0.0389747
-0.0365741
-0.0340169
-0.0313429
-0.0285919
-0.0257925
-0.0229475
-0.0200148
-0.0169387
-0.0136888
-0.010256
-0.00664603
-0.00289462
0.000953056
0.00488214
0.00887703
0.0128992
0.0169378
0.0210005
0.0250664
0.0291286
0.0332185
0.0373435
0.0414769
0.0456056
0.0497193
0.0537855
0.0577866
0.0617409
0.065665
0.0695512
0.0733855
0.0771426
0.0807663
0.0841968
0.0874242
0.0904939
0.0934654
0.0963855
0.0992897
0.102192
0.105065
0.107851
0.110499
0.11299
0.115335
0.117542
0.11961
0.121529
0.12329
0.124881
0.12629
0.127514
0.128568
0.12948
0.130271
0.130943
0.131475
0.131839
0.132023
0.132032
0.131863
0.131489
0.130883
0.130035
0.12895
0.127649
0.126143
0.124425
0.122462
0.120239
0.117813
0.115031
0.111687
-0.0416646
-0.0443587
-0.0464582
-0.048172
-0.0498045
-0.0514038
-0.052942
-0.0543599
-0.0555981
-0.056593
-0.0573019
-0.0577024
-0.0578075
-0.0576582
-0.0573059
-0.0568019
-0.0561827
-0.0554573
-0.0546136
-0.0536332
-0.0524985
-0.0511926
-0.0496983
-0.0480056
-0.0461138
-0.0440219
-0.0417346
-0.0392649
-0.0366395
-0.0339042
-0.0310976
-0.0282358
-0.0253084
-0.0222712
-0.0190749
-0.0157019
-0.0121567
-0.00844445
-0.00458954
-0.000630682
0.0034193
0.00754364
0.0116975
0.0158636
0.0200456
0.0242233
0.0283935
0.0325882
0.0368083
0.0410227
0.0452209
0.0493975
0.0535263
0.0575996
0.0616452
0.06568
0.0696891
0.0736504
0.0775316
0.0812697
0.0848041
0.0881338
0.0913165
0.0944148
0.0974687
0.100504
0.103528
0.106514
0.109405
0.112156
0.114755
0.117217
0.119546
0.121728
0.123743
0.125581
0.127236
0.128703
0.129987
0.131107
0.132087
0.132937
0.133651
0.134202
0.134564
0.134727
0.134702
0.13449
0.134073
0.133427
0.132548
0.131443
0.13013
0.128616
0.126878
0.12488
0.122614
0.12014
0.117303
0.113897
-0.0438341
-0.0466639
-0.0488919
-0.0507368
-0.0524895
-0.0541871
-0.0558053
-0.0572898
-0.0585709
-0.0595902
-0.0603118
-0.0607246
-0.0608468
-0.0607186
-0.0603942
-0.0599273
-0.0593494
-0.05866
-0.0578406
-0.0568687
-0.0557225
-0.0543854
-0.0528473
-0.051105
-0.0491593
-0.0470072
-0.0446534
-0.042117
-0.03943
-0.036635
-0.0337615
-0.0308133
-0.0277751
-0.0246138
-0.0212938
-0.0178064
-0.0141597
-0.0103508
-0.00639068
-0.00231283
0.00186695
0.00612616
0.0104154
0.0147159
0.0190303
0.023337
0.027633
0.0319458
0.0362685
0.0405677
0.0448383
0.0490821
0.0532811
0.0574373
0.0615829
0.0657297
0.0698546
0.0739319
0.0779291
0.0817832
0.0854354
0.0888917
0.0922156
0.0954669
0.0986755
0.101856
0.105013
0.108122
0.111134
0.11401
0.116741
0.119337
0.121793
0.124084
0.126183
0.128082
0.129786
0.131302
0.13264
0.133819
0.134858
0.135761
0.136511
0.137078
0.137434
0.137578
0.137522
0.137276
0.136828
0.13616
0.135268
0.134161
0.132851
0.131331
0.129568
0.127528
0.125213
0.122691
0.119803
0.116341
-0.0462113
-0.0491712
-0.0515182
-0.0534898
-0.0553645
-0.0571611
-0.0588482
-0.0603779
-0.0616811
-0.0627115
-0.0634408
-0.0638662
-0.0640061
-0.0639021
-0.0636133
-0.0631916
-0.0626595
-0.062008
-0.0612127
-0.0602468
-0.0590862
-0.0577183
-0.0561386
-0.0543464
-0.0523426
-0.0501264
-0.0477082
-0.0451123
-0.042368
-0.0395064
-0.0365473
-0.0334911
-0.0303281
-0.0270417
-0.0236087
-0.0200199
-0.0162778
-0.0123702
-0.00829959
-0.00409853
0.000212931
0.00460705
0.00903343
0.013476
0.0179368
0.0223897
0.026827
0.0312696
0.0357051
0.0401027
0.0444637
0.0487939
0.05308
0.0573312
0.0615821
0.0658379
0.0700698
0.0742546
0.0783661
0.0823452
0.0861353
0.0897442
0.0932333
0.0966545
0.100027
0.10336
0.106656
0.109899
0.113048
0.116065
0.118942
0.121679
0.12426
0.126648
0.128816
0.130765
0.132515
0.134082
0.135475
0.136712
0.137805
0.138754
0.139534
0.140111
0.140462
0.140591
0.140518
0.140257
0.139799
0.139126
0.138232
0.137124
0.135808
0.134264
0.132459
0.130369
0.128006
0.125444
0.122515
0.119005
-0.0487941
-0.0518871
-0.0543544
-0.0564441
-0.0584336
-0.0603187
-0.0620614
-0.0636182
-0.0649386
-0.0659829
-0.066727
-0.0671689
-0.0673291
-0.0672568
-0.0670124
-0.0666395
-0.0661507
-0.0655308
-0.0647503
-0.063779
-0.0625944
-0.0611892
-0.0595625
-0.0577136
-0.0556462
-0.0533666
-0.0508897
-0.0482385
-0.045432
-0.0424887
-0.0394259
-0.036251
-0.0329645
-0.0295626
-0.0260268
-0.02234
-0.0184963
-0.014479
-0.0102907
-0.00596597
-0.00152632
0.00299971
0.00756411
0.012154
0.0167686
0.021376
0.0259626
0.0305427
0.0351023
0.0396175
0.0440954
0.0485387
0.0529311
0.057286
0.0616411
0.0660001
0.0703341
0.0746272
0.0788619
0.0829824
0.0869316
0.0907138
0.0943821
0.0979781
0.101514
0.104997
0.108435
0.111819
0.115112
0.118275
0.121295
0.124167
0.126863
0.12934
0.131574
0.13358
0.135389
0.137021
0.138485
0.13979
0.140944
0.141942
0.142755
0.143349
0.143705
0.143835
0.143765
0.143508
0.143051
0.142373
0.141464
0.140335
0.138983
0.137388
0.135526
0.133384
0.130979
0.128385
0.125414
0.121859
-0.0515634
-0.0547913
-0.0573831
-0.0595809
-0.0616696
-0.0636326
-0.0654286
-0.0670187
-0.0683693
-0.0694409
-0.0702098
-0.0706739
-0.0708629
-0.0708326
-0.0706377
-0.0703106
-0.0698565
-0.0692553
-0.0684738
-0.0674825
-0.0662634
-0.0648134
-0.0631326
-0.0612208
-0.0590879
-0.0567472
-0.0542123
-0.0514976
-0.048612
-0.0455676
-0.0423882
-0.0390931
-0.0356897
-0.0321776
-0.0285358
-0.0247403
-0.0207796
-0.0166393
-0.0123279
-0.00788238
-0.00332128
0.00133069
0.00602958
0.0107634
0.0155266
0.0202832
0.0250185
0.029743
0.034442
0.0390984
0.0437214
0.048304
0.0528207
0.0572862
0.0617454
0.066207
0.0706494
0.075066
0.0794442
0.0837272
0.0878535
0.0918202
0.0956705
0.0994376
0.10313
0.106759
0.110338
0.113863
0.117296
0.120596
0.123745
0.126734
0.129531
0.132095
0.134408
0.13649
0.138379
0.140097
0.141647
0.143034
0.144262
0.145322
0.146187
0.146818
0.147205
0.147362
0.147316
0.147072
0.146612
0.145911
0.144963
0.14378
0.142363
0.140702
0.138781
0.136588
0.134141
0.131511
0.128487
0.124873
-0.0544871
-0.057846
-0.0605578
-0.0628596
-0.0650404
-0.0670848
-0.0689488
-0.0705971
-0.0719952
-0.0731058
-0.0739074
-0.0744046
-0.074636
-0.074656
-0.0745097
-0.0742215
-0.0737915
-0.0731956
-0.0723999
-0.0713791
-0.0701204
-0.0686212
-0.0668813
-0.0649031
-0.062703
-0.0602974
-0.0576925
-0.0548937
-0.0519065
-0.0487457
-0.0454449
-0.0420327
-0.0385155
-0.0348872
-0.031124
-0.0272004
-0.0231072
-0.018835
-0.0143985
-0.0098351
-0.00515825
-0.000387298
0.0044381
0.00930493
0.0142022
0.0190962
0.0239789
0.0288607
0.0337231
0.0385493
0.043344
0.0480865
0.0527416
0.0573271
0.0618973
0.0664719
0.0710409
0.0756052
0.0801509
0.084614
0.088926
0.0930778
0.0971058
0.101039
0.104886
0.10866
0.112382
0.116044
0.119607
0.123027
0.126286
0.129375
0.132266
0.134924
0.137334
0.139517
0.141509
0.143327
0.144973
0.14645
0.147759
0.148894
0.149828
0.150523
0.150968
0.151176
0.151166
0.150933
0.150453
0.149707
0.148697
0.147443
0.145955
0.14423
0.142254
0.140007
0.137511
0.134825
0.131736
0.12804
-0.0575303
-0.0610134
-0.0638417
-0.0662533
-0.068539
-0.0706822
-0.0726352
-0.0743618
-0.0758185
-0.0769758
-0.0778208
-0.0783677
-0.078655
-0.0787286
-0.0786278
-0.0783732
-0.0779603
-0.0773619
-0.0765468
-0.0754953
-0.0741961
-0.072645
-0.0708416
-0.0687918
-0.0665166
-0.0640313
-0.0613342
-0.0584271
-0.0553217
-0.0520403
-0.0486226
-0.0450978
-0.041464
-0.037707
-0.0338024
-0.0297317
-0.0254931
-0.0210822
-0.0165164
-0.0118314
-0.00703765
-0.00215158
0.00279178
0.00777959
0.0127982
0.0178218
0.0228567
0.0279146
0.0329681
0.0379908
0.0429752
0.0478868
0.0526871
0.0574019
0.0620967
0.0668021
0.0715191
0.0762525
0.080981
0.0856297
0.0901249
0.094456
0.0986579
0.102758
0.106767
0.110697
0.114568
0.118367
0.122052
0.12558
0.128941
0.132131
0.135128
0.137899
0.140429
0.142737
0.144851
0.146781
0.148528
0.150097
0.151492
0.152709
0.153722
0.154495
0.155009
0.155272
0.15529
0.155053
0.154538
0.153735
0.152658
0.151336
0.149788
0.148008
0.145972
0.14366
0.141095
0.138336
0.135171
0.131369
-0.0606761
-0.0642833
-0.0672353
-0.0697718
-0.0721845
-0.0744432
-0.0764977
-0.0783072
-0.0798308
-0.0810471
-0.0819531
-0.082566
-0.0829168
-0.0830454
-0.0829901
-0.0827685
-0.0823709
-0.0817691
-0.0809362
-0.0798563
-0.0785162
-0.0769089
-0.075036
-0.0729063
-0.0705416
-0.0679558
-0.065144
-0.0621123
-0.0588847
-0.0554893
-0.0519621
-0.0483245
-0.0445651
-0.0406636
-0.0365991
-0.0323637
-0.0279649
-0.0234025
-0.0186943
-0.0138746
-0.0089557
-0.0039556
0.00109714
0.00619538
0.0113281
0.0164816
0.0216767
0.0269249
0.0321855
0.0374163
0.0425929
0.0476706
0.0526159
0.0574688
0.062305
0.0671613
0.0720441
0.0769575
0.0818703
0.0866993
0.0913708
0.0958787
0.100261
0.104543
0.108733
0.112841
0.116875
0.120819
0.124628
0.128269
0.131744
0.135056
0.138186
0.141098
0.143773
0.146225
0.148474
0.150526
0.152382
0.15405
0.155539
0.156844
0.157938
0.158785
0.15936
0.15966
0.159686
0.159429
0.158872
0.158016
0.156883
0.155507
0.153906
0.152064
0.149952
0.147555
0.1449
0.142058
0.138797
0.134872
-0.0639393
-0.0676888
-0.070777
-0.0734524
-0.0760041
-0.078384
-0.0805408
-0.0824346
-0.0840373
-0.0853313
-0.0863151
-0.0870011
-0.0874157
-0.0876007
-0.0875933
-0.0874053
-0.0870226
-0.0864188
-0.0855712
-0.084464
-0.0830809
-0.0814137
-0.0794663
-0.0772482
-0.0747799
-0.0720769
-0.0691386
-0.0659801
-0.0626365
-0.0591357
-0.0555018
-0.0517433
-0.0478428
-0.0437804
-0.03954
-0.0351227
-0.0305446
-0.0258107
-0.020941
-0.0159709
-0.0109188
-0.005807
-0.00065453
0.00454465
0.00978878
0.0150767
0.0204383
0.0258792
0.0313439
0.0367753
0.0421347
0.0473722
0.0524654
0.0574703
0.0624688
0.0674967
0.072559
0.0776553
0.0827474
0.087751
0.0926001
0.0972971
0.101882
0.106377
0.11078
0.115091
0.11931
0.123415
0.127363
0.131137
0.134751
0.138215
0.141508
0.144583
0.147416
0.150016
0.152404
0.154582
0.156552
0.158327
0.159916
0.161312
0.162485
0.163395
0.164012
0.164329
0.164349
0.164069
0.16348
0.162586
0.161412
0.159991
0.15833
0.156409
0.154201
0.1517
0.148942
0.146005
0.142624
0.138555
-0.0673613
-0.0712845
-0.0745204
-0.0773376
-0.0800259
-0.0825274
-0.0847871
-0.0867757
-0.0884726
-0.0898579
-0.0909237
-0.0916782
-0.0921529
-0.0923936
-0.0924327
-0.092275
-0.0919047
-0.0912994
-0.0904382
-0.0893038
-0.0878771
-0.0861494
-0.0841252
-0.0818121
-0.07923
-0.0764013
-0.0733356
-0.0700563
-0.0666035
-0.0629997
-0.0592537
-0.0553617
-0.0513048
-0.0470679
-0.0426399
-0.0380268
-0.0332506
-0.0283257
-0.0232793
-0.0181495
-0.0129616
-0.00774088
-0.002494
0.00280271
0.00816092
0.0135906
0.0191228
0.0247501
0.0304042
0.0360208
0.0415545
0.0469551
0.0522117
0.0573921
0.0625775
0.067797
0.0730497
0.0783307
0.0836001
0.0887817
0.0938245
0.0987401
0.103565
0.108311
0.112959
0.1175
0.121926
0.126211
0.130321
0.134254
0.138033
0.141673
0.145143
0.148387
0.151375
0.154117
0.156635
0.158933
0.161015
0.162893
0.164579
0.16606
0.167303
0.168261
0.168905
0.169232
0.16925
0.168961
0.168359
0.167444
0.166239
0.16477
0.163038
0.161025
0.158714
0.156102
0.153238
0.150185
0.14666
0.142415
-0.0709895
-0.0751146
-0.0785101
-0.0814669
-0.0842891
-0.0869171
-0.0892914
-0.0913901
-0.0931889
-0.0946637
-0.0958017
-0.0966155
-0.0971451
-0.0974358
-0.0975133
-0.0973783
-0.097017
-0.0964095
-0.0955348
-0.0943738
-0.0929052
-0.0911175
-0.0890128
-0.0865968
-0.083892
-0.0809328
-0.0777408
-0.0743439
-0.0707806
-0.0670665
-0.0631985
-0.0591632
-0.0549415
-0.0505238
-0.0459026
-0.0410856
-0.0360999
-0.0309724
-0.0257424
-0.0204518
-0.0151278
-0.00979438
-0.00444491
0.000959706
0.006443
0.0120237
0.0177284
0.0235343
0.0293645
0.0351565
0.0408668
0.0464473
0.0518946
0.0572786
0.0626727
0.0680965
0.0735454
0.079013
0.0844638
0.089836
0.0950965
0.100264
0.105364
0.11039
0.115308
0.120096
0.124744
0.129228
0.133526
0.137645
0.141613
0.14544
0.149087
0.152493
0.155627
0.158502
0.161144
0.163559
0.165747
0.167722
0.169494
0.171049
0.172348
0.173343
0.174011
0.174354
0.174384
0.174104
0.173502
0.172571
0.171332
0.169808
0.168
0.165896
0.163483
0.160761
0.157778
0.154583
0.150897
0.146439
-0.0748629
-0.0792102
-0.0827794
-0.0858835
-0.0888476
-0.0916128
-0.0941164
-0.096331
-0.0982256
-0.0997753
-0.100972
-0.101837
-0.102414
-0.102743
-0.102847
-0.102726
-0.10237
-0.101759
-0.100869
-0.0996812
-0.0981697
-0.0963171
-0.094122
-0.0915919
-0.0887563
-0.0856628
-0.0823435
-0.0788261
-0.0751441
-0.0713084
-0.0673098
-0.0631283
-0.0587423
-0.0541438
-0.0493283
-0.0443055
-0.0391071
-0.0337738
-0.0283586
-0.0229053
-0.0174389
-0.0119765
-0.00649981
-0.000962513
0.00466371
0.0104035
0.0162796
0.0222576
0.0282592
0.0342297
0.0401301
0.0459143
0.0515797
0.057189
0.0628021
0.0684312
0.0740739
0.0797287
0.0853684
0.090947
0.096446
0.101886
0.107278
0.112595
0.117788
0.12283
0.127711
0.132413
0.136923
0.141252
0.145427
0.149446
0.153265
0.156827
0.160104
0.163115
0.165888
0.168426
0.170728
0.172804
0.174663
0.17629
0.177643
0.178676
0.179373
0.179743
0.179797
0.179531
0.178925
0.177972
0.17669
0.175104
0.17322
0.171028
0.168509
0.165664
0.162535
0.15918
0.155309
0.15062
-0.0790136
-0.0836021
-0.0873604
-0.0906304
-0.0937515
-0.0966618
-0.0992977
-0.10162
-0.103598
-0.10521
-0.106459
-0.107369
-0.107982
-0.108334
-0.108452
-0.10834
-0.107984
-0.107364
-0.106454
-0.105231
-0.103667
-0.101736
-0.0994351
-0.0967801
-0.0938098
-0.0905813
-0.0871327
-0.0834898
-0.0796807
-0.075714
-0.0715793
-0.0672516
-0.0627035
-0.057925
-0.0529147
-0.047687
-0.0422787
-0.0367411
-0.0311368
-0.0255103
-0.0198833
-0.0142647
-0.00862805
-0.00292868
0.00285842
0.00876162
0.0148049
0.0209519
0.0271305
0.0332945
0.0394059
0.0454159
0.0513178
0.0571623
0.0629946
0.068824
0.0746569
0.0805023
0.0863427
0.0921437
0.0978947
0.103611
0.10929
0.114888
0.120347
0.125644
0.130768
0.135705
0.140445
0.145001
0.149392
0.153606
0.157596
0.161312
0.164739
0.167899
0.170818
0.173497
0.175929
0.178124
0.180089
0.181804
0.183226
0.184311
0.18505
0.185456
0.185535
0.185276
0.184656
0.183671
0.182339
0.180689
0.178727
0.176435
0.173791
0.170796
0.167497
0.163973
0.159897
0.154972
-0.0834685
-0.0883139
-0.0922773
-0.0957292
-0.0990179
-0.102075
-0.104836
-0.107259
-0.109316
-0.110992
-0.112292
-0.11324
-0.113876
-0.114243
-0.11437
-0.114259
-0.113895
-0.113253
-0.11231
-0.111038
-0.109401
-0.107372
-0.104952
-0.102167
-0.099063
-0.0957002
-0.0921176
-0.0883404
-0.0843941
-0.0802867
-0.0760073
-0.071527
-0.0668132
-0.0618522
-0.0566463
-0.0512169
-0.0456054
-0.0398677
-0.0340678
-0.0282493
-0.0224347
-0.0166301
-0.0108053
-0.00492219
0.00103827
0.00710831
0.0133181
0.0196391
0.0260113
0.0323935
0.0387402
0.0449943
0.0511429
0.0572257
0.0632769
0.0693084
0.0753389
0.0813878
0.0874449
0.0934818
0.0994889
0.105473
0.111418
0.117273
0.122984
0.128531
0.133906
0.13909
0.144071
0.148859
0.153468
0.15788
0.162047
0.165929
0.16952
0.172847
0.175929
0.178764
0.181346
0.183683
0.185777
0.187604
0.189116
0.190271
0.191065
0.191511
0.19161
0.19135
0.19071
0.189689
0.188307
0.186589
0.184535
0.182119
0.179326
0.176161
0.17269
0.168991
0.164709
0.159537
-0.0882385
-0.0933505
-0.0975304
-0.10117
-0.104629
-0.107836
-0.11072
-0.113249
-0.115397
-0.117146
-0.118498
-0.119477
-0.12013
-0.120507
-0.120638
-0.120521
-0.120135
-0.119457
-0.118462
-0.117118
-0.11539
-0.113248
-0.110701
-0.107785
-0.104548
-0.101048
-0.0973193
-0.0933911
-0.0892911
-0.0850272
-0.080587
-0.0759397
-0.071051
-0.0659058
-0.0605084
-0.0548854
-0.0490804
-0.0431478
-0.0371452
-0.0311136
-0.0250832
-0.0190665
-0.0130356
-0.00695771
-0.000814815
0.00543226
0.0118214
0.018335
0.0249263
0.031554
0.038158
0.0446693
0.0510696
0.0573923
0.0636674
0.0699136
0.0761606
0.0824329
0.0887206
0.0949967
0.10125
0.107481
0.113667
0.119755
0.125703
0.131498
0.137129
0.142567
0.147792
0.152813
0.157643
0.162261
0.166623
0.170695
0.174477
0.177994
0.181261
0.184274
0.187029
0.189532
0.191777
0.193734
0.19535
0.196587
0.197441
0.197926
0.198043
0.197781
0.197124
0.196066
0.194626
0.192824
0.190653
0.188094
0.185139
0.181807
0.178174
0.174298
0.169815
0.164371
-0.0933144
-0.0987004
-0.103102
-0.10693
-0.110565
-0.113931
-0.116955
-0.119608
-0.121859
-0.123686
-0.125087
-0.126094
-0.126765
-0.127153
-0.127284
-0.12715
-0.126728
-0.125996
-0.124928
-0.123492
-0.121654
-0.11939
-0.116716
-0.113669
-0.110298
-0.106649
-0.102758
-0.098658
-0.0943832
-0.0899434
-0.085324
-0.0804939
-0.0754227
-0.0700965
-0.0645182
-0.0587119
-0.0527194
-0.0465912
-0.0403758
-0.0341116
-0.0278416
-0.0215924
-0.0153439
-0.00906516
-0.00272936
0.00371447
0.0103092
0.0170434
0.0238786
0.0307692
0.0376394
0.0444103
0.051062
0.0576264
0.0641349
0.0706144
0.077101
0.0836151
0.0901406
0.0966486
0.10313
0.109585
0.115993
0.122305
0.128488
0.134534
0.140424
0.146121
0.151595
0.156857
0.161919
0.166763
0.171347
0.175639
0.179643
0.183381
0.186864
0.190088
0.193045
0.195739
0.198156
0.200256
0.201987
0.20331
0.204225
0.204751
0.204892
0.204636
0.203961
0.202858
0.201343
0.199432
0.197125
0.194415
0.191306
0.18782
0.184027
0.179968
0.175268
0.169527
-0.0986831
-0.104355
-0.108986
-0.113013
-0.11684
-0.120383
-0.123569
-0.12636
-0.12872
-0.130622
-0.132072
-0.133112
-0.133809
-0.134211
-0.134337
-0.134175
-0.133702
-0.132898
-0.131738
-0.130191
-0.128229
-0.125838
-0.123034
-0.119853
-0.116337
-0.112528
-0.108459
-0.10417
-0.0997018
-0.0950685
-0.0902542
-0.0852291
-0.0799698
-0.0744663
-0.0687153
-0.0627296
-0.056544
-0.0502074
-0.043764
-0.0372531
-0.0307307
-0.0242382
-0.017765
-0.011279
-0.00473763
0.00192554
0.00875419
0.0157342
0.0228271
0.0299811
0.0371101
0.0441339
0.0510368
0.0578512
0.0646109
0.0713486
0.0780996
0.0848734
0.091643
0.0983789
0.105079
0.111751
0.118381
0.124928
0.131361
0.13767
0.143826
0.149783
0.155515
0.161031
0.166347
0.171443
0.176275
0.180814
0.185065
0.189049
0.192777
0.196238
0.199424
0.202328
0.20493
0.207184
0.209035
0.210452
0.21144
0.212021
0.2122
0.211956
0.21126
0.210099
0.208491
0.20646
0.204019
0.201173
0.197923
0.194289
0.19032
0.186068
0.181117
0.175062
-0.104354
-0.11033
-0.115213
-0.119461
-0.1235
-0.127238
-0.130597
-0.133529
-0.135994
-0.137973
-0.139481
-0.14057
-0.141302
-0.14172
-0.141836
-0.141637
-0.141099
-0.140203
-0.138929
-0.137252
-0.135154
-0.132627
-0.129688
-0.126364
-0.122692
-0.118711
-0.114456
-0.109966
-0.105289
-0.100446
-0.0954233
-0.0901926
-0.0847372
-0.0790515
-0.0731246
-0.0669525
-0.0605597
-0.0539969
-0.0473126
-0.0405523
-0.0337814
-0.0270478
-0.0203465
-0.0136435
-0.00687996
2.34687e-05
0.00710747
0.0143495
0.0217047
0.0291139
0.0364898
0.0437627
0.0509268
0.0580143
0.0650562
0.0720845
0.0791268
0.0861787
0.0932046
0.100178
0.107108
0.114013
0.120886
0.12769
0.134395
0.140978
0.147403
0.153625
0.159621
0.165409
0.171001
0.176371
0.181473
0.186277
0.190793
0.195041
0.199028
0.20274
0.20616
0.209278
0.212067
0.214479
0.216462
0.217989
0.219071
0.21973
0.219962
0.219736
0.219016
0.217794
0.216097
0.213963
0.211414
0.208451
0.205068
0.201274
0.197112
0.192647
0.18742
0.181029
-0.110374
-0.116682
-0.121847
-0.126341
-0.130605
-0.134543
-0.138069
-0.141136
-0.143708
-0.145774
-0.147358
-0.148509
-0.149281
-0.149711
-0.149809
-0.149559
-0.148937
-0.147926
-0.146517
-0.144696
-0.142449
-0.139778
-0.136695
-0.133219
-0.129381
-0.12522
-0.12077
-0.116071
-0.111172
-0.106103
-0.100859
-0.095413
-0.089751
-0.0838695
-0.0777525
-0.0713808
-0.0647687
-0.05797
-0.0510422
-0.0440412
-0.0370356
-0.0300683
-0.023133
-0.0161939
-0.00918328
-0.00201801
0.00533545
0.0128467
0.0204643
0.0281231
0.0357419
0.0432704
0.050716
0.0581077
0.065467
0.0728165
0.0801717
0.0875158
0.0948122
0.102045
0.109233
0.116403
0.123547
0.13063
0.137618
0.144483
0.151181
0.157671
0.163942
0.170017
0.175903
0.181564
0.186951
0.192039
0.196837
0.201365
0.205622
0.209587
0.213239
0.216567
0.219545
0.222126
0.224258
0.22592
0.227122
0.227881
0.228179
0.227976
0.227239
0.225973
0.224216
0.222013
0.21938
0.216308
0.212785
0.208812
0.204447
0.19974
0.194227
0.187465
-0.11682
-0.123494
-0.128964
-0.133716
-0.138206
-0.142337
-0.146023
-0.149224
-0.151913
-0.154083
-0.155753
-0.156966
-0.157771
-0.158203
-0.158269
-0.157948
-0.157218
-0.156071
-0.15451
-0.152531
-0.150127
-0.147299
-0.144059
-0.140421
-0.136408
-0.132058
-0.127405
-0.122487
-0.117356
-0.112051
-0.106575
-0.100906
-0.095027
-0.0889324
-0.0826041
-0.0760162
-0.0691776
-0.0621432
-0.054977
-0.0477439
-0.0405107
-0.0333084
-0.026124
-0.0189215
-0.0116341
-0.00418725
0.00344095
0.0112173
0.019091
0.0269965
0.0348629
0.0426607
0.0504087
0.0581286
0.0658281
0.0735169
0.0811965
0.088843
0.0964268
0.103947
0.111432
0.118904
0.126349
0.133728
0.141008
0.148158
0.155136
0.161906
0.168467
0.174843
0.181034
0.186996
0.19268
0.198068
0.203169
0.207993
0.212528
0.216749
0.220636
0.22418
0.227363
0.230134
0.232444
0.234268
0.235614
0.236487
0.236861
0.236696
0.235969
0.234694
0.232915
0.230668
0.227957
0.224768
0.22109
0.216927
0.212346
0.207377
0.201552
0.194388
-0.123764
-0.130834
-0.136624
-0.141636
-0.146349
-0.150669
-0.154515
-0.157861
-0.160679
-0.162958
-0.164708
-0.16597
-0.166794
-0.167212
-0.167225
-0.166813
-0.165957
-0.164657
-0.162931
-0.160783
-0.158206
-0.155202
-0.151785
-0.147968
-0.143768
-0.139216
-0.134349
-0.129208
-0.123842
-0.118295
-0.11258
-0.10668
-0.100569
-0.0942389
-0.0876727
-0.0808478
-0.0737749
-0.066507
-0.0591072
-0.0516424
-0.0441744
-0.0367221
-0.0292678
-0.0217774
-0.0141918
-0.00645368
0.00144478
0.0094734
0.0175918
0.0257426
0.033868
0.0419542
0.0500224
0.0580826
0.0661301
0.0741643
0.0821772
0.0901418
0.0980389
0.105881
0.113701
0.121509
0.12928
0.136971
0.144551
0.151993
0.159262
0.166327
0.173194
0.179883
0.186385
0.192654
0.198645
0.204345
0.209761
0.21489
0.219707
0.224186
0.228318
0.232101
0.235515
0.238507
0.241022
0.243031
0.244538
0.245541
0.246012
0.245916
0.245238
0.243993
0.242217
0.239933
0.23714
0.233827
0.229987
0.225633
0.220814
0.21557
0.209388
0.201799
-0.131251
-0.138744
-0.144864
-0.15014
-0.15508
-0.159595
-0.163614
-0.167111
-0.170057
-0.172431
-0.174242
-0.175534
-0.176362
-0.176749
-0.176692
-0.176172
-0.175176
-0.173714
-0.17181
-0.169473
-0.1667
-0.163494
-0.159873
-0.155855
-0.15145
-0.146682
-0.141591
-0.136224
-0.130625
-0.124835
-0.118871
-0.112719
-0.106352
-0.0997602
-0.0929285
-0.0858454
-0.0785292
-0.0710279
-0.0633947
-0.0556904
-0.0479692
-0.0402441
-0.0324992
-0.0247056
-0.016814
-0.00878521
-0.000622682
0.00765076
0.01601
0.0244116
0.0328127
0.0412077
0.04961
0.0580138
0.0664064
0.0747857
0.0831405
0.0914447
0.0996859
0.107883
0.116062
0.124223
0.13233
0.140339
0.148226
0.155969
0.16354
0.170914
0.178096
0.185105
0.191927
0.198514
0.204829
0.210856
0.216598
0.222036
0.227139
0.231889
0.236287
0.240337
0.244014
0.247255
0.249997
0.252211
0.253898
0.255053
0.255652
0.255663
0.255069
0.253877
0.252111
0.249789
0.246915
0.243482
0.239483
0.23493
0.229849
0.224304
0.217734
0.209686
-0.139308
-0.147248
-0.153719
-0.159271
-0.16445
-0.169171
-0.173367
-0.177008
-0.180062
-0.182508
-0.18436
-0.185668
-0.186482
-0.18682
-0.186675
-0.186031
-0.184884
-0.183248
-0.18115
-0.178603
-0.175608
-0.172173
-0.168321
-0.164076
-0.159447
-0.15445
-0.149127
-0.143528
-0.137694
-0.131656
-0.125425
-0.118992
-0.11234
-0.10546
-0.0983433
-0.0909884
-0.0834208
-0.0756807
-0.0678063
-0.0598459
-0.0518456
-0.0438204
-0.0357652
-0.0276588
-0.0194606
-0.0111443
-0.00271726
0.00580788
0.0144186
0.0230834
0.0317729
0.0404857
0.0492221
0.0579614
0.0666889
0.0754078
0.0841098
0.0927701
0.101378
0.109948
0.118493
0.127003
0.13544
0.143768
0.151969
0.160026
0.167911
0.175602
0.183107
0.190443
0.197598
0.204527
0.211191
0.217572
0.223658
0.229422
0.234833
0.239884
0.244586
0.248941
0.25291
0.256424
0.259414
0.261854
0.263744
0.265081
0.265841
0.265986
0.26549
0.264354
0.262598
0.260243
0.257297
0.253749
0.249588
0.244808
0.239447
0.23356
0.226587
0.218041
-0.147959
-0.156376
-0.163221
-0.16907
-0.174498
-0.179428
-0.183792
-0.187559
-0.190701
-0.193202
-0.195082
-0.19639
-0.19717
-0.197436
-0.197183
-0.196401
-0.195088
-0.193265
-0.190954
-0.188175
-0.184935
-0.181247
-0.17714
-0.172642
-0.167767
-0.162527
-0.156961
-0.15112
-0.145041
-0.13874
-0.13222
-0.125479
-0.118513
-0.111327
-0.103917
-0.0962838
-0.0884537
-0.0804575
-0.0723195
-0.0640765
-0.0557676
-0.0474166
-0.0390345
-0.0306094
-0.0221063
-0.0135046
-0.00480682
0.00398595
0.0128667
0.0218071
0.0307864
0.0398069
0.0488603
0.0579185
0.0669712
0.0760281
0.0850818
0.0941071
0.103091
0.112037
0.120945
0.129796
0.138559
0.147211
0.155742
0.164131
0.172345
0.180366
0.188205
0.195885
0.203394
0.210689
0.217729
0.224486
0.230939
0.237056
0.242811
0.248208
0.253259
0.257956
0.262248
0.266058
0.269321
0.272013
0.274134
0.27568
0.276619
0.276905
0.276508
0.275429
0.273692
0.271318
0.268307
0.264635
0.260289
0.255254
0.249595
0.243345
0.235943
0.226871
-0.157228
-0.166153
-0.173395
-0.179553
-0.185236
-0.190372
-0.194893
-0.198777
-0.201999
-0.204549
-0.206446
-0.207733
-0.208451
-0.20862
-0.20824
-0.207303
-0.205813
-0.203787
-0.20125
-0.19822
-0.194714
-0.190751
-0.186362
-0.181584
-0.176438
-0.170937
-0.165115
-0.159018
-0.152673
-0.146087
-0.139256
-0.132184
-0.124886
-0.11738
-0.109668
-0.101748
-0.0936371
-0.0853556
-0.0769207
-0.068365
-0.0597252
-0.0510345
-0.0423185
-0.0335718
-0.0247626
-0.0158708
-0.00688976
0.00219011
0.01136
0.0205866
0.0298521
0.0391636
0.0485131
0.0578774
0.0672554
0.0766588
0.0860729
0.0954659
0.104821
0.114134
0.123397
0.132588
0.141686
0.150681
0.159561
0.168298
0.176857
0.185224
0.193418
0.201467
0.209358
0.217044
0.224479
0.23163
0.238471
0.244973
0.251115
0.256902
0.262341
0.26741
0.27205
0.276183
0.279746
0.282717
0.285093
0.286864
0.287988
0.288415
0.288121
0.287112
0.285412
0.283029
0.279942
0.276128
0.271572
0.266276
0.260296
0.253686
0.245819
0.236187
-0.167132
-0.17659
-0.184246
-0.190721
-0.196664
-0.202006
-0.206689
-0.210694
-0.213999
-0.216592
-0.218486
-0.219723
-0.220352
-0.220402
-0.219878
-0.218774
-0.217092
-0.214852
-0.212075
-0.208777
-0.204982
-0.200719
-0.196024
-0.190939
-0.185499
-0.179718
-0.173623
-0.167248
-0.16061
-0.153709
-0.146544
-0.139125
-0.131481
-0.123645
-0.115619
-0.107396
-0.0989824
-0.0903853
-0.0816223
-0.0727298
-0.063748
-0.0547166
-0.0456663
-0.0365912
-0.0274618
-0.0182595
-0.0089713
0.000416999
0.00989032
0.0194089
0.0289577
0.03855
0.0481849
0.0578523
0.0675626
0.0773223
0.0871009
0.0968553
0.106566
0.116229
0.125837
0.135373
0.144823
0.154179
0.163426
0.172524
0.18144
0.190172
0.19875
0.207201
0.215505
0.223607
0.231459
0.239027
0.246288
0.253217
0.259791
0.266009
0.271868
0.277338
0.282356
0.28684
0.290731
0.294003
0.296651
0.298652
0.299963
0.300541
0.300368
0.299451
0.297797
0.295394
0.292214
0.28824
0.283465
0.277908
0.271599
0.264609
0.256248
0.246
-0.177685
-0.187697
-0.195782
-0.202585
-0.208799
-0.214364
-0.219223
-0.223359
-0.226747
-0.229365
-0.231228
-0.232389
-0.232907
-0.232819
-0.232133
-0.230845
-0.228954
-0.22648
-0.223445
-0.219862
-0.215757
-0.211172
-0.206151
-0.200743
-0.194987
-0.188904
-0.182512
-0.175831
-0.168867
-0.16162
-0.154097
-0.14632
-0.138328
-0.130152
-0.121796
-0.113251
-0.10451
-0.0955732
-0.0864612
-0.077217
-0.0678873
-0.0585157
-0.0491271
-0.0397082
-0.0302318
-0.0206864
-0.0110614
-0.0013476
0.00843167
0.0182373
0.0280651
0.0379377
0.0478624
0.057841
0.0678907
0.078008
0.0881444
0.0982476
0.108299
0.118302
0.128255
0.138148
0.147969
0.157707
0.167334
0.176806
0.186098
0.195221
0.204215
0.213099
0.221839
0.230378
0.23867
0.246689
0.254415
0.261819
0.268868
0.275554
0.281867
0.28777
0.293195
0.298062
0.302305
0.305898
0.308828
0.311072
0.312588
0.31334
0.313312
0.312497
0.310881
0.308441
0.305155
0.301017
0.296029
0.290198
0.283554
0.276142
0.267257
0.256334
-0.188912
-0.199506
-0.20804
-0.215191
-0.221699
-0.227507
-0.232555
-0.236825
-0.240283
-0.242907
-0.244718
-0.245785
-0.246176
-0.245928
-0.245055
-0.243552
-0.241422
-0.238687
-0.235371
-0.231483
-0.227052
-0.222129
-0.216769
-0.211024
-0.204932
-0.198516
-0.191792
-0.184771
-0.177451
-0.169831
-0.161934
-0.153793
-0.14545
-0.136928
-0.128223
-0.119326
-0.110231
-0.100938
-0.0914686
-0.0818681
-0.0721877
-0.0624716
-0.0527336
-0.0429502
-0.0330995
-0.0231814
-0.013196
-0.00314669
0.00693532
0.0170211
0.0271275
0.0372914
0.0475251
0.0578338
0.0682313
0.0787007
0.0891811
0.0996215
0.110012
0.120362
0.130675
0.140944
0.151154
0.161287
0.171309
0.181177
0.190875
0.200427
0.209868
0.219205
0.228394
0.237381
0.246136
0.254641
0.262874
0.270792
0.278352
0.285536
0.292332
0.298699
0.304563
0.309838
0.314456
0.31839
0.321625
0.324138
0.325892
0.32685
0.326982
0.326267
0.32468
0.322199
0.318814
0.314519
0.309318
0.303193
0.296191
0.288331
0.278874
0.267226
-0.200861
-0.212072
-0.221088
-0.228611
-0.235435
-0.241501
-0.246744
-0.25114
-0.254657
-0.257275
-0.259027
-0.25999
-0.260235
-0.259799
-0.2587
-0.256943
-0.254536
-0.251506
-0.24788
-0.243668
-0.238895
-0.233618
-0.227901
-0.221799
-0.215346
-0.208561
-0.201465
-0.194068
-0.186364
-0.178357
-0.170072
-0.161554
-0.152847
-0.143962
-0.134886
-0.125611
-0.11614
-0.10648
-0.0966553
-0.0867045
-0.076674
-0.0666041
-0.0564978
-0.0463267
-0.0360789
-0.0257694
-0.0154104
-0.0050185
0.00537077
0.0157438
0.0261422
0.036617
0.0471825
0.0578391
0.0685888
0.0793995
0.0902078
0.100976
0.111708
0.122418
0.133109
0.143769
0.154378
0.164916
0.175348
0.185638
0.19578
0.205797
0.215711
0.225514
0.235162
0.244617
0.253866
0.262897
0.271674
0.280136
0.288231
0.295941
0.303251
0.310113
0.316444
0.322152
0.327173
0.33148
0.33506
0.337885
0.339914
0.341099
0.3414
0.340787
0.339236
0.336732
0.333261
0.328811
0.323379
0.316946
0.309549
0.30123
0.291159
0.278722
-0.213602
-0.225473
-0.235003
-0.242921
-0.250072
-0.256401
-0.261839
-0.266358
-0.269929
-0.272544
-0.274237
-0.275084
-0.275155
-0.274492
-0.273122
-0.271066
-0.268341
-0.264978
-0.261008
-0.256444
-0.251308
-0.245657
-0.239559
-0.23307
-0.226223
-0.219033
-0.211525
-0.203715
-0.195602
-0.187189
-0.1785
-0.169586
-0.160486
-0.151211
-0.141742
-0.132073
-0.122214
-0.112184
-0.102009
-0.0917131
-0.0813302
-0.0708914
-0.0603933
-0.0498118
-0.0391525
-0.0284455
-0.0177124
-0.00697576
0.00373206
0.0144138
0.0251287
0.0359345
0.046844
0.0578519
0.068948
0.0800886
0.0912153
0.102309
0.113389
0.124469
0.135546
0.146601
0.157614
0.168568
0.179431
0.190173
0.200789
0.211293
0.22169
0.231966
0.24209
0.252045
0.261832
0.27143
0.280783
0.289816
0.298475
0.306743
0.314603
0.321994
0.328823
0.334999
0.340464
0.345195
0.349171
0.352354
0.354691
0.356123
0.356608
0.356119
0.354634
0.352131
0.348577
0.343963
0.338276
0.331524
0.323717
0.314905
0.304193
0.290898
-0.227217
-0.239791
-0.249866
-0.258193
-0.265677
-0.272269
-0.277901
-0.282546
-0.28618
-0.288795
-0.290422
-0.291129
-0.290992
-0.290058
-0.288368
-0.285962
-0.282871
-0.27913
-0.274775
-0.269824
-0.264299
-0.258247
-0.251736
-0.244823
-0.237542
-0.229909
-0.221952
-0.213696
-0.205144
-0.1963
-0.187183
-0.177843
-0.168319
-0.158622
-0.148739
-0.138667
-0.128418
-0.118016
-0.107486
-0.0968399
-0.0860966
-0.0752754
-0.0643697
-0.0533687
-0.0422983
-0.0312022
-0.0201056
-0.00902819
0.00200911
0.0130245
0.0240832
0.0352377
0.0464949
0.0578475
0.0692802
0.0807459
0.092195
0.103625
0.115062
0.126515
0.137976
0.149427
0.160853
0.172242
0.183564
0.194783
0.205889
0.216884
0.227763
0.238521
0.249146
0.259641
0.270006
0.280202
0.290154
0.299782
0.309037
0.317903
0.326351
0.334307
0.341673
0.348366
0.354332
0.359546
0.363974
0.36756
0.37024
0.371954
0.372665
0.372346
0.370964
0.368473
0.364837
0.360051
0.354111
0.34702
0.338802
0.329463
0.318063
0.30385
-0.241792
-0.255113
-0.265758
-0.274507
-0.282328
-0.289186
-0.295016
-0.299796
-0.303498
-0.306109
-0.30765
-0.308187
-0.307801
-0.30655
-0.304487
-0.301674
-0.298162
-0.293994
-0.289209
-0.283828
-0.277874
-0.271384
-0.264417
-0.257034
-0.249272
-0.241155
-0.232715
-0.223982
-0.214961
-0.205653
-0.196075
-0.186274
-0.176293
-0.166144
-0.155826
-0.145341
-0.134701
-0.123925
-0.11303
-0.10202
-0.0909066
-0.0796998
-0.0683899
-0.0569798
-0.045513
-0.0340412
-0.0225898
-0.011172
0.000205563
0.0115737
0.0229952
0.0345093
0.0461148
0.0578053
0.0695675
0.0813576
0.093137
0.104914
0.116712
0.128533
0.140371
0.152216
0.164067
0.175913
0.187716
0.199427
0.211027
0.222512
0.233882
0.245146
0.256313
0.267389
0.278362
0.289175
0.299745
0.309998
0.31989
0.329396
0.338472
0.347034
0.354987
0.362256
0.368791
0.374551
0.379487
0.383528
0.386603
0.388659
0.389658
0.389559
0.388306
0.385842
0.382137
0.377186
0.371006
0.363566
0.354906
0.34502
0.332883
0.31769
-0.257409
-0.271529
-0.282771
-0.291954
-0.300124
-0.307255
-0.313289
-0.318206
-0.321973
-0.324562
-0.32599
-0.326321
-0.325644
-0.324027
-0.321539
-0.31826
-0.314269
-0.30962
-0.304355
-0.298494
-0.292055
-0.28507
-0.277593
-0.269687
-0.261397
-0.252756
-0.243799
-0.234555
-0.225028
-0.215216
-0.205136
-0.194835
-0.184363
-0.173739
-0.162968
-0.152056
-0.141018
-0.129864
-0.118591
-0.107202
-0.09571
-0.0841215
-0.0724247
-0.0606296
-0.0487874
-0.0369512
-0.0251451
-0.0133792
-0.00165147
0.0100757
0.0218605
0.0337311
0.0456814
0.0577074
0.069798
0.0819134
0.0940248
0.106147
0.118298
0.130478
0.142689
0.154937
0.167225
0.179539
0.191828
0.204029
0.216119
0.228102
0.23999
0.251803
0.263556
0.275247
0.28685
0.2983
0.309519
0.32044
0.331016
0.341207
0.350955
0.360173
0.368775
0.376692
0.383866
0.390242
0.395752
0.400315
0.403861
0.406335
0.407686
0.407853
0.406763
0.404359
0.400617
0.395529
0.389101
0.381308
0.372166
0.361706
0.348803
0.332573
-0.274155
-0.28913
-0.301004
-0.310638
-0.319169
-0.326584
-0.332826
-0.337873
-0.341684
-0.344223
-0.345501
-0.345586
-0.344571
-0.34254
-0.339575
-0.33578
-0.331253
-0.326067
-0.32026
-0.313852
-0.306859
-0.29931
-0.291261
-0.282777
-0.273915
-0.26471
-0.255199
-0.245402
-0.235325
-0.224962
-0.214337
-0.203502
-0.192511
-0.181392
-0.170152
-0.158796
-0.147338
-0.135785
-0.124123
-0.112347
-0.100474
-0.0885122
-0.0764499
-0.0642972
-0.0521024
-0.0399134
-0.0277533
-0.015633
-0.00355015
0.008532
0.0206674
0.0328813
0.0451708
0.0575346
0.069959
0.0824034
0.0948448
0.107303
0.119796
0.132331
0.144922
0.157586
0.170324
0.183108
0.195871
0.208549
0.22113
0.233631
0.246074
0.258477
0.270845
0.283169
0.295418
0.307532
0.319442
0.331079
0.342386
0.353307
0.363777
0.373715
0.383042
0.391686
0.399578
0.406648
0.412814
0.417989
0.422096
0.42507
0.426841
0.427332
0.426464
0.424181
0.420444
0.415242
0.408558
0.400391
0.390764
0.379699
0.366001
0.348692
-0.292123
-0.308023
-0.320569
-0.330677
-0.339582
-0.34729
-0.353735
-0.35889
-0.362708
-0.365152
-0.366236
-0.366029
-0.364626
-0.362127
-0.358635
-0.354271
-0.349151
-0.343359
-0.336937
-0.329903
-0.322277
-0.314094
-0.305412
-0.296301
-0.286821
-0.27701
-0.2669
-0.256506
-0.245829
-0.234872
-0.223666
-0.212271
-0.200742
-0.189109
-0.177379
-0.165552
-0.153644
-0.141664
-0.129597
-0.117436
-0.105193
-0.0928737
-0.0804651
-0.0679747
-0.0554435
-0.0429138
-0.0304084
-0.0179398
-0.00550799
0.00691919
0.0193917
0.0319376
0.0445617
0.0572644
0.0700257
0.0828001
0.0955684
0.108356
0.121188
0.13408
0.147063
0.160156
0.173345
0.186587
0.199811
0.212966
0.226055
0.239109
0.252143
0.26516
0.278158
0.291125
0.304042
0.316859
0.329506
0.341906
0.353986
0.365684
0.376937
0.387672
0.397807
0.407262
0.415958
0.423811
0.43073
0.436616
0.441381
0.444941
0.447215
0.448115
0.447555
0.445461
0.441769
0.436467
0.429542
0.42099
0.410878
0.399203
0.38467
0.366228
-0.311425
-0.328327
-0.341596
-0.352206
-0.3615
-0.3695
-0.376129
-0.381356
-0.385132
-0.387427
-0.38826
-0.387702
-0.385851
-0.382822
-0.378742
-0.373745
-0.367962
-0.361487
-0.354366
-0.346621
-0.338283
-0.329396
-0.320026
-0.310242
-0.300099
-0.289634
-0.278874
-0.267835
-0.256518
-0.244933
-0.233121
-0.221147
-0.209064
-0.196898
-0.184652
-0.172328
-0.159943
-0.147511
-0.135028
-0.122487
-0.109889
-0.097228
-0.0844842
-0.0716619
-0.0587983
-0.0459362
-0.0331007
-0.0203034
-0.00754148
0.00521588
0.0180164
0.0308908
0.043848
0.0568869
0.0699798
0.0830788
0.0961717
0.109293
0.122472
0.135733
0.149115
0.162632
0.176258
0.189939
0.203618
0.217264
0.230895
0.244535
0.258183
0.271825
0.285461
0.299094
0.312718
0.326284
0.339713
0.352913
0.365808
0.378341
0.390455
0.402072
0.413102
0.423456
0.433046
0.441783
0.44956
0.456263
0.461787
0.466037
0.46892
0.470337
0.470177
0.468334
0.464738
0.459362
0.452226
0.443315
0.432702
0.420402
0.405001
0.385369
-0.332187
-0.350178
-0.364225
-0.375369
-0.385067
-0.39335
-0.400135
-0.405389
-0.409068
-0.41115
-0.411659
-0.410671
-0.408296
-0.404664
-0.399919
-0.39421
-0.387679
-0.380431
-0.372519
-0.363979
-0.354851
-0.345195
-0.33508
-0.324575
-0.313722
-0.302551
-0.291087
-0.279356
-0.267365
-0.255132
-0.242701
-0.230137
-0.217487
-0.20477
-0.191985
-0.179139
-0.166259
-0.153365
-0.140459
-0.127537
-0.11459
-0.101592
-0.0885148
-0.0753573
-0.062159
-0.0489694
-0.0358185
-0.0227135
-0.00964337
0.00342794
0.0165498
0.0297529
0.0430436
0.0564138
0.0698297
0.083247
0.0966655
0.110128
0.123668
0.13731
0.15109
0.165017
0.179058
0.193167
0.207309
0.22147
0.235669
0.249911
0.264175
0.278447
0.292739
0.307074
0.321449
0.335805
0.350045
0.364079
0.377843
0.391287
0.404348
0.416934
0.428943
0.440286
0.450872
0.4606
0.469346
0.47698
0.483381
0.488446
0.492067
0.494114
0.494445
0.492927
0.489494
0.484115
0.4768
0.467556
0.456443
0.443489
0.42718
0.406309
-0.354547
-0.373715
-0.388598
-0.400312
-0.410428
-0.418986
-0.425898
-0.431131
-0.434649
-0.436436
-0.436526
-0.435011
-0.432019
-0.427694
-0.422196
-0.415683
-0.408305
-0.40018
-0.391381
-0.381959
-0.371972
-0.361483
-0.350566
-0.33928
-0.327659
-0.315725
-0.303507
-0.29104
-0.278349
-0.265457
-0.252403
-0.239241
-0.226011
-0.212724
-0.199377
-0.185993
-0.172612
-0.159257
-0.14593
-0.132623
-0.119316
-0.105972
-0.0925542
-0.07906
-0.0655306
-0.0520222
-0.0385666
-0.0251655
-0.0117992
0.00157468
0.0150094
0.0285356
0.042154
0.0558479
0.069581
0.0833165
0.0970658
0.110878
0.124783
0.138803
0.152971
0.167294
0.181743
0.196289
0.210913
0.225613
0.240391
0.255234
0.270114
0.285028
0.30001
0.31509
0.330251
0.345417
0.360493
0.375406
0.390109
0.404548
0.418639
0.432271
0.445342
0.457769
0.469458
0.480292
0.490127
0.498816
0.50623
0.512249
0.516738
0.51953
0.520454
0.51937
0.516191
0.51089
0.503448
0.493875
0.482273
0.468661
0.451402
0.429223
-0.378644
-0.399089
-0.414872
-0.427192
-0.437748
-0.446578
-0.453585
-0.458738
-0.462008
-0.463394
-0.462953
-0.460801
-0.457084
-0.451962
-0.445603
-0.438176
-0.429843
-0.420733
-0.410947
-0.40056
-0.389642
-0.378259
-0.366474
-0.354337
-0.34188
-0.329124
-0.316107
-0.302873
-0.28946
-0.275898
-0.262214
-0.248441
-0.234612
-0.220737
-0.206819
-0.192892
-0.179009
-0.1652
-0.151456
-0.137757
-0.124071
-0.110362
-0.0965936
-0.0827635
-0.0689144
-0.055102
-0.0413522
-0.0276587
-0.0139979
-0.000325798
0.0134131
0.0272506
0.0411837
0.0551921
0.0692411
0.0833015
0.0973898
0.111553
0.125817
0.140202
0.154745
0.169459
0.184324
0.199324
0.214452
0.229698
0.245053
0.260492
0.275997
0.291585
0.307296
0.323151
0.339112
0.355103
0.371051
0.386909
0.402633
0.418145
0.433334
0.448085
0.462307
0.475924
0.488831
0.50089
0.51194
0.521823
0.530395
0.537513
0.543004
0.546672
0.548322
0.547801
0.544987
0.539835
0.532328
0.522465
0.510381
0.496108
0.477857
0.454283
-0.404637
-0.426474
-0.443234
-0.456206
-0.467225
-0.476322
-0.483381
-0.488373
-0.491283
-0.492143
-0.491047
-0.488136
-0.483571
-0.477524
-0.470174
-0.461705
-0.452296
-0.442095
-0.431225
-0.419787
-0.40786
-0.395508
-0.382781
-0.369721
-0.356357
-0.342722
-0.328866
-0.314841
-0.300687
-0.286436
-0.272103
-0.257704
-0.243259
-0.228783
-0.214294
-0.199833
-0.185455
-0.171192
-0.157027
-0.142923
-0.128843
-0.114752
-0.100624
-0.0864592
-0.0722999
-0.0581953
-0.0441594
-0.0301768
-0.0162233
-0.00225684
0.011779
0.025917
0.0401533
0.0544676
0.0688304
0.083218
0.0976458
0.112154
0.126766
0.141509
0.156425
0.171537
0.186832
0.202299
0.217932
0.233718
0.249639
0.265679
0.281833
0.298125
0.31459
0.331228
0.347996
0.364841
0.381721
0.398601
0.415418
0.432062
0.448411
0.464363
0.479842
0.494764
0.509008
0.522416
0.534817
0.546043
0.55593
0.564299
0.570946
0.575648
0.578183
0.578359
0.576034
0.571124
0.563621
0.553536
0.540998
0.52604
0.50673
0.481658
-0.432716
-0.456084
-0.47392
-0.487597
-0.499094
-0.508433
-0.515475
-0.520201
-0.522627
-0.522829
-0.52094
-0.517129
-0.511573
-0.504452
-0.49596
-0.486305
-0.475689
-0.464285
-0.452234
-0.43965
-0.426623
-0.413211
-0.399457
-0.385395
-0.371058
-0.356495
-0.341765
-0.326926
-0.312014
-0.297046
-0.282033
-0.266985
-0.251914
-0.23684
-0.22179
-0.206809
-0.191943
-0.177219
-0.162618
-0.148096
-0.133613
-0.11914
-0.104654
-0.0901555
-0.0756863
-0.0612883
-0.0469658
-0.032698
-0.01846
-0.00420777
0.0101185
0.0245527
0.0390881
0.053703
0.0683717
0.0830751
0.0978279
0.112667
0.127621
0.142723
0.158023
0.173546
0.189278
0.205211
0.22134
0.237655
0.254143
0.270797
0.287621
0.304635
0.321856
0.339279
0.356876
0.374627
0.392509
0.410477
0.428436
0.446262
0.463844
0.481098
0.497947
0.51429
0.529988
0.544877
0.558779
0.571512
0.58288
0.592674
0.600657
0.606574
0.610166
0.611192
0.609492
0.604964
0.597568
0.587316
0.574346
0.558684
0.538239
0.511534
-0.463119
-0.488185
-0.507204
-0.521634
-0.533608
-0.543134
-0.550063
-0.554403
-0.556212
-0.555614
-0.552781
-0.547906
-0.541184
-0.532819
-0.523023
-0.512027
-0.500066
-0.487334
-0.473989
-0.460154
-0.445919
-0.431342
-0.416465
-0.401324
-0.385959
-0.370425
-0.354786
-0.339101
-0.323399
-0.307685
-0.291961
-0.27624
-0.260538
-0.244874
-0.22928
-0.213792
-0.198445
-0.183254
-0.168201
-0.153249
-0.138365
-0.12352
-0.108687
-0.0938603
-0.0790775
-0.0643772
-0.0497613
-0.0352094
-0.0206939
-0.00616292
0.00845104
0.0231817
0.0380154
0.0529248
0.0678861
0.0828865
0.0979451
0.113103
0.128395
0.143864
0.159557
0.175492
0.191656
0.208042
0.224655
0.241493
0.258554
0.275834
0.293335
0.311067
0.329041
0.347264
0.365734
0.384451
0.40339
0.422483
0.441622
0.460693
0.479603
0.498268
0.516595
0.534469
0.551747
0.568266
0.58384
0.598259
0.611298
0.622714
0.632239
0.639571
0.64441
0.646485
0.645585
0.641594
0.634438
0.624082
0.610694
0.594309
0.572652
0.544158
-0.496129
-0.52308
-0.54339
-0.558608
-0.571033
-0.580671
-0.587373
-0.591186
-0.592227
-0.590667
-0.586713
-0.580579
-0.572492
-0.562685
-0.551404
-0.538906
-0.52545
-0.511256
-0.496489
-0.481277
-0.465714
-0.44986
-0.433763
-0.417467
-0.401022
-0.384479
-0.367895
-0.351322
-0.334787
-0.31829
-0.301827
-0.285418
-0.269084
-0.252843
-0.236714
-0.220722
-0.204891
-0.189231
-0.173725
-0.158346
-0.14307
-0.127865
-0.112692
-0.0975425
-0.0824481
-0.067445
-0.0525363
-0.0377025
-0.0229107
-0.00809871
0.00680497
0.0218282
0.0369481
0.0521335
0.0673669
0.0826468
0.098001
0.113475
0.129111
0.144949
0.161031
0.177366
0.193946
0.210772
0.227862
0.245223
0.262856
0.280756
0.298923
0.317364
0.336101
0.355156
0.374546
0.39427
0.414292
0.434535
0.454904
0.475303
0.49564
0.515814
0.535718
0.555239
0.574246
0.592571
0.610005
0.62631
0.641231
0.654495
0.665793
0.674777
0.681098
0.684455
0.684586
0.681308
0.674516
0.664157
0.650395
0.633264
0.610296
0.579825
-0.532067
-0.56111
-0.582823
-0.598849
-0.61168
-0.621336
-0.627678
-0.630804
-0.63089
-0.628161
-0.622863
-0.61524
-0.605553
-0.594083
-0.581115
-0.566934
-0.551823
-0.536013
-0.519681
-0.502956
-0.485937
-0.468693
-0.451286
-0.433765
-0.416186
-0.398593
-0.381024
-0.363515
-0.346095
-0.328777
-0.31156
-0.294459
-0.277497
-0.260683
-0.244018
-0.227514
-0.211194
-0.195068
-0.179124
-0.16334
-0.147687
-0.132127
-0.116616
-0.101146
-0.0857486
-0.0704558
-0.0552678
-0.0401596
-0.0250884
-0.00998694
0.00520836
0.0205109
0.0358905
0.0513219
0.0668037
0.0823507
0.0979977
0.11379
0.129768
0.145968
0.162423
0.179143
0.196126
0.213385
0.230945
0.24882
0.26701
0.285512
0.30433
0.323482
0.343002
0.362922
0.383256
0.403999
0.425115
0.446543
0.468211
0.490023
0.511869
0.533634
0.555221
0.576535
0.597446
0.617766
0.63726
0.655669
0.672715
0.68809
0.701432
0.71235
0.720448
0.725358
0.726771
0.724437
0.718183
0.707941
0.693865
0.675971
0.65157
0.618884
-0.571305
-0.602683
-0.625919
-0.642771
-0.655949
-0.665502
-0.671322
-0.67356
-0.672455
-0.668289
-0.661362
-0.651966
-0.640406
-0.627018
-0.612133
-0.596068
-0.579116
-0.561519
-0.543461
-0.525077
-0.506473
-0.487735
-0.468935
-0.450129
-0.431359
-0.412661
-0.394058
-0.37557
-0.357228
-0.339059
-0.321078
-0.303291
-0.285704
-0.268314
-0.251106
-0.234084
-0.217273
-0.200693
-0.184337
-0.168173
-0.152163
-0.136255
-0.12041
-0.104626
-0.0889384
-0.0733727
-0.05792
-0.0425439
-0.0271914
-0.0117988
0.00367823
0.0192362
0.0348464
0.050501
0.0662188
0.082028
0.0979635
0.114065
0.130368
0.14691
0.16372
0.180811
0.198186
0.215864
0.233877
0.252241
0.270961
0.290045
0.309508
0.329379
0.349695
0.370487
0.391763
0.413524
0.435754
0.458419
0.48145
0.504736
0.528153
0.5516
0.575004
0.59828
0.621277
0.643784
0.665555
0.686321
0.705778
0.723568
0.739276
0.752459
0.762672
0.769471
0.772471
0.771356
0.765887
0.75592
0.741595
0.722918
0.696953
0.66178
-0.614298
-0.6483
-0.673202
-0.6909
-0.70435
-0.713645
-0.718726
-0.71981
-0.717204
-0.711262
-0.702354
-0.690838
-0.677081
-0.661479
-0.644416
-0.626233
-0.607229
-0.587651
-0.567689
-0.547494
-0.527181
-0.506852
-0.486581
-0.466425
-0.446409
-0.426548
-0.406857
-0.387354
-0.36807
-0.349043
-0.330295
-0.311822
-0.293608
-0.275633
-0.257876
-0.240341
-0.223055
-0.206043
-0.189294
-0.17277
-0.156414
-0.140171
-0.124008
-0.107936
-0.0919807
-0.0761577
-0.0604474
-0.0448061
-0.0291785
-0.013513
0.00221491
0.0179945
0.033812
0.0496816
0.0656357
0.0817032
0.0979129
0.1143
0.130905
0.147769
0.164919
0.182364
0.20011
0.218181
0.236615
0.255438
0.274665
0.294315
0.314417
0.335004
0.35611
0.377758
0.399964
0.422749
0.446124
0.470067
0.494498
0.519297
0.544354
0.5696
0.594975
0.620376
0.645631
0.670528
0.694828
0.718246
0.740435
0.760981
0.779427
0.795268
0.807991
0.817089
0.822071
0.822524
0.818122
0.808637
0.794173
0.774707
0.747019
0.70904
-0.661616
-0.698591
-0.725323
-0.743882
-0.757507
-0.766338
-0.770384
-0.769952
-0.765442
-0.757299
-0.745984
-0.731939
-0.715607
-0.697451
-0.677903
-0.65733
-0.636032
-0.614256
-0.592203
-0.570041
-0.547901
-0.525886
-0.50407
-0.482495
-0.461171
-0.440093
-0.419268
-0.398723
-0.378495
-0.358617
-0.339106
-0.319943
-0.301093
-0.282524
-0.264222
-0.246194
-0.228465
-0.211045
-0.193921
-0.177043
-0.160349
-0.143786
-0.127338
-0.111012
-0.09482
-0.078756
-0.0627949
-0.0468965
-0.0310143
-0.0151112
0.000826331
0.0167959
0.0328065
0.0488885
0.0650727
0.08138
0.0978355
0.114481
0.131367
0.148535
0.166004
0.183776
0.201858
0.220287
0.23911
0.258367
0.278082
0.298283
0.319008
0.340292
0.362164
0.38465
0.407779
0.431599
0.456139
0.481375
0.507223
0.533579
0.560367
0.587537
0.615017
0.642686
0.670379
0.697903
0.725017
0.751405
0.776672
0.800364
0.821975
0.840943
0.856667
0.868544
0.875982
0.878446
0.875473
0.866739
0.852285
0.832038
0.802453
0.761291
-0.713959
-0.754332
-0.783083
-0.802496
-0.816143
-0.824225
-0.82684
-0.824419
-0.817491
-0.806622
-0.792387
-0.775332
-0.755988
-0.734884
-0.7125
-0.689227
-0.665364
-0.641157
-0.616818
-0.592531
-0.568445
-0.544655
-0.521216
-0.498149
-0.475455
-0.453116
-0.431132
-0.409537
-0.388371
-0.367658
-0.347391
-0.327537
-0.308047
-0.28889
-0.270061
-0.251571
-0.233429
-0.21563
-0.198146
-0.180925
-0.163904
-0.147046
-0.130343
-0.113796
-0.0973899
-0.0811024
-0.0649098
-0.0487829
-0.0326851
-0.0165862
-0.000471488
0.0156715
0.0318691
0.0481532
0.0645436
0.0810563
0.0977249
0.114605
0.131752
0.1492
0.166952
0.185006
0.203385
0.22214
0.24133
0.260999
0.281175
0.301899
0.32322
0.345174
0.367789
0.391095
0.41514
0.439993
0.465694
0.492222
0.519507
0.547478
0.576086
0.605279
0.634973
0.665056
0.695393
0.725801
0.756023
0.78571
0.81444
0.84173
0.867009
0.889645
0.908949
0.924195
0.934665
0.939679
0.938612
0.930985
0.916743
0.895743
0.864071
0.819279
-0.772176
-0.816461
-0.847448
-0.867665
-0.881093
-0.888024
-0.888683
-0.883668
-0.873682
-0.859449
-0.841681
-0.82105
-0.798186
-0.773684
-0.748066
-0.721742
-0.695017
-0.668136
-0.641317
-0.614755
-0.588598
-0.562936
-0.537797
-0.513173
-0.489054
-0.465427
-0.442284
-0.41965
-0.397561
-0.376025
-0.355015
-0.334478
-0.314365
-0.294649
-0.275329
-0.25641
-0.237881
-0.219719
-0.201892
-0.184349
-0.167034
-0.149916
-0.132989
-0.116238
-0.0996323
-0.0831432
-0.0667558
-0.0504491
-0.034186
-0.0179307
-0.00166095
0.0146448
0.031016
0.0474754
0.0640353
0.0807191
0.097577
0.114672
0.132055
0.149741
0.167724
0.186016
0.204662
0.223722
0.243254
0.2633
0.283901
0.305115
0.327004
0.349602
0.372933
0.397035
0.421976
0.447846
0.474694
0.50251
0.531255
0.560891
0.591381
0.622669
0.654683
0.687342
0.720534
0.754076
0.787696
0.821039
0.853672
0.885067
0.91459
0.94152
0.965075
0.984404
0.998628
1.00686
1.0083
1.00224
0.9885
0.966823
0.932853
0.883916
-0.837293
-0.886105
-0.919559
-0.94047
-0.95332
-0.958544
-0.956553
-0.948178
-0.934343
-0.91597
-0.893941
-0.869072
-0.842105
-0.813697
-0.784399
-0.754638
-0.724732
-0.694929
-0.66544
-0.636457
-0.608114
-0.580481
-0.553563
-0.527329
-0.501757
-0.476834
-0.452549
-0.428905
-0.405914
-0.383571
-0.361834
-0.340642
-0.319945
-0.29972
-0.27996
-0.26065
-0.241756
-0.223251
-0.205103
-0.187271
-0.169701
-0.152363
-0.135239
-0.118303
-0.101519
-0.0848623
-0.0683276
-0.051891
-0.035504
-0.019121
-0.00271677
0.0137294
0.0302421
0.0468383
0.0635331
0.0803645
0.0973933
0.114677
0.132249
0.150119
0.168288
0.186789
0.205681
0.22502
0.244854
0.265235
0.286223
0.307899
0.330329
0.353536
0.377542
0.402405
0.428219
0.455084
0.483059
0.512155
0.542372
0.573699
0.606107
0.639553
0.673995
0.709385
0.745623
0.782531
0.819854
0.857249
0.894264
0.930315
0.964719
0.996676
1.02528
1.04955
1.06839
1.08071
1.0854
1.08154
1.0687
1.04649
1.01002
0.956335
-0.910574
-0.964642
-1.0008
-1.02219
-1.03394
-1.0367
-1.03116
-1.01844
-0.999778
-0.976326
-0.949173
-0.919298
-0.887557
-0.854669
-0.821207
-0.787608
-0.754193
-0.721212
-0.688872
-0.657334
-0.626704
-0.597018
-0.568261
-0.540389
-0.513362
-0.48716
-0.461764
-0.437146
-0.413285
-0.390163
-0.367734
-0.345935
-0.324711
-0.304037
-0.28389
-0.264231
-0.24501
-0.226196
-0.207764
-0.189679
-0.17189
-0.154359
-0.137063
-0.11997
-0.103046
-0.0862725
-0.069638
-0.053108
-0.0366227
-0.0201349
-0.0036245
0.0129254
0.02954
0.0462394
0.0630462
0.0800066
0.0971784
0.114606
0.132315
0.150323
0.168647
0.187336
0.206445
0.226019
0.246107
0.26678
0.288126
0.310233
0.333159
0.356922
0.381559
0.407152
0.433809
0.461635
0.490703
0.521061
0.552746
0.585767
0.620112
0.655765
0.692727
0.730973
0.770422
0.810928
0.852273
0.894127
0.936018
0.977332
1.01733
1.05515
1.08976
1.11999
1.14452
1.16198
1.17093
1.17009
1.15875
1.13627
1.09711
1.03796
-0.9936
-1.05381
-1.09288
-1.1144
-1.12429
-1.12355
-1.11325
-1.09495
-1.07023
-1.04056
-1.00727
-0.971506
-0.934228
-0.896222
-0.858079
-0.820231
-0.782994
-0.746603
-0.711239
-0.677029
-0.644038
-0.612257
-0.581642
-0.552138
-0.523688
-0.496251
-0.469784
-0.444232
-0.419549
-0.3957
-0.37264
-0.3503
-0.328618
-0.307552
-0.287065
-0.2671
-0.2476
-0.228529
-0.209864
-0.191568
-0.173589
-0.155891
-0.138448
-0.121235
-0.104219
-0.0873749
-0.070677
-0.054079
-0.0375199
-0.0209595
-0.00438296
0.0122309
0.0289154
0.0456954
0.0625941
0.0796546
0.0969275
0.114451
0.132255
0.150369
0.168825
0.187668
0.206948
0.226705
0.247004
0.267936
0.289603
0.31209
0.335449
0.359713
0.384939
0.411226
0.43868
0.467415
0.497532
0.529122
0.56225
0.596943
0.633218
0.67111
0.710651
0.751842
0.794643
0.838969
0.884648
0.931364
0.978641
1.02587
1.07227
1.11689
1.1586
1.19601
1.22756
1.25151
1.26603
1.26936
1.26039
1.23809
1.19607
1.13059
-1.08841
-1.15584
-1.198
-1.21903
-1.22596
-1.2203
-1.20365
-1.17815
-1.14584
-1.10858
-1.06796
-1.02529
-0.981632
-0.93782
-0.894458
-0.851964
-0.81062
-0.770624
-0.732105
-0.695142
-0.65975
-0.625876
-0.593438
-0.562353
-0.532544
-0.503938
-0.476459
-0.450032
-0.424591
-0.400091
-0.37648
-0.353682
-0.331616
-0.31022
-0.289444
-0.269223
-0.249499
-0.230228
-0.211379
-0.192914
-0.174785
-0.156954
-0.139406
-0.122116
-0.105048
-0.0881626
-0.0714228
-0.054781
-0.0381832
-0.0215931
-0.00499019
0.0116577
0.0283897
0.045227
0.0621862
0.0793073
0.0966397
0.114223
0.132093
0.150286
0.168835
0.187786
0.207188
0.227087
0.247558
0.268707
0.290636
0.313435
0.337167
0.36188
0.387648
0.414568
0.442753
0.472334
0.503452
0.536223
0.570733
0.607045
0.645227
0.685353
0.727484
0.771665
0.817936
0.866281
0.916572
0.968528
1.02171
1.07554
1.12921
1.18173
1.2318
1.27785
1.31804
1.35022
1.37202
1.38107
1.37569
1.35432
1.30938
1.23653
-1.19766
-1.27367
-1.31898
-1.33853
-1.34087
-1.32828
-1.30317
-1.2684
-1.22661
-1.18009
-1.13073
-1.08001
-1.02907
-0.978751
-0.929643
-0.882133
-0.836446
-0.792704
-0.750959
-0.711219
-0.673442
-0.637532
-0.603353
-0.570781
-0.539706
-0.510023
-0.481622
-0.454406
-0.428299
-0.403245
-0.379177
-0.356006
-0.333635
-0.311983
-0.290987
-0.270579
-0.250693
-0.231274
-0.212286
-0.193697
-0.175464
-0.157555
-0.139953
-0.122629
-0.105538
-0.0886311
-0.0718718
-0.0552202
-0.0386254
-0.0220438
-0.00544233
0.0112176
0.0279714
0.0448321
0.0618143
0.0789624
0.0963271
0.113944
0.131848
0.150081
0.168682
0.187699
0.207183
0.227183
0.247777
0.269081
0.291208
0.314254
0.338297
0.363397
0.389633
0.417109
0.445949
0.476308
0.508349
0.542213
0.578018
0.615875
0.6559
0.698197
0.742876
0.790064
0.839881
0.892382
0.947502
1.00505
1.06467
1.1258
1.18767
1.24924
1.30914
1.3656
1.41644
1.45902
1.49035
1.5073
1.50731
1.48798
1.44018
1.35871
-1.32498
-1.41123
-1.45953
-1.47597
-1.4713
-1.44902
-1.41261
-1.36592
-1.31231
-1.25456
-1.19485
-1.13482
-1.07565
-1.01812
-0.962791
-0.909955
-0.859749
-0.812187
-0.767221
-0.72476
-0.684689
-0.646854
-0.611066
-0.577141
-0.544929
-0.514292
-0.485094
-0.457217
-0.430569
-0.405077
-0.380657
-0.357204
-0.334609
-0.312782
-0.291649
-0.271134
-0.251154
-0.231644
-0.212571
-0.193912
-0.175635
-0.157706
-0.140096
-0.122771
-0.105683
-0.0887826
-0.0720401
-0.0554197
-0.0388644
-0.0223177
-0.00573999
0.0109036
0.0276423
0.0444902
0.0614685
0.0786238
0.0959983
0.113616
0.131515
0.149748
0.168366
0.187414
0.206938
0.226985
0.247645
0.269045
0.291305
0.31453
0.338806
0.36421
0.39083
0.418774
0.44818
0.47922
0.512078
0.546921
0.583905
0.623192
0.664938
0.709296
0.756445
0.806596
0.859954
0.916664
0.976786
1.04023
1.10674
1.17586
1.24689
1.31881
1.39019
1.4591
1.52303
1.57883
1.62272
1.65051
1.65851
1.64307
1.59271
1.50103
-1.47529
-1.57385
-1.62449
-1.63519
-1.61996
-1.58411
-1.53264
-1.47066
-1.40239
-1.33111
-1.25927
-1.18859
-1.12022
-1.05486
-0.992914
-0.934536
-0.879724
-0.828355
-0.780253
-0.735214
-0.693021
-0.653443
-0.616229
-0.581133
-0.547957
-0.516532
-0.486702
-0.458326
-0.431291
-0.4055
-0.38085
-0.357224
-0.334505
-0.312595
-0.29141
-0.270861
-0.250854
-0.231319
-0.21223
-0.193576
-0.175323
-0.157424
-0.139844
-0.12255
-0.105496
-0.0886417
-0.0719585
-0.0554052
-0.0389147
-0.0224252
-0.00590074
0.0106889
0.0273775
0.0441897
0.0611502
0.0782933
0.0956441
0.113223
0.13108
0.149285
0.167888
0.186925
0.206435
0.226475
0.247147
0.268583
0.290905
0.314224
0.338645
0.36426
0.391163
0.419469
0.449329
0.480931
0.514472
0.550145
0.588154
0.628711
0.672017
0.718274
0.767738
0.820724
0.877542
0.938454
1.00364
1.07318
1.14696
1.2247
1.30584
1.38944
1.47412
1.55787
1.63787
1.71042
1.77083
1.81362
1.83344
1.82472
1.77266
1.66887
-1.6556
-1.76893
-1.82035
-1.82103
-1.78993
-1.7351
-1.66362
-1.58212
-1.49578
-1.40836
-1.32248
-1.23982
-1.16138
-1.08768
-1.01885
-0.954863
-0.895493
-0.840448
-0.789399
-0.742012
-0.697951
-0.656885
-0.618488
-0.582458
-0.548547
-0.516553
-0.486297
-0.457615
-0.430366
-0.404431
-0.379693
-0.356026
-0.333305
-0.311419
-0.290273
-0.269766
-0.249799
-0.230311
-0.211287
-0.192715
-0.174548
-0.156726
-0.139213
-0.121987
-0.105012
-0.0882474
-0.0716589
-0.0551977
-0.0387943
-0.0223912
-0.00595633
0.0105467
0.0271663
0.0439334
0.0608598
0.0779581
0.0952436
0.112748
0.130538
0.148688
0.167234
0.186206
0.205649
0.225636
0.246268
0.267671
0.289967
0.313288
0.337759
0.363479
0.390547
0.41909
0.449273
0.481288
0.515343
0.551667
0.590517
0.632141
0.676773
0.724693
0.776263
0.831883
0.891968
0.956929
1.02712
1.10282
1.18413
1.27099
1.36307
1.45971
1.55965
1.6609
1.76048
1.85422
1.9364
1.99987
2.03717
2.03983
1.98792
1.8697
-1.87616
-2.00699
-2.0558
-2.03944
-1.98457
-1.90325
-1.80526
-1.69902
-1.59066
-1.48427
-1.38243
-1.28658
-1.19739
-1.11501
-1.03927
-0.969793
-0.906102
-0.84768
-0.794014
-0.74462
-0.699032
-0.656807
-0.617539
-0.580872
-0.546509
-0.514214
-0.483777
-0.455008
-0.427738
-0.401829
-0.377157
-0.353592
-0.330998
-0.30925
-0.288239
-0.267857
-0.248013
-0.228655
-0.209776
-0.191351
-0.17332
-0.155617
-0.138216
-0.121108
-0.10426
-0.0876242
-0.0711571
-0.0548109
-0.0385236
-0.0222426
-0.0059286
0.0104714
0.0270154
0.043724
0.0605848
0.0775959
0.0947802
0.112186
0.129883
0.147933
0.166367
0.185222
0.204559
0.224448
0.244975
0.266259
0.28844
0.311671
0.336085
0.361787
0.388887
0.417527
0.447877
0.480128
0.514506
0.551279
0.590734
0.633154
0.678835
0.728137
0.781502
0.839429
0.902462
0.971187
1.04616
1.12787
1.21672
1.31299
1.41672
1.52761
1.64475
1.76644
1.88973
2.01007
2.1208
2.2129
2.27602
2.29752
2.24955
2.1145
-2.1527
-2.30334
-2.34256
-2.29765
-2.20719
-2.08898
-1.9561
-1.81886
-1.68409
-1.55584
-1.4363
-1.32635
-1.22607
-1.13506
-1.05266
-0.978081
-0.910539
-0.849243
-0.793464
-0.742542
-0.695875
-0.652909
-0.613156
-0.576206
-0.541721
-0.509425
-0.479079
-0.450462
-0.423384
-0.39769
-0.373255
-0.349942
-0.327604
-0.306103
-0.285321
-0.265154
-0.245521
-0.226382
-0.207721
-0.189498
-0.171646
-0.154107
-0.13687
-0.119933
-0.103256
-0.0867789
-0.0704578
-0.0542556
-0.0381204
-0.0219932
-0.00581602
0.0104768
0.0269349
0.0435548
0.0603068
0.077193
0.0942507
0.11153
0.129089
0.146983
0.165255
0.183957
0.203148
0.222877
0.243217
0.264298
0.286282
0.309325
0.33356
0.359105
0.386094
0.41468
0.445023
0.47731
0.511792
0.54877
0.588554
0.631458
0.677852
0.728168
0.782911
0.842699
0.908236
0.980252
1.05952
1.14683
1.24296
1.34859
1.4643
1.59036
1.72652
1.87161
2.02315
2.17663
2.32463
2.4562
2.55752
2.61002
2.57357
2.4198
-2.51063
-2.68076
-2.6963
-2.60383
-2.46024
-2.29098
-2.11275
-1.93733
-1.7716
-1.61891
-1.48042
-1.35602
-1.24486
-1.14573
-1.05734
-0.978424
-0.907786
-0.844351
-0.787149
-0.735331
-0.688153
-0.644958
-0.605183
-0.568364
-0.534124
-0.502154
-0.472184
-0.443969
-0.417304
-0.392029
-0.368012
-0.345108
-0.323159
-0.302015
-0.281559
-0.261697
-0.242366
-0.223525
-0.205142
-0.187166
-0.169535
-0.152212
-0.135196
-0.118478
-0.102005
-0.0857114
-0.0695652
-0.0535439
-0.0375939
-0.0216369
-0.00559818
0.0105812
0.026926
0.0434147
0.0600202
0.0767558
0.0936589
0.110766
0.12813
0.145819
0.163895
0.182408
0.201394
0.220886
0.240965
0.261772
0.283468
0.306205
0.330129
0.355383
0.382118
0.410479
0.440614
0.472723
0.507071
0.543973
0.583764
0.626805
0.673503
0.724361
0.77998
0.841067
0.908448
0.983048
1.06588
1.15805
1.26074
1.37521
1.5027
1.6443
1.80075
1.97195
2.15645
2.35049
2.54665
2.73239
2.89017
2.99349
2.98357
2.81214
-2.99354
-3.17372
-3.13721
-2.96603
-2.74368
-2.50465
-2.26861
-2.04746
-1.84673
-1.66785
-1.51014
-1.37185
-1.2508
-1.14475
-1.05162
-0.969537
-0.896904
-0.832323
-0.774586
-0.722656
-0.67565
-0.632825
-0.593555
-0.557332
-0.523744
-0.492448
-0.46315
-0.435589
-0.409559
-0.384903
-0.361482
-0.339142
-0.317711
-0.297035
-0.277001
-0.257539
-0.238592
-0.220113
-0.202054
-0.184364
-0.167003
-0.149952
-0.133208
-0.116744
-0.100497
-0.0844154
-0.0684821
-0.0526775
-0.0369307
-0.0211446
-0.00524805
0.0107935
0.0269849
0.0433061
0.0597396
0.0762957
0.0929974
0.109877
0.126999
0.14445
0.162293
0.180561
0.199275
0.218465
0.238215
0.258665
0.27997
0.302286
0.325774
0.350601
0.376926
0.404883
0.434604
0.466296
0.500251
0.53678
0.576219
0.618975
0.665521
0.716389
0.772246
0.833904
0.902303
0.978533
1.06385
1.15971
1.26777
1.3899
1.52816
1.68477
1.86181
2.06092
2.28259
2.52502
2.78222
3.04152
3.28229
3.46871
3.51502
3.33672
-3.6803
-3.83451
-3.68897
-3.38857
-3.05127
-2.71923
-2.41199
-2.13849
-1.90036
-1.69537
-1.5198
-1.36955
-1.2407
-1.12977
-1.03377
-0.950226
-0.87708
-0.812633
-0.755456
-0.704345
-0.658303
-0.616521
-0.578335
-0.543204
-0.510689
-0.480422
-0.452093
-0.425442
-0.400273
-0.376432
-0.353774
-0.332134
-0.311332
-0.291221
-0.271706
-0.25273
-0.234238
-0.216166
-0.198464
-0.181101
-0.164061
-0.147333
-0.130896
-0.114707
-0.0987124
-0.0828785
-0.0671957
-0.0516283
-0.0360872
-0.0204758
-0.00474334
0.0111242
0.0271278
0.0432536
0.0594827
0.0758134
0.0922615
0.108867
0.12571
0.142885
0.160447
0.17841
0.196783
0.2156
0.234949
0.254959
0.275769
0.297542
0.320475
0.344754
0.370511
0.39786
0.426955
0.458012
0.491291
0.5271
0.565811
0.607851
0.653709
0.703961
0.759328
0.82068
0.88905
0.965684
1.05206
1.14996
1.26153
1.38929
1.53627
1.70597
1.90227
2.12926
2.39057
2.68824
3.0203
3.37716
3.73828
4.05987
4.22144
4.07489
-4.71416
-4.7387
-4.374
-3.86599
-3.36561
-2.91448
-2.52432
-2.19515
-1.92069
-1.69268
-1.50301
-1.34458
-1.21141
-1.09863
-1.00237
-0.919559
-0.847752
-0.784983
-0.729643
-0.680409
-0.636213
-0.59621
-0.559724
-0.526199
-0.495177
-0.46628
-0.439203
-0.41371
-0.389619
-0.366778
-0.345029
-0.3242
-0.304122
-0.284663
-0.265749
-0.247328
-0.229333
-0.211698
-0.194384
-0.177392
-0.160721
-0.144348
-0.128235
-0.112339
-0.0966264
-0.0810757
-0.0656658
-0.0503418
-0.0350107
-0.0195922
-0.004056
0.0116022
0.0273855
0.0432825
0.0592658
0.0753206
0.0914639
0.107752
0.124281
0.141138
0.158358
0.175941
0.193903
0.212284
0.231155
0.250619
0.270824
0.291964
0.314242
0.337823
0.36284
0.389411
0.417682
0.44785
0.48016
0.514919
0.552509
0.59336
0.637964
0.686921
0.740969
0.801007
0.868124
0.943666
1.0293
1.12708
1.23959
1.36998
1.52224
1.70125
1.91306
2.16484
2.46475
2.82112
3.24009
3.72138
4.25243
4.78962
5.17953
5.1733
-6.35347
-5.98558
-5.2043
-4.37794
-3.65621
-3.06079
-2.58163
-2.19977
-1.89543
-1.65155
-1.4545
-1.29368
-1.161
-1.05033
-0.957001
-0.877502
-0.809118
-0.749708
-0.697561
-0.6513
-0.609847
-0.572364
-0.538184
-0.506755
-0.477616
-0.450401
-0.424836
-0.40072
-0.377892
-0.356193
-0.335459
-0.315524
-0.296242
-0.277507
-0.259252
-0.24142
-0.22394
-0.206759
-0.189867
-0.173284
-0.157007
-0.140999
-0.125217
-0.109633
-0.0942308
-0.0789841
-0.0638537
-0.0487747
-0.0336663
-0.0184693
-0.00316486
0.0122515
0.0277839
0.0434139
0.0591021
0.0748291
0.0906254
0.106566
0.122743
0.139221
0.156025
0.173164
0.190654
0.208517
0.226811
0.245641
0.265164
0.28558
0.30709
0.329853
0.353987
0.379614
0.406869
0.435917
0.466988
0.500385
0.536481
0.575682
0.618472
0.665448
0.717327
0.774989
0.839538
0.91235
0.995195
1.09033
1.2006
1.32969
1.48238
1.66489
1.88543
2.15477
2.48681
2.89887
3.41106
4.04269
4.80353
5.66957
6.48902
6.89367
-9.17289
-7.70001
-6.13205
-4.85103
-3.85664
-3.10679
-2.54832
-2.12942
-1.81049
-1.56372
-1.36962
-1.21443
-1.08841
-0.984561
-0.897811
-0.824447
-0.761677
-0.70734
-0.659731
-0.617514
-0.579664
-0.545393
-0.514074
-0.48518
-0.458273
-0.433025
-0.409214
-0.386677
-0.365264
-0.344816
-0.325176
-0.306203
-0.287784
-0.269829
-0.252271
-0.235046
-0.2181
-0.201406
-0.184977
-0.168833
-0.152964
-0.13733
-0.121898
-0.106655
-0.0915847
-0.076653
-0.0618082
-0.046988
-0.0321287
-0.0171876
-0.00214863
0.0129961
0.0282447
0.0435632
0.0589072
0.0742717
0.0897006
0.105263
0.121036
0.137078
0.153413
0.170043
0.186981
0.204247
0.221886
0.240004
0.258772
0.278389
0.299038
0.320865
0.343991
0.368526
0.394579
0.422292
0.451881
0.483631
0.517871
0.554983
0.595424
0.63974
0.688595
0.742814
0.803444
0.871833
0.949732
1.03939
1.14378
1.2668
1.41365
1.59148
1.81023
2.08391
2.43245
2.88432
3.47988
4.27228
5.31572
6.65045
8.27653
9.81618
-14.6658
-9.9601
-6.81282
-4.96593
-3.74085
-2.90396
-2.32925
-1.92305
-1.62587
-1.402
-1.22909
-1.09257
-0.982644
-0.89258
-0.817631
-0.754386
-0.700312
-0.65346
-0.612308
-0.57568
-0.54269
-0.512658
-0.485034
-0.459355
-0.435248
-0.412456
-0.390818
-0.370208
-0.350489
-0.331518
-0.313169
-0.295338
-0.27794
-0.260895
-0.244137
-0.227617
-0.211305
-0.195199
-0.179319
-0.163686
-0.148288
-0.133091
-0.118075
-0.103236
-0.0885547
-0.0739842
-0.0594703
-0.044966
-0.0304235
-0.0158007
-0.00107951
0.0137343
0.0286267
0.0435653
0.0585124
0.0734637
0.0884639
0.103581
0.118876
0.134393
0.150155
0.166167
0.182434
0.198966
0.215814
0.233093
0.250968
0.269624
0.289229
0.309917
0.3318
0.354967
0.379502
0.405523
0.433218
0.462832
0.494641
0.528972
0.566217
0.606838
0.651399
0.700609
0.755382
0.816932
0.886798
0.967008
1.06028
1.17018
1.30164
1.4616
1.66004
1.91193
2.24018
2.68137
3.29619
4.18088
5.46568
7.38602
10.6232
15.4387
-23.9375
-12.16
-6.5358
-4.25116
-3.04413
-2.31409
-1.8525
-1.54165
-1.31885
-1.15191
-1.02279
-0.920392
-0.837501
-0.769193
-0.712009
-0.663443
-0.621616
-0.585065
-0.55264
-0.523456
-0.496851
-0.472313
-0.449421
-0.427822
-0.407249
-0.387541
-0.368607
-0.35037
-0.332724
-0.315561
-0.298794
-0.282361
-0.266202
-0.25025
-0.234451
-0.218778
-0.203234
-0.18784
-0.17262
-0.157592
-0.142752
-0.128085
-0.113581
-0.0992313
-0.0850111
-0.0708773
-0.0567824
-0.042681
-0.028529
-0.014294
3.46469e-05
0.0144517
0.0289295
0.0434268
0.0579085
0.0723758
0.0868681
0.101442
0.116149
0.131025
0.146083
0.161327
0.176752
0.192368
0.208229
0.224455
0.241209
0.25866
0.276957
0.296222
0.316548
0.337993
0.360608
0.384482
0.409764
0.436636
0.465304
0.49601
0.529052
0.564762
0.603537
0.645922
0.692626
0.744538
0.802843
0.869109
0.945317
1.03416
1.13933
1.26593
1.42152
1.61759
1.87281
2.22017
2.72341
3.50348
4.77853
7.15897
12.9002
24.7999
0
0
0
0
0
0
0
0
0
0
0
0
0
0
0
0
0
0
0
0
0
0
0
0
0
0
0
0
0
0
0
0
0
0
0
0
0
0
0
0
0
0
0
0
0
0
0
0
0
0
0
0
0
0
0
0
0
0
0
0
0
0
0
0
0
0
0
0
0
0
0
0
0
0
0
0
0
0
0
0
0
0
0
0
0
0
0
0
0
0
0
0
0
0
0
0
0
0
0
0
)
;

boundaryField
{
    obstacleFixedWalls
    {
        type            zeroGradient;
    }
    obstacleFrontAndBack
    {
        type            empty;
    }
    movingWall
    {
        type            zeroGradient;
    }
    fixedWalls
    {
        type            zeroGradient;
    }
    frontAndBack
    {
        type            empty;
    }
}


// ************************************************************************* //
