/*--------------------------------*- C++ -*----------------------------------*\
  =========                 |
  \\      /  F ield         | OpenFOAM: The Open Source CFD Toolbox
   \\    /   O peration     | Website:  https://openfoam.org
    \\  /    A nd           | Version:  11
     \\/     M anipulation  |
\*---------------------------------------------------------------------------*/
FoamFile
{
    format      ascii;
    class       volScalarField;
    location    "1.4";
    object      p;
}
// * * * * * * * * * * * * * * * * * * * * * * * * * * * * * * * * * * * * * //

dimensions      [0 2 -2 0 0 0 0];

internalField   nonuniform List<scalar> 
10100
(
-1.16429e-07
-0.000267784
-0.0010226
-0.00252211
-0.00467213
-0.00732236
-0.0102846
-0.0133629
-0.0164277
-0.0194041
-0.022225
-0.024826
-0.0271559
-0.0291815
-0.0309006
-0.0323205
-0.0334066
-0.0341444
-0.0345454
-0.0346092
-0.0343699
-0.0338598
-0.033104
-0.0321318
-0.0309649
-0.0296106
-0.0280717
-0.0263643
-0.0245149
-0.0225455
-0.0204675
-0.0182898
-0.0160155
-0.0136387
-0.0111585
-0.00858402
-0.00593021
-0.00321013
-0.000430217
0.00239885
0.00526145
0.00815325
0.0110807
0.0140487
0.017056
0.0200969
0.0231646
0.0262525
0.0293516
0.0324503
0.0355429
0.0386332
0.0417254
0.0448139
0.0478844
0.0509217
0.0539179
0.056873
0.0597878
0.0626572
0.0654723
0.068227
0.0709147
0.0735189
0.0760142
0.0783805
0.0806118
0.082712
0.0846876
0.0865429
0.0882767
0.0898803
0.0913443
0.092667
0.0938547
0.094912
0.0958383
0.0966326
0.0972995
0.0978447
0.0982664
0.0985549
0.0987014
0.0987051
0.0985737
0.0983189
0.0979532
0.0974867
0.0969251
0.0962693
0.0955193
0.0946868
0.0938036
0.0929132
0.0920567
0.0912641
0.090556
0.0899653
0.08956
0.089377
-0.000345827
-0.00147361
-0.00278266
-0.00454148
-0.00667609
-0.00906907
-0.011618
-0.0142384
-0.0168242
-0.019318
-0.0216828
-0.0238814
-0.0258553
-0.0275791
-0.0290494
-0.0302392
-0.0311521
-0.0317602
-0.0320588
-0.0320751
-0.0318216
-0.0313145
-0.030588
-0.0296668
-0.0285635
-0.0272873
-0.0258429
-0.0242394
-0.0224925
-0.0206174
-0.0186293
-0.0165396
-0.0143519
-0.0120621
-0.00966886
-0.00718383
-0.0046207
-0.00198848
0.000701076
0.00343339
0.00619865
0.00899637
0.0118332
0.0147128
0.0176288
0.0205737
0.0235452
0.0265373
0.0295359
0.0325298
0.0355202
0.0385143
0.0415132
0.0445088
0.0474876
0.0504353
0.0533436
0.0562129
0.059044
0.0618305
0.0645648
0.0672459
0.0698698
0.0724151
0.0748506
0.0771573
0.0793355
0.0813933
0.083335
0.0851614
0.0868687
0.0884472
0.0898867
0.0911861
0.0923533
0.093394
0.0943069
0.0950907
0.0957507
0.0962939
0.0967189
0.0970159
0.0971774
0.0972063
0.0971144
0.0969155
0.0966204
0.096234
0.0957558
0.095184
0.0945226
0.0937903
0.0930237
0.092264
0.0915424
0.0908759
0.0902754
0.0897626
0.0893995
0.089238
-0.000650315
-0.00237657
-0.00404375
-0.00600328
-0.00816929
-0.0104143
-0.012693
-0.0149705
-0.0172073
-0.0193405
-0.021356
-0.0232218
-0.0249114
-0.0263947
-0.0276405
-0.0286444
-0.0293997
-0.0298871
-0.0300928
-0.0300496
-0.0297706
-0.0292687
-0.0285628
-0.0276715
-0.0266103
-0.0253851
-0.0240004
-0.0224688
-0.0208021
-0.0190057
-0.0170931
-0.0150784
-0.0129623
-0.0107427
-0.00842271
-0.00601263
-0.00352541
-0.000968315
0.00164575
0.00429566
0.00697466
0.00969237
0.0124538
0.0152549
0.0180905
0.0209565
0.0238475
0.0267542
0.0296632
0.0325654
0.0354663
0.0383796
0.0413057
0.0442281
0.0471302
0.0500047
0.0528467
0.0556505
0.0584132
0.0611338
0.0638113
0.0664441
0.0690236
0.071525
0.0739158
0.0761779
0.078316
0.0803426
0.0822619
0.0840697
0.085758
0.0873174
0.0887402
0.0900255
0.0911791
0.0922049
0.0931029
0.0938758
0.0945325
0.0950799
0.0955136
0.0958214
0.0959961
0.0960452
0.0959849
0.0958302
0.0955881
0.0952573
0.0948326
0.0943129
0.0937078
0.0930426
0.0923546
0.0916791
0.0910378
0.0904412
0.0898977
0.0894243
0.0890756
0.0889055
-0.00121326
-0.00333338
-0.00523799
-0.00728997
-0.00944288
-0.0115541
-0.0136181
-0.0156264
-0.0175766
-0.019437
-0.0211738
-0.0227783
-0.0242257
-0.0254896
-0.0265433
-0.0273871
-0.0279971
-0.0283728
-0.0284995
-0.0283919
-0.0280791
-0.0275724
-0.0268785
-0.026013
-0.0249831
-0.0237894
-0.0224439
-0.0209616
-0.0193503
-0.0176154
-0.015769
-0.0138204
-0.0117643
-0.00960126
-0.00734533
-0.00500323
-0.0025795
-8.78943e-05
0.00245431
0.00503213
0.00764129
0.0102908
0.0129857
0.0157178
0.0184804
0.0212748
0.0240959
0.0269257
0.0297491
0.0325677
0.0353959
0.0382436
0.0411048
0.0439627
0.0468037
0.049621
0.0524076
0.0551563
0.0578651
0.0605365
0.063172
0.0657697
0.0683169
0.070784
0.0731376
0.075365
0.077477
0.0794866
0.0813926
0.0831854
0.0848583
0.0864064
0.0878231
0.0891039
0.0902499
0.0912638
0.0921484
0.0929112
0.0935651
0.094118
0.0945629
0.0948838
0.0950728
0.0951402
0.095106
0.0949841
0.0947761
0.094476
0.094078
0.0935859
0.0930158
0.0923946
0.091755
0.0911247
0.0905194
0.08995
0.0894267
0.0889622
0.0885947
0.0883652
-0.00202893
-0.0043887
-0.00642897
-0.00847273
-0.0105167
-0.01249
-0.0143536
-0.016139
-0.0178595
-0.0194942
-0.0210182
-0.0224091
-0.0236578
-0.024741
-0.0256292
-0.026322
-0.0268217
-0.0270991
-0.0271551
-0.0269999
-0.0266542
-0.0261293
-0.0254339
-0.0245803
-0.0235691
-0.0224005
-0.0210873
-0.0196403
-0.0180672
-0.0163806
-0.0145881
-0.0126897
-0.0106841
-0.00857527
-0.00637456
-0.00408971
-0.00172486
0.000704988
0.00317878
0.00568831
0.00823817
0.010831
0.0134626
0.0161286
0.0188282
0.0215593
0.02431
0.0270626
0.0298085
0.0325546
0.0353166
0.038104
0.0409073
0.0437069
0.0464918
0.049259
0.0519985
0.0546973
0.0573556
0.0599843
0.0625878
0.0651574
0.0676725
0.0701032
0.072422
0.0746216
0.0767142
0.07871
0.0806034
0.0823821
0.0840413
0.0855804
0.0869943
0.0882741
0.0894154
0.0904202
0.0912958
0.0920543
0.0927099
0.0932687
0.0937215
0.0940517
0.0942532
0.094339
0.0943295
0.0942352
0.0940517
0.0937701
0.0933876
0.0929137
0.0923698
0.0917814
0.091174
0.0905679
0.0899767
0.0894124
0.0888874
0.0884106
0.0879976
0.0876682
-0.0030041
-0.00545409
-0.00754507
-0.00951571
-0.011423
-0.0132128
-0.0149123
-0.0165094
-0.0180405
-0.0194992
-0.0208458
-0.0220701
-0.0231666
-0.0240999
-0.0248642
-0.025438
-0.0258384
-0.0260435
-0.0260467
-0.0258584
-0.0254888
-0.0249469
-0.0242457
-0.0233916
-0.0223848
-0.021232
-0.0199434
-0.018525
-0.0169828
-0.0153308
-0.0135767
-0.0117155
-0.00974885
-0.00768717
-0.00553462
-0.0032941
-0.000979421
0.00139109
0.00380528
0.00625988
0.00875724
0.0112977
0.013876
0.0164873
0.0191324
0.0218082
0.0244966
0.0271788
0.0298555
0.0325419
0.0352508
0.0379843
0.0407326
0.0434805
0.0462192
0.0489434
0.0516389
0.0542914
0.0569059
0.0594996
0.0620756
0.0646169
0.0670978
0.0694917
0.0717785
0.073954
0.0760292
0.0780106
0.0798892
0.0816527
0.0832995
0.0848327
0.086246
0.0875245
0.0886594
0.0896559
0.0905281
0.0912909
0.0919547
0.0925195
0.0929744
0.0933067
0.0935149
0.0936137
0.0936228
0.0935497
0.0933862
0.0931215
0.0927541
0.0922967
0.0917729
0.0912073
0.0906188
0.090022
0.0894291
0.0888522
0.0883051
0.0877962
0.0873188
0.0868677
-0.00409141
-0.00647914
-0.00854606
-0.0104382
-0.0121978
-0.013832
-0.015362
-0.0168106
-0.0181925
-0.0194986
-0.0207051
-0.0217918
-0.0227502
-0.0235724
-0.024236
-0.0247253
-0.0250401
-0.0251884
-0.0251512
-0.0249316
-0.0245428
-0.023992
-0.0232857
-0.0224267
-0.0214211
-0.020279
-0.019005
-0.0176052
-0.0160903
-0.0144662
-0.0127357
-0.0109016
-0.00896758
-0.00694121
-0.00482551
-0.00262312
-0.000350696
0.00197087
0.00433607
0.00674861
0.0092057
0.011701
0.0142332
0.0168033
0.0194086
0.022038
0.0246712
0.0272954
0.0299195
0.0325599
0.0352237
0.0379094
0.0406102
0.0433149
0.0460144
0.0487
0.0513548
0.0539658
0.0565432
0.0591073
0.0616573
0.0641678
0.066611
0.0689672
0.0712245
0.0733798
0.0754383
0.0774011
0.0792588
0.0810038
0.0826398
0.0841702
0.0855834
0.0868582
0.0879854
0.0889764
0.0898514
0.0906243
0.0912979
0.0918663
0.0923189
0.0926488
0.0928595
0.0929667
0.0929881
0.0929303
0.0927845
0.092538
0.0921888
0.0917491
0.0912418
0.0906896
0.090107
0.0895057
0.0888976
0.0882942
0.0877098
0.0871535
0.0865987
0.0860142
-0.00526678
-0.00749818
-0.00945218
-0.0112454
-0.0128906
-0.0143818
-0.0157758
-0.017092
-0.018338
-0.0195229
-0.0206119
-0.0215804
-0.0224267
-0.0231589
-0.0237345
-0.0241621
-0.0244234
-0.0245188
-0.0244462
-0.0242026
-0.0237944
-0.0232321
-0.0225203
-0.0216604
-0.0206583
-0.019523
-0.0182596
-0.0168742
-0.0153776
-0.0137731
-0.0120598
-0.0102454
-0.008337
-0.00633548
-0.00424322
-0.00207122
0.000163186
0.00244736
0.00478025
0.00716259
0.00958714
0.0120481
0.014549
0.0170918
0.0196679
0.0222605
0.0248506
0.0274326
0.0300203
0.0326273
0.0352533
0.0378964
0.0405569
0.0432272
0.0458941
0.0485437
0.0511593
0.0537329
0.0562794
0.0588179
0.0613399
0.0638137
0.0662145
0.0685334
0.0707643
0.0729002
0.0749379
0.0768751
0.0787065
0.0804311
0.0820561
0.0835824
0.0849921
0.0862611
0.0873828
0.0883752
0.0892609
0.0900487
0.0907322
0.0913011
0.0917492
0.0920767
0.0922919
0.0924091
0.0924422
0.0923971
0.0922663
0.0920374
0.0917072
0.0912854
0.0907909
0.0902421
0.0896519
0.0890319
0.0883968
0.087758
0.0871281
0.0865151
0.0858726
0.0851477
-0.0064894
-0.00851621
-0.0103197
-0.0119869
-0.0135315
-0.0149146
-0.0161959
-0.0173883
-0.0185165
-0.0195895
-0.0205715
-0.021441
-0.0222039
-0.0228546
-0.0233705
-0.0237375
-0.0239601
-0.0240204
-0.023915
-0.0236476
-0.0232245
-0.0226524
-0.021932
-0.0210701
-0.020074
-0.0189453
-0.0176895
-0.016316
-0.0148308
-0.0132361
-0.0115363
-0.00973843
-0.00784586
-0.00585817
-0.00378188
-0.00163313
0.000573208
0.00283258
0.00514584
0.00750751
0.00990705
0.0123446
0.0148296
0.0173587
0.0199139
0.0224775
0.0250381
0.0275957
0.030162
0.0327435
0.035336
0.0379429
0.0405722
0.0432161
0.0458541
0.0484683
0.0510472
0.0535899
0.0561121
0.0586255
0.0611133
0.0635439
0.0659016
0.0681873
0.0703947
0.0725077
0.0745164
0.0764209
0.0782238
0.0799289
0.0815421
0.08306
0.0844615
0.0857233
0.0868439
0.0878457
0.0887499
0.0895571
0.0902518
0.0908219
0.091268
0.0915986
0.0918245
0.0919561
0.092002
0.0919669
0.0918465
0.0916311
0.0913166
0.0909096
0.0904226
0.0898691
0.0892603
0.0886106
0.0879383
0.0872559
0.0865745
0.0858971
0.0851584
0.0842906
-0.00770154
-0.00952628
-0.0111616
-0.0126991
-0.0141402
-0.0154408
-0.016628
-0.0177269
-0.018753
-0.0197121
-0.0206022
-0.0213945
-0.0220875
-0.0226661
-0.023137
-0.0234627
-0.0236435
-0.02367
-0.023537
-0.0232499
-0.0228138
-0.0222312
-0.0215048
-0.0206421
-0.0196481
-0.0185241
-0.017275
-0.0159084
-0.014428
-0.0128391
-0.0111494
-0.00936212
-0.00747572
-0.00549445
-0.0034317
-0.00130089
0.000890748
0.00313926
0.00543951
0.0077839
0.0101672
0.0125954
0.0150765
0.017598
0.0201369
0.0226819
0.0252293
0.0277776
0.0303309
0.0328903
0.0354548
0.0380357
0.0406442
0.0432668
0.0458762
0.0484572
0.0510071
0.0535286
0.0560306
0.0585154
0.0609632
0.0633492
0.065669
0.0679279
0.0701131
0.0721978
0.0741696
0.0760374
0.0778132
0.0795013
0.0811011
0.0826048
0.0839933
0.0852489
0.0863741
0.0873904
0.0883147
0.0891404
0.089847
0.0904232
0.0908755
0.0912175
0.0914593
0.0916065
0.091663
0.0916331
0.0915175
0.0913107
0.091008
0.0906114
0.090127
0.0895631
0.0889301
0.0882448
0.0875281
0.0867948
0.0860546
0.0853051
0.0844645
0.083456
-0.00884778
-0.0105075
-0.0119974
-0.0133951
-0.0147354
-0.0159502
-0.0170661
-0.0180916
-0.019032
-0.0199059
-0.0207178
-0.0214467
-0.022081
-0.0226159
-0.0230346
-0.0233274
-0.0234728
-0.0234635
-0.0233016
-0.0229957
-0.0225476
-0.0219532
-0.0212205
-0.0203587
-0.019366
-0.0182413
-0.0169924
-0.015628
-0.0141521
-0.0125678
-0.0108808
-0.0090948
-0.0072112
-0.00523635
-0.00318253
-0.00105952
0.00112715
0.00336987
0.00566007
0.00799389
0.0103724
0.0128018
0.0152834
0.017799
0.0203283
0.0228683
0.0254171
0.0279648
0.0305078
0.0330491
0.0355958
0.0381634
0.0407593
0.0433624
0.0459449
0.0485006
0.051034
0.0535432
0.0560254
0.0584772
0.0608844
0.0632329
0.0655246
0.0677621
0.0699234
0.0719749
0.0739076
0.075741
0.0774936
0.0791655
0.0807476
0.0822308
0.0836034
0.0848547
0.085987
0.0870162
0.0879534
0.0887904
0.0895079
0.0900964
0.0905643
0.0909251
0.0911847
0.0913439
0.0914053
0.0913752
0.0912598
0.0910581
0.0907649
0.0903766
0.0898922
0.0893149
0.0886552
0.0879318
0.0871671
0.0863773
0.0855728
0.0847467
0.0838036
0.0826604
-0.00990687
-0.0114424
-0.0128075
-0.0140884
-0.0153253
-0.0164625
-0.0175124
-0.0184738
-0.0193501
-0.0201655
-0.0209194
-0.021603
-0.0221924
-0.0226943
-0.023075
-0.0233286
-0.023434
-0.0233909
-0.0232067
-0.0228802
-0.0224103
-0.0218049
-0.0210725
-0.0202088
-0.019208
-0.0180778
-0.0168294
-0.0154658
-0.0139886
-0.012404
-0.0107171
-0.00893016
-0.00704664
-0.00507451
-0.00302344
-0.00090075
0.00128597
0.00352515
0.00580983
0.00814295
0.0105275
0.0129632
0.0154456
0.0179585
0.0204891
0.0230379
0.0255967
0.028146
0.0306815
0.0332143
0.0357566
0.0383211
0.0409076
0.0434929
0.0460561
0.0486003
0.0511295
0.0536302
0.0560897
0.0585074
0.0608815
0.0632058
0.0654796
0.0676971
0.0698309
0.0718487
0.0737475
0.0755534
0.0772857
0.0789391
0.0804987
0.0819578
0.0833135
0.0845601
0.0856959
0.0867292
0.087668
0.0885079
0.0892351
0.0898414
0.090332
0.0907151
0.0909914
0.0911584
0.0912193
0.0911846
0.0910655
0.0908661
0.0905801
0.0901978
0.0897113
0.0891198
0.0884339
0.0876734
0.0868601
0.0860112
0.0851392
0.084236
0.083194
0.0819236
-0.0108809
-0.0123086
-0.0135815
-0.0147663
-0.0159199
-0.0169937
-0.017978
-0.0188875
-0.019725
-0.0204986
-0.0212097
-0.0218558
-0.0224259
-0.0228926
-0.0232394
-0.0234482
-0.0235185
-0.0234471
-0.0232327
-0.0228808
-0.0223967
-0.0217855
-0.0210457
-0.0201712
-0.0191628
-0.0180291
-0.0167768
-0.0154082
-0.0139275
-0.0123407
-0.0106514
-0.00886192
-0.00697683
-0.00500275
-0.00294728
-0.000819553
0.00136943
0.00360875
0.00589686
0.00824022
0.0106368
0.0130793
0.0155642
0.0180832
0.0206275
0.0231931
0.0257629
0.0283148
0.0308511
0.033389
0.0359378
0.0385026
0.0410809
0.043655
0.0462126
0.0487587
0.0512895
0.0537802
0.0562156
0.0586054
0.0609593
0.0632715
0.0655324
0.067729
0.0698353
0.0718248
0.0736991
0.0754844
0.0771972
0.0788288
0.0803642
0.0818006
0.0831403
0.0843785
0.085509
0.0865356
0.0874678
0.0883072
0.0890454
0.0896731
0.0901887
0.0905937
0.0908846
0.0910564
0.0911137
0.0910712
0.0909458
0.0907451
0.090462
0.0900807
0.0895874
0.0889798
0.0882694
0.0874757
0.0866167
0.0857088
0.084768
0.0837886
0.0826508
0.081258
-0.0117706
-0.0131138
-0.0143178
-0.0154214
-0.0165111
-0.0175277
-0.018474
-0.019353
-0.0201598
-0.0208986
-0.0215886
-0.0222127
-0.0227583
-0.0231894
-0.0235035
-0.0236762
-0.0237091
-0.0236059
-0.023365
-0.0229922
-0.0224968
-0.0218788
-0.0211277
-0.0202401
-0.0192239
-0.0180859
-0.016827
-0.01545
-0.0139628
-0.0123718
-0.010679
-0.00888524
-0.00699435
-0.00501193
-0.00294736
-0.000812946
0.00138151
0.00362983
0.00593243
0.00829197
0.0107004
0.0131501
0.0156446
0.0181804
0.020745
0.0233268
0.0259061
0.028466
0.0310147
0.0335678
0.0361266
0.0386919
0.0412669
0.0438422
0.0464075
0.0489621
0.0514932
0.0539722
0.0563887
0.0587622
0.0611075
0.0634142
0.0656636
0.0678408
0.069925
0.0718959
0.073755
0.0755246
0.0772185
0.0788291
0.0803445
0.0817641
0.0830898
0.084315
0.0854317
0.0864449
0.0873687
0.0882099
0.0889614
0.0896105
0.0901485
0.0905713
0.0908731
0.0910479
0.0911007
0.0910491
0.0909146
0.0907086
0.090423
0.0900366
0.0895307
0.0889028
0.088167
0.0873418
0.0864402
0.0854751
0.0844662
0.0834104
0.0821773
0.0806639
-0.012587
-0.013876
-0.0150114
-0.0160515
-0.0170878
-0.0180737
-0.018995
-0.0198482
-0.0206438
-0.0213761
-0.022045
-0.0226507
-0.02317
-0.0235784
-0.0238514
-0.0239915
-0.0239966
-0.0238622
-0.023596
-0.0232105
-0.0227092
-0.0220804
-0.0213136
-0.0204145
-0.0193923
-0.0182466
-0.0169756
-0.0155868
-0.014092
-0.012496
-0.0107966
-0.00899277
-0.00708976
-0.00509562
-0.003021
-0.000876771
0.0013312
0.00359807
0.00592014
0.00829521
0.010715
0.0131768
0.0156887
0.0182453
0.020828
0.0234228
0.0260142
0.0285902
0.0311587
0.0337291
0.0362973
0.0388666
0.0414481
0.0440366
0.0466168
0.0491798
0.0517093
0.0541797
0.0565872
0.058956
0.0613002
0.0636041
0.065845
0.0680094
0.0700815
0.0720438
0.0738953
0.0756542
0.0773339
0.07893
0.0804339
0.081844
0.0831592
0.0843704
0.0854707
0.0864697
0.087387
0.0882319
0.0889954
0.0896604
0.0902137
0.0906481
0.0909565
0.0911327
0.0911808
0.0911203
0.0909755
0.0907598
0.090465
0.0900668
0.0895439
0.0888929
0.0881289
0.0872696
0.086325
0.0853047
0.0842289
0.0830957
0.0817662
0.0801341
-0.0133445
-0.0145819
-0.0156745
-0.0166729
-0.0176654
-0.0186267
-0.0195366
-0.0203884
-0.0211754
-0.0219071
-0.022572
-0.0231645
-0.023655
-0.0240376
-0.0242851
-0.0243985
-0.0243743
-0.0242148
-0.0239355
-0.0235452
-0.0230343
-0.0223884
-0.0216083
-0.0207029
-0.0196716
-0.0185087
-0.0172196
-0.0158192
-0.014317
-0.0127114
-0.0109976
-0.00917755
-0.00726022
-0.00525384
-0.00316601
-0.00100476
0.00122435
0.0035131
0.00585346
0.00824313
0.0106775
0.0131567
0.015688
0.0182622
0.0208588
0.0234671
0.0260759
0.0286732
0.0312629
0.0338497
0.0364292
0.0390099
0.041608
0.0442169
0.0468141
0.049385
0.0519151
0.0543846
0.0567936
0.0591662
0.0615138
0.0638186
0.0660579
0.0682197
0.0702908
0.0722537
0.0741049
0.0758607
0.0775352
0.0791267
0.0806275
0.0820344
0.0833435
0.0845447
0.085633
0.0866216
0.0875337
0.0883793
0.0891471
0.0898177
0.0903771
0.090817
0.0911289
0.0913047
0.0913478
0.0912784
0.0911225
0.0908933
0.0905818
0.0901641
0.0896197
0.0889445
0.0881509
0.0872551
0.0862663
0.0851919
0.0840499
0.0828385
0.0814135
0.079667
-0.0140206
-0.0152455
-0.0163128
-0.017278
-0.0182566
-0.0192052
-0.0201064
-0.0209649
-0.0217625
-0.0224951
-0.0231582
-0.0237363
-0.0242168
-0.0245754
-0.0248056
-0.0248959
-0.0248476
-0.0246779
-0.0243965
-0.0239977
-0.0234689
-0.0228085
-0.0220225
-0.0211084
-0.0200563
-0.0188686
-0.0175622
-0.0161513
-0.0146362
-0.0130118
-0.0112776
-0.00944019
-0.00750854
-0.00548652
-0.00337867
-0.00119416
0.00105834
0.00336782
0.00572582
0.00813251
0.0105855
0.013084
0.0156327
0.0182213
0.0208316
0.0234571
0.0260878
0.0287084
0.0313187
0.033923
0.0365198
0.0391206
0.0417421
0.0443744
0.0469896
0.0495712
0.052108
0.0545854
0.0570048
0.0593877
0.0617437
0.0640553
0.0663013
0.0684706
0.0705503
0.0725218
0.0743809
0.0761428
0.0778224
0.0794188
0.0809235
0.082332
0.0836398
0.0848379
0.0859223
0.0869066
0.0878139
0.0886544
0.0894169
0.0900826
0.09064
0.0910814
0.0913957
0.0915705
0.0916065
0.0915252
0.0913544
0.0911069
0.0907722
0.0903275
0.0897558
0.0890543
0.0882319
0.0873005
0.0862685
0.0851415
0.0839337
0.0826439
0.0811269
0.0792728
-0.0146151
-0.0158557
-0.0169195
-0.0178738
-0.0188466
-0.0198009
-0.0207154
-0.0215817
-0.0223947
-0.0231363
-0.0238019
-0.0243744
-0.0248518
-0.0252002
-0.0254134
-0.025487
-0.0254327
-0.0252633
-0.0249758
-0.0245612
-0.024018
-0.0233512
-0.022557
-0.0216213
-0.0205403
-0.0193301
-0.0180096
-0.016583
-0.0150451
-0.0133956
-0.0116404
-0.00978619
-0.00783662
-0.00579186
-0.0036576
-0.00144701
0.000829016
0.00315987
0.00553853
0.00796659
0.0104413
0.0129597
0.0155254
0.0181296
0.0207575
0.023405
0.0260606
0.0287056
0.0313378
0.0339635
0.0365842
0.0392119
0.0418607
0.0445175
0.0471525
0.0497492
0.0522995
0.0547922
0.0572288
0.0596279
0.0619977
0.0643223
0.0665821
0.0687663
0.0708614
0.072849
0.0747236
0.0764996
0.0781919
0.0797999
0.0813146
0.082731
0.0840449
0.0852482
0.0863374
0.0873241
0.088229
0.0890621
0.0898144
0.0904708
0.0910227
0.0914636
0.0917792
0.091952
0.0919786
0.09188
0.0916871
0.0914139
0.0910489
0.0905701
0.0899647
0.0892334
0.0883826
0.0874188
0.0863465
0.0851677
0.0838934
0.0825258
0.0809209
0.0789649
-0.0151471
-0.0164164
-0.0174954
-0.0184593
-0.0194433
-0.0204185
-0.0213565
-0.0222457
-0.0230769
-0.0238339
-0.0245084
-0.0250944
-0.0255664
-0.025912
-0.0261174
-0.0261891
-0.0261396
-0.0259669
-0.0256659
-0.0252387
-0.0246906
-0.0240172
-0.0232018
-0.0222348
-0.0211282
-0.019902
-0.0185642
-0.0171116
-0.015544
-0.0138693
-0.0120943
-0.0102192
-0.00824349
-0.00616826
-0.00400334
-0.00176484
0.000537023
0.00289371
0.00529897
0.00775358
0.010253
0.0127933
0.0153789
0.0180037
0.0206553
0.0233293
0.0260121
0.0286829
0.0313396
0.0339907
0.03664
0.0392982
0.0419759
0.0446577
0.0473141
0.0499302
0.0524999
0.0550137
0.0574723
0.0598917
0.0622792
0.0646208
0.0668989
0.0691033
0.0712202
0.0732304
0.0751271
0.0769226
0.0786319
0.0802558
0.0817868
0.08322
0.0845507
0.0857699
0.0868733
0.0878704
0.0887791
0.089609
0.090354
0.0910032
0.0915504
0.0919895
0.0923033
0.0924704
0.0924844
0.0923653
0.0921452
0.0918395
0.0914372
0.0909168
0.09027
0.0895029
0.0886221
0.0876271
0.086515
0.085283
0.0839409
0.0824957
0.080804
0.0787495
-0.0156183
-0.0169582
-0.0180746
-0.0190558
-0.0200653
-0.0210758
-0.0220436
-0.0229648
-0.0238225
-0.0246048
-0.0252974
-0.0258978
-0.026374
-0.0267214
-0.0269326
-0.0270134
-0.0269642
-0.0267811
-0.02647
-0.02604
-0.025488
-0.0247958
-0.0239488
-0.0229541
-0.0218309
-0.0205879
-0.0192227
-0.0177362
-0.0161389
-0.0144414
-0.0126431
-0.0107376
-0.00872565
-0.00661398
-0.00441591
-0.00214684
0.000186044
0.00257558
0.0050141
0.00750015
0.0100278
0.0125934
0.015204
0.017856
0.0205374
0.0232414
0.0259528
0.0286508
0.0313346
0.0340145
0.0366948
0.0393844
0.0420904
0.0447966
0.0474758
0.0501153
0.0527099
0.0552498
0.057734
0.0601759
0.0625826
0.0649433
0.0672435
0.0694734
0.0716182
0.0736574
0.0755819
0.0774022
0.0791328
0.0807774
0.0823314
0.0837909
0.0851496
0.0863963
0.0875245
0.0885418
0.0894639
0.0902989
0.091043
0.0916889
0.092233
0.092668
0.0929751
0.093131
0.0931293
0.0929895
0.0927421
0.0924017
0.0919571
0.0913888
0.0906932
0.0898834
0.0889674
0.0879377
0.0867814
0.0854917
0.0840796
0.0825564
0.080778
0.0786268
-0.0160611
-0.0174955
-0.0186725
-0.0196928
-0.0207382
-0.0217891
-0.0227978
-0.0237537
-0.0246459
-0.02546
-0.0261808
-0.0267898
-0.0272826
-0.0276424
-0.0278663
-0.0279525
-0.0278968
-0.0277075
-0.0273968
-0.0269651
-0.0263967
-0.0256746
-0.0247999
-0.0237888
-0.0226503
-0.0213801
-0.019978
-0.0184581
-0.0168358
-0.0151139
-0.0132824
-0.0113349
-0.00927986
-0.00712979
-0.00489705
-0.00259299
-0.000222228
0.00220689
0.00468332
0.0072037
0.00976283
0.0123591
0.0150014
0.0176872
0.0204031
0.0231393
0.0258798
0.0286069
0.0313216
0.0340339
0.036747
0.0394676
0.0422006
0.0449311
0.0476355
0.0503034
0.0529287
0.0554989
0.0580108
0.0604766
0.0629047
0.0652881
0.0676151
0.0698762
0.0720549
0.0741288
0.0760871
0.0779388
0.0796981
0.0813706
0.0829546
0.0844472
0.0858414
0.0871245
0.0882874
0.0893355
0.0902813
0.0911305
0.0918793
0.0925231
0.0930613
0.0934879
0.0937834
0.093925
0.0939076
0.09375
0.0934786
0.0931033
0.0926128
0.0919923
0.0912443
0.0903871
0.0894298
0.0883577
0.0871494
0.0857961
0.0843117
0.0827105
0.0808476
0.0786036
-0.0165092
-0.0180444
-0.0193046
-0.020385
-0.0214762
-0.0225714
-0.0236307
-0.0246297
-0.0255612
-0.0264063
-0.0271546
-0.0277855
-0.0283001
-0.0286774
-0.0289105
-0.0289954
-0.0289385
-0.0287538
-0.0284441
-0.0279981
-0.0274014
-0.0266526
-0.0257627
-0.0247381
-0.023573
-0.0222644
-0.0208267
-0.0192811
-0.0176349
-0.0158788
-0.0140018
-0.0120062
-0.00990883
-0.00772194
-0.00545206
-0.00310673
-0.000691884
0.00177998
0.00429511
0.00685119
0.00944625
0.0120806
0.0147625
0.0174877
0.0202408
0.0230106
0.0257827
0.0285433
0.0312948
0.034044
0.0367915
0.039543
0.0423038
0.0450615
0.0477966
0.0504992
0.0531601
0.0557638
0.0583054
0.0607977
0.0632515
0.0656635
0.068024
0.0703227
0.0725409
0.0746549
0.0766534
0.0785446
0.0803417
0.0820504
0.0836703
0.0851996
0.0866321
0.0879556
0.0891605
0.0902487
0.0912276
0.092098
0.0928544
0.0934951
0.0940233
0.0944368
0.094718
0.0948461
0.0948168
0.0946464
0.0943539
0.0939424
0.0934019
0.0927261
0.0919253
0.0910199
0.0900164
0.0888944
0.0876271
0.0862056
0.0846476
0.0829708
0.0810299
0.0786996
-0.0169893
-0.0186383
-0.0199894
-0.0211427
-0.0222925
-0.023442
-0.0245532
-0.0256003
-0.0265717
-0.0274529
-0.0282283
-0.028894
-0.0294285
-0.0298189
-0.0300574
-0.0301464
-0.0300985
-0.0299176
-0.0295959
-0.029124
-0.0285022
-0.0277388
-0.0268363
-0.0257858
-0.0245816
-0.0232363
-0.0217738
-0.0202066
-0.0185273
-0.0167239
-0.0147957
-0.012756
-0.0106219
-0.0083982
-0.00608567
-0.0036934
-0.00123268
0.00128065
0.00383391
0.00642901
0.00906747
0.0117487
0.0144764
0.0172439
0.0200363
0.0228433
0.0256532
0.0284554
0.0312508
0.034041
0.0368242
0.0396081
0.0424009
0.0451931
0.0479665
0.0507098
0.0534102
0.0560499
0.0586243
0.0611479
0.0636339
0.0660815
0.0684819
0.0708238
0.0730867
0.0752469
0.0772931
0.0792319
0.0810745
0.0828253
0.0844846
0.0860519
0.0875231
0.0888889
0.0901403
0.0912753
0.0922937
0.09319
0.0939561
0.0945935
0.0951114
0.0955122
0.0957819
0.0959013
0.095865
0.0956848
0.0953711
0.0949208
0.0943269
0.0935946
0.0927423
0.0917889
0.0907354
0.0895577
0.0882273
0.0867359
0.0851053
0.0833587
0.081348
0.0789378
-0.0175309
-0.0193036
-0.0207474
-0.0219842
-0.023203
-0.0244111
-0.0255733
-0.0266706
-0.027684
-0.0286057
-0.029416
-0.0301098
-0.0306618
-0.0310643
-0.031313
-0.0314146
-0.0313737
-0.031184
-0.0308408
-0.0303471
-0.0297111
-0.0289347
-0.0280067
-0.026917
-0.0256757
-0.0243067
-0.0228254
-0.0212277
-0.0195013
-0.0176452
-0.0156719
-0.0135962
-0.0114265
-0.00916001
-0.00679855
-0.00435825
-0.00185497
0.000697648
0.00329244
0.00593484
0.00862594
0.0113604
0.0141365
0.0169472
0.019782
0.0226336
0.0254911
0.0283435
0.0311882
0.0340225
0.0368443
0.0396654
0.0424975
0.0453323
0.0481509
0.050939
0.0536813
0.0563604
0.0589735
0.0615359
0.064061
0.0665491
0.0689931
0.0713814
0.0736937
0.0759067
0.0780086
0.0800027
0.0818961
0.0836915
0.0853906
0.0869963
0.0885077
0.0899181
0.0912192
0.0924044
0.0934659
0.0943909
0.0951697
0.0958073
0.0963199
0.0967154
0.0969821
0.0971
0.0970605
0.0968698
0.0965323
0.0960419
0.0953961
0.0946098
0.0937078
0.0927052
0.0915972
0.0903589
0.0889626
0.0874019
0.0857024
0.0838929
0.0818177
0.0793306
-0.0181567
-0.0200563
-0.0215991
-0.0229219
-0.0242148
-0.025482
-0.0266983
-0.0278474
-0.0289083
-0.0298667
-0.0307141
-0.0314278
-0.0319996
-0.0324195
-0.0326845
-0.0327971
-0.0327521
-0.032547
-0.0321877
-0.0316827
-0.0310337
-0.0302317
-0.0292652
-0.0281388
-0.0268743
-0.0254885
-0.0239789
-0.022335
-0.0205554
-0.0186537
-0.0166449
-0.014534
-0.0123205
-0.0100027
-0.00759083
-0.00510701
-0.00256473
3.03266e-05
0.00267604
0.00537592
0.00812559
0.0109146
0.0137388
0.0165949
0.0194786
0.0223842
0.0252978
0.0282057
0.0311027
0.0339846
0.0368516
0.0397191
0.0425997
0.0454838
0.0483511
0.0511861
0.0539734
0.0566977
0.059358
0.061968
0.0645387
0.0670707
0.0695591
0.0719952
0.0743605
0.0766324
0.0787972
0.080853
0.0828013
0.0846429
0.0863822
0.0880273
0.0895819
0.091041
0.0923941
0.0936298
0.0947339
0.0956889
0.0964849
0.0971305
0.0976472
0.0980468
0.0983189
0.0984406
0.0983986
0.0981947
0.0978318
0.0973054
0.0966164
0.0957839
0.0948345
0.0937801
0.0926125
0.0913084
0.0898438
0.088215
0.0864516
0.0845841
0.0824457
0.0798802
-0.0188774
-0.0209121
-0.0225578
-0.0239631
-0.0253337
-0.0266664
-0.0279403
-0.0291377
-0.0302448
-0.0312405
-0.0321175
-0.0328553
-0.0334504
-0.0338907
-0.0341712
-0.0342871
-0.034235
-0.0340215
-0.0336556
-0.0331394
-0.0324662
-0.0316276
-0.0306255
-0.029476
-0.0281949
-0.0267817
-0.0252264
-0.0235289
-0.021703
-0.0197657
-0.0177214
-0.0155649
-0.013297
-0.0109257
-0.00846872
-0.00594606
-0.00336195
-0.0007146
0.00199265
0.00475513
0.0075622
0.010403
0.0132763
0.016184
0.0191254
0.0220928
0.0250673
0.0280331
0.0309854
0.0339217
0.0368448
0.0397703
0.0427079
0.0456459
0.0485644
0.0514499
0.0542889
0.0570679
0.0597856
0.0624518
0.0650739
0.0676526
0.0701874
0.0726733
0.075095
0.0774306
0.0796638
0.0817864
0.0837942
0.085686
0.087469
0.0891568
0.0907582
0.0922688
0.093675
0.0949594
0.0961032
0.097088
0.097906
0.0985692
0.0991003
0.0995116
0.0997918
0.0999161
0.0998682
0.0996488
0.0992629
0.0987098
0.0979911
0.097123
0.0961296
0.0950215
0.0937905
0.0924166
0.0908818
0.0891867
0.0873634
0.085439
0.0832363
0.0805895
-0.0196998
-0.0218826
-0.0236362
-0.0251264
-0.0265747
-0.0279764
-0.0293062
-0.0305505
-0.0316972
-0.0327331
-0.0336372
-0.0344048
-0.0350235
-0.0354827
-0.0357746
-0.0358933
-0.035842
-0.0356285
-0.0352549
-0.0347175
-0.0340115
-0.0331393
-0.0321137
-0.0309463
-0.0296374
-0.0281785
-0.0265691
-0.0248248
-0.0229627
-0.020989
-0.018897
-0.0166828
-0.0143582
-0.0119404
-0.00944463
-0.00688062
-0.00424422
-0.00153386
0.00123917
0.00406142
0.00692099
0.00981271
0.0127407
0.0157087
0.0187152
0.021748
0.0247853
0.0278124
0.0308276
0.03383
0.036822
0.0398156
0.0428163
0.0458118
0.0487862
0.0517305
0.0546332
0.05748
0.0602661
0.0629961
0.0656746
0.0683045
0.0708901
0.0734309
0.0759138
0.0783173
0.0806222
0.0828154
0.084888
0.0868371
0.0886715
0.0904081
0.0920591
0.0936212
0.0950781
0.0964088
0.0975907
0.0986063
0.0994518
0.100141
0.100694
0.10112
0.101406
0.101526
0.101468
0.101234
0.100831
0.100262
0.0995246
0.0986291
0.0975951
0.0964336
0.0951382
0.0936936
0.0920888
0.0903295
0.0884475
0.0864655
0.0841974
0.0814675
-0.0206426
-0.0229794
-0.0248485
-0.0264294
-0.0279511
-0.0294182
-0.0308014
-0.0320946
-0.0332818
-0.0343533
-0.0352895
-0.0360866
-0.0367281
-0.037205
-0.0375086
-0.0376364
-0.0375924
-0.0373767
-0.0369867
-0.0364217
-0.0356859
-0.0347902
-0.0337444
-0.0325477
-0.031193
-0.0296803
-0.028024
-0.0262432
-0.0243443
-0.0223214
-0.020169
-0.0178952
-0.0155224
-0.0130658
-0.0105292
-0.00791261
-0.0052123
-0.00243505
0.000399515
0.00327566
0.00618706
0.00913591
0.0121279
0.0151636
0.0182378
0.021336
0.0244378
0.0275336
0.0306242
0.0337064
0.0367779
0.0398458
0.0429132
0.0459711
0.0490104
0.0520263
0.0550074
0.0579361
0.0608016
0.0636031
0.0663442
0.069032
0.0716758
0.0742784
0.0768281
0.0793032
0.0816827
0.08395
0.0860929
0.0881073
0.090002
0.0917944
0.0934973
0.0951083
0.0966117
0.0979854
0.0992063
0.100258
0.101138
0.10186
0.10244
0.10288
0.103165
0.103277
0.103208
0.102965
0.102554
0.101976
0.101225
0.100305
0.0992318
0.0980185
0.0966607
0.0951476
0.0934752
0.0916535
0.089712
0.0876711
0.0853359
0.0825219
-0.0217311
-0.0242167
-0.0262045
-0.0278752
-0.0294697
-0.031
-0.0324404
-0.0337818
-0.0350125
-0.0361161
-0.0370879
-0.0379127
-0.0385781
-0.0390737
-0.039392
-0.0395324
-0.0394917
-0.0392655
-0.0388543
-0.0382649
-0.0375073
-0.03659
-0.0355133
-0.0342709
-0.0328633
-0.0313042
-0.029612
-0.0277947
-0.0258465
-0.023762
-0.0215481
-0.0192244
-0.0168118
-0.0143141
-0.0117244
-0.00904238
-0.00627372
-0.00343425
-0.000544712
0.00238479
0.00535547
0.00837235
0.0114363
0.0145419
0.0176822
0.0208455
0.0240171
0.0271919
0.0303697
0.0335415
0.0366981
0.0398431
0.0429812
0.0461098
0.0492266
0.0523287
0.055402
0.0584246
0.0613798
0.0642626
0.0670764
0.0698322
0.0725436
0.0752154
0.0778368
0.0803867
0.0828438
0.0851894
0.0874088
0.0894958
0.0914582
0.0933119
0.0950685
0.0967263
0.0982724
0.0996872
0.100949
0.102043
0.102964
0.103723
0.104331
0.104784
0.105068
0.105172
0.105097
0.104853
0.104443
0.10386
0.103097
0.102152
0.101041
0.0997781
0.0983613
0.0967841
0.0950481
0.0931648
0.0911623
0.0890597
0.086653
0.0837519
-0.0229818
-0.0256048
-0.027707
-0.0294684
-0.0311414
-0.0327369
-0.0342368
-0.0356266
-0.0368993
-0.038041
-0.0390477
-0.0399005
-0.0405898
-0.0411039
-0.0414373
-0.0415853
-0.0415396
-0.0412986
-0.0408692
-0.0402611
-0.0394822
-0.0385343
-0.0374131
-0.0361194
-0.0346665
-0.033072
-0.0313442
-0.0294787
-0.027469
-0.025322
-0.0230569
-0.0206923
-0.018237
-0.0156842
-0.0130273
-0.0102748
-0.0074422
-0.00454718
-0.0016031
0.001388
0.0044298
0.00752286
0.0106601
0.0138326
0.0170373
0.0202693
0.0235192
0.0267828
0.0300549
0.0333188
0.0365614
0.0397864
0.0430027
0.0462145
0.0494233
0.0526249
0.0558013
0.0589271
0.0619826
0.0649594
0.0678605
0.0706985
0.0734889
0.0762376
0.0789351
0.0815631
0.0841016
0.0865313
0.0888341
0.0910008
0.0930366
0.0949556
0.0967679
0.0984727
0.100061
0.101517
0.102823
0.103962
0.104928
0.105724
0.106359
0.106825
0.107111
0.107212
0.107138
0.1069
0.106496
0.105911
0.105135
0.104168
0.103023
0.101714
0.100243
0.0986077
0.096812
0.0948676
0.0928021
0.0906326
0.0881468
0.0851528
-0.0244008
-0.0271523
-0.0293628
-0.0312201
-0.0329765
-0.0346411
-0.0361978
-0.0376399
-0.0389572
-0.0401435
-0.0411822
-0.0420619
-0.0427718
-0.043302
-0.0436458
-0.0437934
-0.0437386
-0.0434855
-0.0430422
-0.0424148
-0.0416069
-0.0406177
-0.0394485
-0.0381108
-0.0366223
-0.0349926
-0.0332178
-0.031292
-0.0292201
-0.0270208
-0.0247132
-0.0223043
-0.0197915
-0.0171684
-0.0144388
-0.0116207
-0.0087313
-0.00578078
-0.00277322
0.000292068
0.00341364
0.00658372
0.00979005
0.0130267
0.0162989
0.019608
0.0229457
0.0263042
0.0296716
0.0330267
0.0363565
0.0396678
0.0429741
0.0462831
0.0495968
0.052908
0.0561956
0.0594332
0.0626004
0.0656865
0.0686919
0.0716279
0.0745097
0.077344
0.0801236
0.0828343
0.0854594
0.0879797
0.0903735
0.0926271
0.0947423
0.0967314
0.0986037
0.100359
0.101993
0.103493
0.104845
0.106031
0.107041
0.107874
0.108532
0.109012
0.109305
0.109412
0.109344
0.109113
0.108711
0.108122
0.107334
0.106347
0.105174
0.103825
0.102308
0.100621
0.0987699
0.0967647
0.0946328
0.092389
0.0898171
0.0867239
-0.0259899
-0.0288668
-0.0311833
-0.0331369
-0.0349767
-0.0367146
-0.0383322
-0.039831
-0.0411996
-0.0424275
-0.0434955
-0.0443984
-0.0451253
-0.0456678
-0.0460154
-0.0461587
-0.0460971
-0.0458353
-0.0453772
-0.0447247
-0.04388
-0.0428469
-0.0416356
-0.0402619
-0.0387375
-0.0370614
-0.0352276
-0.0332404
-0.0311156
-0.0288722
-0.0265183
-0.02405
-0.0214641
-0.0187649
-0.0159677
-0.0130916
-0.0101456
-0.00713
-0.00404541
-0.000896427
0.00230668
0.00555058
0.00882417
0.0121292
0.0154786
0.0188755
0.0223079
0.0257627
0.0292244
0.0326716
0.0360945
0.0395029
0.0429117
0.0463288
0.0497551
0.0531813
0.056586
0.059944
0.0632349
0.0664452
0.0695707
0.072619
0.0756038
0.0785329
0.0814027
0.0842035
0.0869223
0.0895398
0.0920316
0.0943795
0.0965814
0.0986474
0.100587
0.102402
0.104087
0.105636
0.107036
0.108269
0.109322
0.11019
0.110874
0.111371
0.111678
0.111795
0.111733
0.111502
0.111096
0.110498
0.109696
0.108692
0.107494
0.106114
0.104557
0.102826
0.100922
0.0988545
0.0966508
0.0943268
0.0916648
0.0884697
-0.0277493
-0.0307492
-0.0331721
-0.0352181
-0.037144
-0.03896
-0.0406492
-0.0422069
-0.0436265
-0.0448889
-0.0459856
-0.0469093
-0.0476513
-0.0482018
-0.0485495
-0.0486905
-0.0486253
-0.0483539
-0.0478762
-0.0471934
-0.0463105
-0.0452379
-0.0439901
-0.0425791
-0.0410083
-0.0392744
-0.0373799
-0.0353394
-0.0331693
-0.030878
-0.0284626
-0.0259189
-0.0232539
-0.0204835
-0.0176258
-0.0146911
-0.0116777
-0.00858216
-0.00541006
-0.00217488
0.00110788
0.00442601
0.00777408
0.0111606
0.0146008
0.0180941
0.0216234
0.0251734
0.0287299
0.032275
0.0358018
0.0393193
0.0428397
0.0463695
0.0499096
0.053452
0.0569779
0.0604641
0.0638894
0.0672357
0.0704929
0.0736641
0.0767618
0.0797955
0.0827656
0.0856666
0.0884876
0.091209
0.0938048
0.096254
0.0985509
0.100703
0.102719
0.104601
0.106348
0.107952
0.109402
0.110681
0.111778
0.112684
0.113398
0.11392
0.114246
0.114375
0.114316
0.11408
0.113663
0.113051
0.112233
0.111209
0.109988
0.108581
0.106992
0.105219
0.103263
0.101131
0.0988505
0.0964436
0.0936901
0.0903937
-0.0296756
-0.0327984
-0.0353289
-0.0374692
-0.0394881
-0.0413881
-0.0431517
-0.0447684
-0.0462317
-0.047528
-0.0486543
-0.0495988
-0.0503534
-0.0509082
-0.051257
-0.0513987
-0.0513288
-0.0510432
-0.0505417
-0.0498279
-0.04891
-0.0478013
-0.0465151
-0.0450575
-0.04343
-0.0416365
-0.0396886
-0.0376018
-0.0353827
-0.0330287
-0.0305361
-0.0279112
-0.025172
-0.0223372
-0.0194175
-0.0164126
-0.0133155
-0.010128
-0.00686494
-0.00354518
-0.000181861
0.00321917
0.00665715
0.0101414
0.0136835
0.0172771
0.020903
0.0245488
0.0282052
0.0318585
0.0355011
0.0391369
0.0427731
0.0464152
0.0500673
0.0537257
0.057376
0.0609967
0.0645641
0.0680542
0.0714507
0.0747531
0.0779729
0.0811218
0.0842038
0.0872164
0.0901493
0.0929817
0.0956871
0.098244
0.100645
0.102893
0.104995
0.106954
0.108768
0.110433
0.111936
0.113263
0.114404
0.115353
0.116106
0.116658
0.117006
0.117148
0.117092
0.116849
0.116421
0.115793
0.114954
0.113908
0.112663
0.111231
0.109611
0.107798
0.105789
0.103589
0.10123
0.0987396
0.0958933
0.0924952
-0.0317691
-0.0350198
-0.0376628
-0.0399064
-0.0420207
-0.0440064
-0.0458399
-0.0475144
-0.0490207
-0.050356
-0.0515114
-0.0524749
-0.0532386
-0.0537971
-0.0541496
-0.0542909
-0.0542117
-0.0539077
-0.0533815
-0.052638
-0.0516867
-0.05054
-0.0492077
-0.0476952
-0.0460094
-0.0441623
-0.0421669
-0.0400299
-0.0377477
-0.0353159
-0.0327401
-0.0300384
-0.0272317
-0.0243311
-0.0213375
-0.0182459
-0.0150535
-0.0117708
-0.00841812
-0.00501279
-0.00156043
0.00193875
0.00548322
0.00907689
0.0127253
0.0164195
0.0201441
0.0238927
0.0276606
0.0314346
0.0352028
0.0389621
0.0427151
0.0464693
0.0502342
0.0540115
0.0577906
0.0615507
0.0652644
0.0689021
0.0724431
0.0758843
0.0792368
0.0825128
0.0857185
0.0888533
0.0919073
0.0948586
0.0976804
0.100352
0.102865
0.105221
0.10742
0.109463
0.111351
0.113081
0.11464
0.116017
0.117205
0.1182
0.118996
0.119584
0.119954
0.120109
0.120058
0.119812
0.119372
0.118727
0.117865
0.116794
0.115526
0.114068
0.112416
0.110561
0.108495
0.106227
0.10379
0.101217
0.0982767
0.0947721
-0.0340409
-0.0374254
-0.0401868
-0.0425392
-0.0447483
-0.0468162
-0.0487198
-0.0504541
-0.0520107
-0.0533866
-0.0545676
-0.0555464
-0.0563181
-0.0568829
-0.0572385
-0.0573743
-0.057281
-0.0569574
-0.0564068
-0.0556339
-0.0546468
-0.0534561
-0.0520713
-0.0505021
-0.0487625
-0.0468659
-0.0448184
-0.0426173
-0.0402572
-0.0377416
-0.0350867
-0.0323143
-0.0294386
-0.0264605
-0.0233771
-0.0201878
-0.0168982
-0.0135234
-0.0100816
-0.00658283
-0.00302653
0.00058664
0.00424852
0.00795566
0.0117103
0.0155071
0.0193387
0.0232047
0.0271002
0.0310076
0.0349088
0.0387948
0.0426672
0.0465377
0.0504217
0.0543252
0.0582389
0.0621414
0.0660024
0.069789
0.0734782
0.0770662
0.0805624
0.0839775
0.0873177
0.0905832
0.0937651
0.096842
0.0997877
0.102582
0.105217
0.107689
0.109995
0.112132
0.114102
0.1159
0.11752
0.118951
0.120191
0.121235
0.122077
0.122701
0.123098
0.123269
0.123225
0.122978
0.122526
0.12186
0.120974
0.119878
0.118585
0.117099
0.11541
0.113507
0.111383
0.109047
0.106534
0.103878
0.10084
0.097222
-0.0365041
-0.0400262
-0.042909
-0.045368
-0.0476752
-0.0498271
-0.0518066
-0.0536053
-0.0552161
-0.0566275
-0.0578309
-0.0588242
-0.0596064
-0.0601782
-0.0605315
-0.0606556
-0.0605461
-0.060203
-0.0596271
-0.0588217
-0.0577938
-0.0565536
-0.0551141
-0.0534908
-0.0516995
-0.0497482
-0.0476352
-0.0453558
-0.0429118
-0.0403166
-0.0375894
-0.0347458
-0.0317904
-0.02872
-0.0255364
-0.022248
-0.0188654
-0.0154006
-0.0118635
-0.00825763
-0.00458229
-0.000845054
0.0029376
0.00675818
0.0106211
0.014529
0.0184828
0.0224842
0.0265229
0.0305743
0.0346147
0.0386327
0.0426316
0.0466282
0.0506423
0.0546813
0.0587352
0.0627812
0.0667883
0.0707238
0.074565
0.0783072
0.0819571
0.0855215
0.0890044
0.0924065
0.0957204
0.0989272
0.102002
0.104927
0.10769
0.110288
0.112709
0.11495
0.117008
0.118883
0.120569
0.122062
0.123358
0.124456
0.125347
0.126012
0.126441
0.126636
0.126607
0.126361
0.125896
0.125208
0.124298
0.123176
0.121855
0.120334
0.118601
0.116644
0.114457
0.112051
0.10946
0.106718
0.103579
0.0998407
-0.0391635
-0.0428278
-0.0458346
-0.0484019
-0.050814
-0.0530597
-0.0551193
-0.0569841
-0.0586446
-0.060088
-0.0613155
-0.0623267
-0.0631214
-0.0636949
-0.0640386
-0.0641484
-0.0640225
-0.0636579
-0.063053
-0.0622101
-0.0611364
-0.0598441
-0.0583503
-0.0566733
-0.0548249
-0.0528067
-0.0506152
-0.0482518
-0.0457278
-0.0430596
-0.0402603
-0.0373362
-0.0342876
-0.0311157
-0.0278311
-0.0244475
-0.0209731
-0.0174117
-0.0137657
-0.0100378
-0.00623392
-0.00237048
0.00153169
0.00546749
0.00944767
0.013482
0.0175759
0.021728
0.0259206
0.0301229
0.0343089
0.0384678
0.042606
0.0467432
0.0509002
0.0550834
0.0592814
0.0634716
0.0676248
0.0717108
0.0757088
0.0796128
0.0834245
0.0871454
0.0907769
0.0943198
0.0977688
0.101108
0.104317
0.107376
0.110274
0.113003
0.115547
0.117898
0.120052
0.12201
0.12377
0.125332
0.126692
0.12785
0.128795
0.12951
0.129982
0.13021
0.130203
0.129963
0.129491
0.128786
0.127855
0.126707
0.125351
0.123786
0.122
0.11998
0.117724
0.115242
0.112567
0.109734
0.106487
0.102623
-0.0420177
-0.0458341
-0.0489719
-0.0516572
-0.0541802
-0.0565261
-0.0586661
-0.0605948
-0.0623018
-0.0637826
-0.0650397
-0.0660715
-0.0668742
-0.0674421
-0.0677736
-0.0678695
-0.0677254
-0.0673351
-0.066696
-0.065811
-0.0646884
-0.0633434
-0.0617952
-0.0600596
-0.0581435
-0.056047
-0.0537722
-0.0513286
-0.0487307
-0.0459896
-0.0431091
-0.040091
-0.0369396
-0.033665
-0.0302831
-0.0268047
-0.0232304
-0.019557
-0.0157859
-0.0119254
-0.00799064
-0.00400338
1.79488e-05
0.00407593
0.00818787
0.0123664
0.0166152
0.0209272
0.0252784
0.0296362
0.0339762
0.0382896
0.0425839
0.0468786
0.0511919
0.0555272
0.0598732
0.0642104
0.0685133
0.0727553
0.0769173
0.0809905
0.0849708
0.088854
0.0926391
0.0963272
0.0999155
0.103392
0.106737
0.109936
0.112973
0.115836
0.118507
0.120973
0.12323
0.12528
0.127123
0.128761
0.130193
0.131418
0.132424
0.133196
0.133719
0.133988
0.134009
0.133785
0.133316
0.132604
0.131656
0.130481
0.129083
0.127465
0.125614
0.123523
0.12119
0.118623
0.115858
0.112929
0.109566
0.105566
-0.0450666
-0.0490488
-0.0523293
-0.05514
-0.0577769
-0.0602215
-0.0624432
-0.0644373
-0.0661973
-0.0677239
-0.0690137
-0.0700625
-0.0708663
-0.0714262
-0.0717475
-0.0718292
-0.0716627
-0.0712413
-0.0705642
-0.0696347
-0.0684626
-0.0670644
-0.0654584
-0.0636565
-0.0616635
-0.0594842
-0.0571286
-0.05461
-0.0519379
-0.0491145
-0.0461394
-0.0430173
-0.0397607
-0.0363858
-0.0329062
-0.0293245
-0.0256341
-0.0218312
-0.0179234
-0.0139272
-0.00986312
-0.0057523
-0.00160595
0.00258671
0.0068461
0.0111828
0.0155953
0.0200708
0.0245832
0.0291026
0.0336085
0.038093
0.0425619
0.0470305
0.0515121
0.0560076
0.0605077
0.064998
0.0694586
0.0738658
0.0782003
0.0824494
0.0866031
0.0906533
0.0945971
0.0984362
0.10217
0.105789
0.109277
0.112619
0.115798
0.118798
0.121599
0.124187
0.126556
0.128707
0.130644
0.132368
0.133881
0.13518
0.136255
0.137089
0.137667
0.137981
0.138035
0.137834
0.13738
0.136671
0.13571
0.134503
0.133057
0.131375
0.129452
0.12728
0.12486
0.122202
0.119342
0.116308
0.11282
0.108669
-0.0483137
-0.0524728
-0.0559065
-0.0588451
-0.0615972
-0.0641427
-0.066453
-0.0685213
-0.0703451
-0.0719203
-0.0732394
-0.0742997
-0.0751032
-0.0756592
-0.075972
-0.0760355
-0.0758413
-0.0753857
-0.0746692
-0.0736952
-0.0724737
-0.0710203
-0.0693504
-0.0674743
-0.0653998
-0.0631384
-0.0607049
-0.0581091
-0.0553526
-0.0524332
-0.0493531
-0.0461245
-0.0427647
-0.0392884
-0.0357022
-0.032001
-0.0281768
-0.0242325
-0.0201842
-0.0160535
-0.0118596
-0.00761805
-0.00333292
0.00101026
0.00542992
0.00993201
0.014511
0.019152
0.0238305
0.0285216
0.0332079
0.0378802
0.0425391
0.0471941
0.0518535
0.0565174
0.0611803
0.0658337
0.0704622
0.0750442
0.0795585
0.083988
0.088318
0.0925381
0.0966455
0.100642
0.104529
0.108298
0.111934
0.115424
0.11875
0.12189
0.124825
0.127541
0.130033
0.1323
0.134344
0.136167
0.137772
0.139155
0.140305
0.141206
0.14184
0.142202
0.142296
0.142128
0.141696
0.140993
0.140017
0.138775
0.137275
0.135524
0.13352
0.13126
0.128746
0.125991
0.123027
0.119878
0.116254
0.111935
-0.0517605
-0.0561029
-0.0596951
-0.0627675
-0.065641
-0.0682982
-0.0707077
-0.0728599
-0.0747509
-0.0763706
-0.0777154
-0.0787878
-0.079597
-0.0801528
-0.0804539
-0.080494
-0.0802697
-0.0797802
-0.0790252
-0.0780073
-0.076735
-0.0752218
-0.0734812
-0.0715259
-0.0693689
-0.067026
-0.0645109
-0.0618273
-0.0589721
-0.0559454
-0.0527571
-0.0494241
-0.0459611
-0.0423755
-0.0386672
-0.0348292
-0.0308592
-0.0267686
-0.0225797
-0.0183132
-0.0139819
-0.00959482
-0.00515308
-0.000644646
0.00394331
0.00861312
0.0133592
0.0181689
0.0230219
0.0278974
0.0327781
0.0376507
0.0425095
0.0473581
0.052202
0.057043
0.06188
0.0667088
0.0715161
0.0762808
0.0809802
0.0855935
0.0901026
0.0944967
0.0987737
0.102937
0.106986
0.110913
0.114705
0.118347
0.121821
0.125107
0.128182
0.131036
0.133663
0.136061
0.138228
0.140164
0.141871
0.143346
0.144576
0.145545
0.14624
0.146657
0.146801
0.146675
0.146269
0.14557
0.144577
0.143296
0.141741
0.139918
0.13783
0.135477
0.132866
0.130006
0.126926
0.123649
0.119871
0.115368
-0.0554049
-0.0599391
-0.0636952
-0.0669139
-0.0699219
-0.0727019
-0.0752174
-0.0774566
-0.0794105
-0.0810723
-0.0824456
-0.0835376
-0.0843575
-0.0849101
-0.0851937
-0.0852085
-0.0849561
-0.0844346
-0.0836415
-0.0825781
-0.0812513
-0.0796723
-0.077856
-0.0758192
-0.0735791
-0.0711507
-0.0685438
-0.0657589
-0.062794
-0.0596558
-0.0563601
-0.0529224
-0.0493495
-0.0456408
-0.0417945
-0.0378087
-0.0336885
-0.029451
-0.0251189
-0.0207076
-0.0162239
-0.0116738
-0.00706034
-0.00237742
0.00238234
0.0072209
0.0121366
0.0171215
0.0221593
0.0272306
0.0323156
0.0373953
0.0424586
0.0475055
0.0525409
0.0575693
0.0625938
0.0676117
0.0726092
0.0775644
0.0824538
0.0872555
0.0919502
0.0965269
0.100984
0.105325
0.109549
0.113646
0.1176
0.121399
0.125027
0.128463
0.131688
0.134692
0.137468
0.140011
0.142313
0.144372
0.146188
0.147759
0.149071
0.150111
0.150871
0.151351
0.151553
0.151471
0.151091
0.150395
0.149384
0.148067
0.146458
0.144566
0.142396
0.13995
0.137237
0.134261
0.13105
0.12763
0.123679
0.118974
-0.0592511
-0.0639921
-0.0679251
-0.071303
-0.0744588
-0.0773665
-0.0799896
-0.0823147
-0.0843314
-0.0860412
-0.0874511
-0.0885678
-0.0893956
-0.089938
-0.0902015
-0.0901935
-0.0899152
-0.0893611
-0.0885268
-0.087413
-0.0860254
-0.084375
-0.0824795
-0.0803594
-0.0780314
-0.0755076
-0.0727952
-0.0698972
-0.0668171
-0.0635665
-0.0601614
-0.0566112
-0.0529146
-0.0490682
-0.0450741
-0.0409376
-0.0366686
-0.0322832
-0.0277997
-0.0232285
-0.018575
-0.0138478
-0.00905479
-0.00419458
0.000738203
0.00574875
0.0108409
0.0160106
0.0212433
0.0265184
0.0318121
0.0371014
0.0423724
0.0476238
0.0528609
0.0580901
0.0633165
0.0685369
0.0737357
0.0788897
0.0839758
0.088973
0.0938631
0.0986356
0.103288
0.107823
0.112235
0.116512
0.120639
0.124602
0.12839
0.131985
0.135372
0.138538
0.141475
0.144173
0.14662
0.148809
0.15074
0.15241
0.153808
0.154923
0.155754
0.156301
0.156561
0.156521
0.156163
0.155471
0.154445
0.153097
0.15144
0.149483
0.147233
0.144695
0.141873
0.138768
0.135412
0.131832
0.127694
0.122765
-0.0633148
-0.0682815
-0.0724076
-0.0759542
-0.0792636
-0.0823028
-0.0850362
-0.0874508
-0.08954
-0.0913075
-0.0927582
-0.0938957
-0.0947235
-0.0952526
-0.0954989
-0.0954702
-0.0951634
-0.0945709
-0.0936886
-0.0925171
-0.0910618
-0.0893354
-0.0873575
-0.0851487
-0.0827232
-0.0800902
-0.0772593
-0.0742398
-0.0710408
-0.0676738
-0.0641499
-0.0604726
-0.0566374
-0.0526438
-0.0484998
-0.0442152
-0.0397983
-0.03526
-0.0306125
-0.0258654
-0.0210283
-0.0161164
-0.0111415
-0.00610339
-0.00099444
0.00419569
0.009475
0.0148404
0.020276
0.025759
0.0312628
0.036763
0.0422463
0.0477117
0.0531638
0.0586086
0.06405
0.0694832
0.0748913
0.0802513
0.0855415
0.0907427
0.0958393
0.100822
0.105685
0.110428
0.115041
0.119509
0.123818
0.127956
0.131914
0.13568
0.139239
0.14258
0.145688
0.148549
0.151147
0.153473
0.155526
0.157302
0.158796
0.159998
0.160908
0.161524
0.161839
0.161837
0.161498
0.160812
0.159779
0.158406
0.156706
0.154689
0.15236
0.149724
0.146782
0.143537
0.140023
0.136267
0.131929
0.126753
-0.0676159
-0.0728271
-0.0771574
-0.0808796
-0.0843473
-0.0875262
-0.090379
-0.0928937
-0.0950661
-0.0968948
-0.0983821
-0.0995323
-0.100357
-0.100876
-0.101108
-0.101055
-0.100711
-0.100072
-0.0991337
-0.0978975
-0.0963693
-0.0945628
-0.0924973
-0.0901906
-0.0876547
-0.0849001
-0.0819417
-0.0787948
-0.0754703
-0.0719761
-0.0683182
-0.0644982
-0.0605142
-0.0563707
-0.0520788
-0.0476463
-0.0430762
-0.0383732
-0.0335473
-0.0286115
-0.023583
-0.0184829
-0.013324
-0.00810376
-0.00281019
0.00257123
0.00804962
0.0136197
0.0192629
0.0249547
0.0306687
0.0363823
0.0420847
0.047775
0.0534555
0.0591286
0.064795
0.0704478
0.0760704
0.0816423
0.0871444
0.0925597
0.0978746
0.10308
0.108168
0.113131
0.117956
0.122626
0.127127
0.131451
0.135591
0.13954
0.143283
0.146807
0.150093
0.153122
0.155878
0.158351
0.160536
0.162434
0.164039
0.165342
0.16634
0.167029
0.167399
0.167434
0.167118
0.166444
0.165407
0.164014
0.162275
0.160199
0.15779
0.155048
0.151977
0.148581
0.144895
0.140953
0.136396
0.130954
-0.0721696
-0.0776433
-0.0821884
-0.0860951
-0.0897333
-0.0930657
-0.0960504
-0.0986752
-0.100933
-0.102819
-0.104336
-0.105498
-0.106324
-0.106838
-0.107051
-0.106964
-0.106574
-0.10588
-0.104879
-0.103572
-0.101965
-0.100073
-0.0979108
-0.0954944
-0.0928364
-0.0899519
-0.0868606
-0.0835797
-0.0801183
-0.0764808
-0.0726721
-0.0686969
-0.0645587
-0.0602648
-0.0558233
-0.0512353
-0.0464977
-0.0416134
-0.0365956
-0.0314631
-0.0262395
-0.0209482
-0.0155993
-0.0101865
-0.00469514
0.000890578
0.00657766
0.0123573
0.018209
0.0241094
0.0300348
0.0359668
0.041897
0.0478231
0.0537427
0.0596536
0.0655522
0.0714302
0.077273
0.0830642
0.0887881
0.0944293
0.0999752
0.105415
0.110738
0.115931
0.120976
0.125858
0.130563
0.135088
0.139427
0.143571
0.147509
0.151224
0.154694
0.157897
0.160819
0.16345
0.165784
0.167821
0.169552
0.170969
0.172063
0.172829
0.173258
0.173336
0.173051
0.172391
0.171353
0.169942
0.168165
0.166029
0.163534
0.160681
0.157473
0.153917
0.150049
0.14591
0.141116
0.13539
-0.0769875
-0.0827422
-0.0875195
-0.0916255
-0.0954509
-0.0989501
-0.102076
-0.104814
-0.107153
-0.109092
-0.110642
-0.111823
-0.112657
-0.113162
-0.113346
-0.113215
-0.112773
-0.112017
-0.110946
-0.109561
-0.107869
-0.105881
-0.103611
-0.101074
-0.0982864
-0.0952673
-0.092038
-0.0886131
-0.0849992
-0.0812009
-0.0772272
-0.0730879
-0.0687905
-0.0643404
-0.059739
-0.0549796
-0.0500563
-0.0449752
-0.0397558
-0.0344223
-0.0290005
-0.0235115
-0.0179613
-0.0123413
-0.00663706
-0.000835344
0.00506691
0.0110581
0.017119
0.0232295
0.0293712
0.0355298
0.0416972
0.0478677
0.0540337
0.060188
0.0663241
0.072433
0.0785031
0.0845228
0.0904793
0.0963582
0.102146
0.107828
0.113393
0.118822
0.124096
0.1292
0.134126
0.138869
0.143423
0.147778
0.151921
0.155835
0.159497
0.162886
0.165987
0.168793
0.171296
0.17349
0.175364
0.176906
0.178104
0.178954
0.179448
0.179577
0.179326
0.178683
0.177643
0.176213
0.174396
0.172195
0.169608
0.166637
0.163288
0.159564
0.155506
0.151156
0.146114
0.140084
-0.0820827
-0.0881396
-0.0931702
-0.0974929
-0.101516
-0.105188
-0.108458
-0.111308
-0.113729
-0.115728
-0.117321
-0.118529
-0.119369
-0.119856
-0.120003
-0.119822
-0.119322
-0.118499
-0.11735
-0.115879
-0.114091
-0.111997
-0.109611
-0.106947
-0.104026
-0.100868
-0.0974927
-0.0939104
-0.0901276
-0.0861541
-0.0820053
-0.0776947
-0.0732288
-0.0686086
-0.0638289
-0.0588791
-0.0537545
-0.0484665
-0.0430397
-0.0375007
-0.0318736
-0.0261749
-0.0204073
-0.0145632
-0.00863188
-0.0026045
0.00351822
0.00972428
0.015998
0.022325
0.0286915
0.0350856
0.0414977
0.0479171
0.0543314
0.0607305
0.0671065
0.073451
0.0797556
0.0860125
0.0922106
0.098335
0.10437
0.1103
0.116109
0.12178
0.127293
0.132636
0.1378
0.14278
0.147569
0.15215
0.156511
0.160635
0.164501
0.168091
0.171391
0.174392
0.177086
0.179458
0.181491
0.18317
0.184483
0.185427
0.185998
0.186183
0.185968
0.185341
0.184301
0.18285
0.180988
0.178715
0.17603
0.172937
0.169439
0.16554
0.161285
0.156714
0.151413
0.145056
-0.0874739
-0.0938556
-0.0991558
-0.103707
-0.107932
-0.111779
-0.115194
-0.11816
-0.120674
-0.122745
-0.12439
-0.125625
-0.126464
-0.126926
-0.127033
-0.126802
-0.126239
-0.125341
-0.124105
-0.122538
-0.120645
-0.118436
-0.115926
-0.113133
-0.110075
-0.106772
-0.103239
-0.0994845
-0.0955196
-0.0913611
-0.0870297
-0.0825388
-0.0778901
-0.0730799
-0.0681009
-0.0629438
-0.0576075
-0.052107
-0.0464679
-0.0407151
-0.0348694
-0.0289437
-0.0229405
-0.0168567
-0.0106867
-0.0044259
0.00192335
0.00835107
0.0148465
0.0214002
0.0280013
0.0346383
0.0412987
0.0479672
0.0546283
0.0612715
0.0678892
0.0744747
0.0810218
0.0875243
0.093971
0.100345
0.10663
0.112809
0.118867
0.124788
0.130555
0.136156
0.14158
0.146819
0.15186
0.156686
0.16128
0.16563
0.169719
0.17353
0.177048
0.180265
0.183166
0.185732
0.18794
0.189769
0.191212
0.192264
0.19292
0.193167
0.192991
0.192384
0.191345
0.189872
0.187962
0.185613
0.182825
0.179603
0.175949
0.171869
0.167409
0.162609
0.157031
0.150329
-0.09318
-0.0999062
-0.105487
-0.110273
-0.114705
-0.118732
-0.1223
-0.125394
-0.128013
-0.130165
-0.131863
-0.133119
-0.133952
-0.13439
-0.13446
-0.134177
-0.133544
-0.132559
-0.131226
-0.129552
-0.127544
-0.125213
-0.122574
-0.119647
-0.116446
-0.112986
-0.10928
-0.105342
-0.101187
-0.0968368
-0.0923146
-0.0876301
-0.0827807
-0.0777607
-0.072565
-0.0671888
-0.0616345
-0.0559169
-0.0500582
-0.0440794
-0.0379985
-0.0318283
-0.0255747
-0.01924
-0.0128233
-0.0063221
0.000261895
0.00692235
0.0136528
0.020446
0.0272916
0.0341771
0.0410875
0.0480051
0.0549138
0.0618038
0.0686694
0.0755051
0.0823054
0.0890633
0.0957655
0.102394
0.108932
0.115364
0.121678
0.127862
0.133903
0.139783
0.14549
0.151008
0.15632
0.161407
0.166255
0.170851
0.175183
0.179234
0.18299
0.186439
0.189562
0.192333
0.194724
0.196717
0.198303
0.199476
0.200228
0.200545
0.200416
0.199837
0.198802
0.197307
0.195346
0.192917
0.190023
0.186667
0.182852
0.178586
0.17391
0.168872
0.162996
0.155926
-0.099216
-0.106303
-0.112174
-0.117201
-0.121851
-0.12607
-0.129803
-0.133037
-0.135769
-0.138002
-0.139747
-0.141022
-0.141852
-0.142272
-0.142304
-0.141959
-0.141244
-0.140163
-0.138722
-0.136931
-0.134799
-0.132336
-0.129561
-0.126489
-0.123132
-0.119501
-0.115611
-0.111482
-0.107131
-0.102584
-0.097859
-0.0929641
-0.0878959
-0.0826508
-0.0772281
-0.0716266
-0.0658497
-0.0599089
-0.0538208
-0.0476026
-0.0412725
-0.0348456
-0.0283329
-0.0217412
-0.0150717
-0.00832171
-0.00149115
0.00541686
0.0123979
0.0194443
0.0265439
0.033683
0.0408461
0.0480158
0.0551777
0.0623235
0.0694484
0.0765471
0.0836132
0.0906367
0.0976013
0.104489
0.111285
0.117979
0.124563
0.131027
0.137358
0.143538
0.149546
0.155361
0.160962
0.16633
0.171452
0.176317
0.180913
0.185225
0.189236
0.192931
0.196286
0.199272
0.20186
0.204029
0.205771
0.207076
0.207936
0.208336
0.20827
0.207728
0.206703
0.205185
0.203172
0.200662
0.197658
0.194164
0.190185
0.185724
0.180823
0.175528
0.169335
0.161866
-0.105601
-0.113068
-0.119243
-0.124525
-0.129407
-0.13383
-0.137739
-0.141117
-0.143958
-0.146267
-0.148059
-0.149357
-0.150192
-0.150592
-0.150576
-0.150158
-0.14935
-0.148162
-0.146603
-0.144684
-0.142416
-0.139812
-0.136887
-0.133655
-0.130125
-0.126309
-0.122228
-0.117901
-0.11335
-0.108595
-0.103652
-0.0985291
-0.0932269
-0.0877474
-0.0820929
-0.0762627
-0.0702576
-0.0640847
-0.0577559
-0.0512872
-0.0446985
-0.0380092
-0.0312341
-0.0243818
-0.0174527
-0.0104429
-0.00335121
0.00382008
0.011066
0.0183764
0.0257373
0.0331348
0.0405548
0.0479826
0.0554068
0.062821
0.0702194
0.0775947
0.0849383
0.0922366
0.0994712
0.106626
0.113691
0.120661
0.127532
0.134295
0.140933
0.147427
0.153751
0.159877
0.165783
0.171452
0.17687
0.182026
0.186907
0.191498
0.19578
0.199734
0.203334
0.206548
0.209346
0.211708
0.213621
0.215076
0.216061
0.216565
0.216577
0.216085
0.215075
0.213541
0.211478
0.208887
0.205771
0.202136
0.197985
0.193316
0.188175
0.182598
0.176064
0.168166
-0.112371
-0.120244
-0.126744
-0.132298
-0.137423
-0.142059
-0.146145
-0.149665
-0.152615
-0.155001
-0.156844
-0.158172
-0.15901
-0.159379
-0.159299
-0.158795
-0.157885
-0.15658
-0.154891
-0.152833
-0.150417
-0.147656
-0.144563
-0.141152
-0.137431
-0.133418
-0.129135
-0.124602
-0.119839
-0.11486
-0.109682
-0.104316
-0.0987685
-0.0930481
-0.0871573
-0.0810922
-0.0748494
-0.0684324
-0.0618515
-0.055124
-0.0482727
-0.0413194
-0.0342806
-0.027164
-0.0199673
-0.0126858
-0.00531942
0.00212788
0.00964833
0.0172294
0.0248566
0.0325174
0.0402008
0.0478957
0.0555944
0.0632911
0.0709774
0.0786425
0.0862742
0.0938566
0.101371
0.108805
0.116155
0.123421
0.130599
0.137678
0.144639
0.151458
0.158108
0.164559
0.170788
0.176777
0.182514
0.187984
0.19317
0.198055
0.202622
0.206848
0.210706
0.214163
0.217189
0.219762
0.221868
0.223494
0.224629
0.225258
0.225366
0.224935
0.223951
0.222408
0.220302
0.217633
0.214404
0.210622
0.206287
0.201393
0.195988
0.19011
0.183205
0.174847
-0.119572
-0.127882
-0.134728
-0.140567
-0.145945
-0.150796
-0.155061
-0.158726
-0.161788
-0.164258
-0.166158
-0.167511
-0.168337
-0.168657
-0.168502
-0.167904
-0.166883
-0.165453
-0.163622
-0.161409
-0.158827
-0.155889
-0.152606
-0.148993
-0.145066
-0.140842
-0.136344
-0.13159
-0.126594
-0.121373
-0.115944
-0.110321
-0.10452
-0.0985503
-0.0924131
-0.0861005
-0.0796057
-0.0729312
-0.0660885
-0.0590975
-0.0519825
-0.0447651
-0.0374606
-0.030074
-0.0226012
-0.015038
-0.00738693
0.000344565
0.00814529
0.0160013
0.0238996
0.0318311
0.0397879
0.0477624
0.0557494
0.0637424
0.0717295
0.0796951
0.0876243
0.0955007
0.103308
0.111039
0.118693
0.126273
0.133775
0.141184
0.148478
0.155631
0.162615
0.169404
0.175972
0.182303
0.18838
0.194185
0.199697
0.204897
0.209767
0.214282
0.218415
0.222134
0.225409
0.228216
0.230539
0.232364
0.233675
0.234452
0.234671
0.234314
0.23337
0.231829
0.229687
0.226943
0.2236
0.219664
0.215128
0.209993
0.204297
0.198096
0.190791
0.181939
-0.127249
-0.136021
-0.143234
-0.149368
-0.155006
-0.16008
-0.164531
-0.168345
-0.171526
-0.174084
-0.176034
-0.177396
-0.17819
-0.17845
-0.178214
-0.177517
-0.176377
-0.174808
-0.172822
-0.170436
-0.167667
-0.164528
-0.161033
-0.1572
-0.153049
-0.148599
-0.143868
-0.138871
-0.133621
-0.128137
-0.122441
-0.116551
-0.110484
-0.104251
-0.0978503
-0.0912717
-0.0845083
-0.0775638
-0.0704522
-0.0631947
-0.0558147
-0.048331
-0.0407554
-0.0330908
-0.0253333
-0.0174813
-0.00954017
-0.00152079
0.00656312
0.0146976
0.0228729
0.0310837
0.0393251
0.0475917
0.0558789
0.0641783
0.0724738
0.0807467
0.0889805
0.0971608
0.105276
0.113322
0.1213
0.129211
0.137049
0.144796
0.152428
0.159921
0.16725
0.17439
0.181317
0.188009
0.194448
0.200611
0.206472
0.21201
0.217206
0.222035
0.226468
0.230476
0.234027
0.237098
0.239669
0.241723
0.243234
0.244176
0.244523
0.244259
0.24337
0.241844
0.239673
0.236857
0.233398
0.229297
0.224548
0.219149
0.213145
0.206593
0.198863
0.189476
-0.135437
-0.144697
-0.152294
-0.158737
-0.164646
-0.169955
-0.1746
-0.178572
-0.181873
-0.184509
-0.186493
-0.187846
-0.188599
-0.188795
-0.188475
-0.18767
-0.186397
-0.184672
-0.182511
-0.179932
-0.176955
-0.173594
-0.169868
-0.165799
-0.161406
-0.156709
-0.151723
-0.146459
-0.140932
-0.135167
-0.129187
-0.123015
-0.116666
-0.11015
-0.103464
-0.0965986
-0.0895502
-0.0823248
-0.0749375
-0.0674087
-0.0597581
-0.0520007
-0.0441452
-0.0361936
-0.0281445
-0.0200001
-0.0117686
-0.00346206
0.00490521
0.0133207
0.0217782
0.0302759
0.0388109
0.0473782
0.0559722
0.0645819
0.0731887
0.0817727
0.0903186
0.098815
0.107254
0.115635
0.123956
0.132214
0.140399
0.148491
0.156469
0.164312
0.171999
0.179507
0.186812
0.193888
0.200711
0.207254
0.213488
0.21939
0.224939
0.230111
0.234877
0.239206
0.243068
0.246436
0.249288
0.251596
0.253329
0.254455
0.254952
0.254801
0.253983
0.252485
0.250295
0.24741
0.243832
0.239558
0.234585
0.228904
0.222574
0.215644
0.207459
0.197502
-0.144168
-0.153945
-0.161948
-0.168719
-0.174914
-0.18047
-0.185317
-0.189446
-0.192858
-0.195558
-0.197562
-0.1989
-0.199612
-0.199743
-0.199328
-0.198397
-0.196971
-0.195069
-0.192711
-0.189918
-0.186712
-0.183111
-0.179138
-0.174814
-0.170159
-0.16519
-0.159922
-0.154367
-0.148544
-0.142478
-0.136199
-0.129726
-0.123075
-0.116252
-0.109257
-0.102086
-0.0947373
-0.0872201
-0.0795478
-0.0717378
-0.0638054
-0.0557624
-0.0476164
-0.0393702
-0.0310257
-0.0225888
-0.014069
-0.00547764
0.00317272
0.0118721
0.0206171
0.0294081
0.0382425
0.0471146
0.056017
0.064937
0.0738557
0.0827554
0.0916236
0.100451
0.109233
0.117966
0.126647
0.135266
0.143807
0.152254
0.160591
0.1688
0.176863
0.184759
0.192462
0.199944
0.207175
0.214123
0.220758
0.227052
0.232985
0.238532
0.243666
0.248354
0.252563
0.256264
0.259425
0.262011
0.263987
0.26532
0.26599
0.265972
0.265244
0.263787
0.261588
0.258642
0.254946
0.250496
0.245288
0.239312
0.232632
0.225306
0.216633
0.206067
-0.153477
-0.163804
-0.17224
-0.179357
-0.185853
-0.19166
-0.196709
-0.20099
-0.204503
-0.207259
-0.20928
-0.210606
-0.211277
-0.21133
-0.210799
-0.209718
-0.208115
-0.206013
-0.203436
-0.200409
-0.196955
-0.193097
-0.188857
-0.184258
-0.179316
-0.174049
-0.168473
-0.162606
-0.156469
-0.150088
-0.14349
-0.136696
-0.129718
-0.122566
-0.115242
-0.107747
-0.100085
-0.0922639
-0.0842936
-0.0761877
-0.0679583
-0.0596158
-0.0511685
-0.0426214
-0.0339792
-0.0252496
-0.0164417
-0.00756463
0.00137181
0.0103602
0.0193989
0.0284879
0.037624
0.0468006
0.0560093
0.0652374
0.0744688
0.0836901
0.092892
0.102066
0.111205
0.120305
0.129356
0.138344
0.147254
0.156071
0.164783
0.173378
0.181838
0.190142
0.198265
0.206176
0.213839
0.22122
0.228285
0.235005
0.241357
0.247318
0.252858
0.257943
0.262537
0.266603
0.270102
0.272993
0.275237
0.276806
0.277672
0.277809
0.27719
0.275792
0.2736
0.270603
0.266794
0.262168
0.256715
0.250434
0.243384
0.235641
0.22645
0.215229
-0.163411
-0.174319
-0.183212
-0.19069
-0.197493
-0.203553
-0.2088
-0.213226
-0.216837
-0.219651
-0.221694
-0.223006
-0.223622
-0.223573
-0.222899
-0.221643
-0.219839
-0.217514
-0.214696
-0.211413
-0.207692
-0.203556
-0.199027
-0.194127
-0.188872
-0.183282
-0.177377
-0.171181
-0.164714
-0.158002
-0.151067
-0.143928
-0.136602
-0.129102
-0.121434
-0.113603
-0.105615
-0.0974741
-0.0891894
-0.0807701
-0.0722269
-0.0635713
-0.054813
-0.0459589
-0.0370154
-0.0279901
-0.0188902
-0.00972225
-0.000493541
0.00879021
0.0181272
0.0275161
0.0369524
0.0464299
0.0559416
0.0654771
0.0750244
0.0845751
0.0941221
0.103655
0.113164
0.122639
0.132068
0.141437
0.15073
0.159935
0.169045
0.178049
0.186928
0.195663
0.204227
0.212589
0.220709
0.228549
0.236073
0.243252
0.250062
0.256477
0.262465
0.267988
0.273003
0.277468
0.281335
0.28456
0.287106
0.288941
0.290033
0.290351
0.289866
0.28855
0.286383
0.283347
0.279432
0.27463
0.268929
0.26233
0.2549
0.246713
0.236975
0.225054
-0.17402
-0.185544
-0.194911
-0.20276
-0.209874
-0.216188
-0.221633
-0.226207
-0.229922
-0.232797
-0.23486
-0.236142
-0.236674
-0.236494
-0.23565
-0.234193
-0.232163
-0.22959
-0.226505
-0.222941
-0.218929
-0.214489
-0.209643
-0.204413
-0.198819
-0.192884
-0.186633
-0.180089
-0.173275
-0.166212
-0.15892
-0.151418
-0.143728
-0.135866
-0.127844
-0.119666
-0.111337
-0.102861
-0.0942434
-0.0854939
-0.0766229
-0.0676434
-0.0585666
-0.0494
-0.0401499
-0.0308228
-0.0214235
-0.0119567
-0.0024282
0.00715654
0.0167946
0.026483
0.0362169
0.0459927
0.0558071
0.0656539
0.0755251
0.0854149
0.0953165
0.105218
0.115104
0.124962
0.134779
0.144541
0.154236
0.163853
0.173386
0.182821
0.192143
0.201331
0.210358
0.219193
0.227793
0.236118
0.244131
0.251802
0.259108
0.266017
0.272494
0.278494
0.283968
0.288866
0.293136
0.296734
0.299618
0.301754
0.303104
0.303637
0.303316
0.30211
0.299989
0.29693
0.292917
0.287942
0.281994
0.275068
0.267247
0.258596
0.248273
0.235605
-0.185363
-0.197535
-0.207396
-0.215627
-0.223062
-0.229638
-0.235288
-0.240016
-0.243836
-0.246768
-0.248832
-0.250056
-0.250475
-0.250136
-0.249097
-0.247412
-0.245126
-0.242273
-0.23889
-0.235015
-0.230678
-0.225901
-0.220704
-0.215112
-0.209152
-0.202849
-0.19623
-0.189319
-0.182136
-0.174701
-0.167032
-0.159152
-0.151085
-0.142852
-0.134466
-0.12593
-0.117246
-0.108418
-0.099453
-0.0903607
-0.0811529
-0.0718431
-0.062442
-0.0529568
-0.0433928
-0.0337546
-0.0240456
-0.0142699
-0.00443388
0.00545655
0.0153973
0.0253849
0.0354161
0.0454913
0.0556127
0.0657784
0.0759831
0.0862208
0.0964823
0.106754
0.11702
0.127266
0.137481
0.147653
0.15777
0.167821
0.177798
0.187687
0.197472
0.207134
0.216646
0.225976
0.235081
0.243918
0.252452
0.260654
0.268494
0.275938
0.282944
0.289461
0.295434
0.300806
0.305524
0.309537
0.312802
0.315278
0.316929
0.317716
0.317596
0.316528
0.314476
0.31141
0.307313
0.302172
0.295978
0.288724
0.280492
0.27136
0.260415
0.246947
-0.197502
-0.21036
-0.22074
-0.22937
-0.237142
-0.243993
-0.249856
-0.25474
-0.258658
-0.261626
-0.263662
-0.264797
-0.265076
-0.264556
-0.263294
-0.261349
-0.25877
-0.2556
-0.251882
-0.247656
-0.242954
-0.2378
-0.232214
-0.226226
-0.219868
-0.21317
-0.206158
-0.198854
-0.191275
-0.183444
-0.17538
-0.167108
-0.158654
-0.150041
-0.141279
-0.132372
-0.123321
-0.11413
-0.104807
-0.0953641
-0.0858147
-0.0761704
-0.0664398
-0.0566282
-0.0467401
-0.0367796
-0.02675
-0.0166565
-0.00650661
0.00369245
0.0139369
0.024225
0.034557
0.0449377
0.0553738
0.0658668
0.0764124
0.0870022
0.0976241
0.108264
0.118908
0.129547
0.14017
0.150767
0.161325
0.17183
0.182271
0.192631
0.202899
0.213054
0.223072
0.232919
0.242554
0.251935
0.261026
0.269796
0.278213
0.286235
0.293813
0.300891
0.307408
0.313303
0.318517
0.322996
0.326691
0.329559
0.331559
0.332645
0.332765
0.331867
0.329909
0.326858
0.322693
0.317398
0.310959
0.303375
0.29472
0.285079
0.273479
0.259156
-0.210518
-0.224104
-0.235038
-0.244092
-0.252217
-0.259352
-0.265429
-0.270458
-0.274453
-0.277429
-0.279407
-0.280427
-0.280543
-0.279811
-0.278292
-0.276047
-0.273135
-0.269607
-0.265509
-0.260886
-0.255773
-0.250196
-0.244181
-0.23776
-0.230972
-0.223846
-0.216409
-0.208678
-0.200676
-0.192424
-0.183946
-0.175268
-0.166416
-0.157409
-0.148258
-0.138966
-0.129536
-0.119974
-0.110288
-0.100492
-0.0905979
-0.0806158
-0.0705504
-0.0604048
-0.0501836
-0.0398916
-0.0295338
-0.019117
-0.00865022
0.00185913
0.0124093
0.0230024
0.0336434
0.0443403
0.0551014
0.0659291
0.0768187
0.0877604
0.0987402
0.109746
0.12077
0.131806
0.142848
0.153882
0.164895
0.175869
0.186789
0.19764
0.208407
0.219076
0.229621
0.240009
0.250202
0.26016
0.269846
0.279226
0.288261
0.296905
0.3051
0.312787
0.319899
0.32637
0.332137
0.337139
0.341323
0.344642
0.347048
0.348483
0.348883
0.348192
0.34636
0.343353
0.33914
0.333706
0.327029
0.319106
0.310019
0.299844
0.287551
0.272318
-0.224505
-0.238873
-0.250399
-0.259901
-0.268394
-0.275816
-0.282097
-0.287252
-0.291297
-0.294251
-0.296145
-0.297025
-0.296946
-0.295964
-0.294143
-0.291553
-0.288262
-0.284328
-0.279802
-0.274733
-0.269158
-0.263111
-0.256624
-0.249733
-0.242475
-0.234882
-0.22698
-0.218788
-0.210331
-0.201634
-0.192722
-0.183621
-0.174352
-0.164934
-0.155377
-0.145686
-0.135867
-0.125927
-0.115877
-0.105727
-0.0954881
-0.0851653
-0.0747607
-0.0642759
-0.0537161
-0.0430884
-0.0324
-0.021659
-0.0108746
-5.28572e-05
0.0108076
0.0217138
0.0326746
0.0436996
0.0547954
0.0659622
0.0771948
0.0884838
0.099817
0.111187
0.122593
0.134033
0.145501
0.156982
0.168459
0.179913
0.191326
0.202682
0.213969
0.225172
0.236268
0.247226
0.258011
0.268583
0.278905
0.288937
0.298633
0.307942
0.316804
0.325152
0.332917
0.340026
0.346408
0.351998
0.356738
0.360574
0.363445
0.365282
0.366013
0.365573
0.36391
0.360979
0.356745
0.351186
0.344282
0.336016
0.326483
0.315757
0.302728
0.286525
-0.239566
-0.254772
-0.266931
-0.276902
-0.285771
-0.293478
-0.299952
-0.305211
-0.30928
-0.312187
-0.313968
-0.314673
-0.314353
-0.31307
-0.310896
-0.307912
-0.304191
-0.299799
-0.294791
-0.28922
-0.283133
-0.276569
-0.269566
-0.262159
-0.254387
-0.246283
-0.237874
-0.229186
-0.220243
-0.211074
-0.201704
-0.192156
-0.182448
-0.172597
-0.162615
-0.15251
-0.142292
-0.131969
-0.121553
-0.111048
-0.100462
-0.0897951
-0.079048
-0.0682219
-0.057323
-0.0463611
-0.0353452
-0.0242831
-0.0131821
-0.00204539
0.00913185
0.0203601
0.0316506
0.043012
0.0544478
0.065955
0.0775279
0.0891595
0.100843
0.112578
0.124369
0.136218
0.148117
0.160051
0.171999
0.18394
0.195856
0.207733
0.219557
0.231317
0.242991
0.254552
0.265966
0.277193
0.288193
0.298919
0.309321
0.319344
0.328924
0.337992
0.346473
0.354287
0.361355
0.367606
0.372976
0.3774
0.380802
0.383103
0.384224
0.384092
0.382646
0.379831
0.375609
0.369947
0.362824
0.354222
0.344227
0.332924
0.319122
0.301887
-0.255799
-0.271901
-0.284729
-0.29519
-0.304443
-0.312432
-0.319086
-0.32443
-0.328499
-0.331327
-0.332954
-0.333429
-0.332811
-0.33117
-0.328589
-0.325156
-0.32095
-0.316041
-0.310493
-0.304366
-0.297713
-0.290583
-0.283013
-0.275043
-0.266709
-0.258049
-0.249093
-0.239872
-0.230414
-0.220744
-0.210888
-0.200864
-0.190691
-0.180383
-0.169956
-0.159422
-0.148794
-0.138081
-0.127291
-0.116426
-0.105487
-0.0944728
-0.0833819
-0.0722163
-0.0609834
-0.0496942
-0.0383579
-0.0269805
-0.0155653
-0.00411156
0.00738841
0.018946
0.0305716
0.042272
0.0540477
0.0658938
0.0778051
0.0897785
0.101813
0.113916
0.126096
0.138356
0.15069
0.163079
0.175503
0.187939
0.200371
0.212783
0.225163
0.237502
0.249784
0.261983
0.274065
0.285988
0.297705
0.309168
0.320322
0.33111
0.341466
0.351318
0.360583
0.369173
0.377004
0.383998
0.390078
0.395165
0.399174
0.402014
0.403596
0.403839
0.402667
0.400018
0.395846
0.390113
0.382784
0.373847
0.363384
0.351476
0.336856
0.318526
-0.273297
-0.290352
-0.303888
-0.314861
-0.324508
-0.332778
-0.339601
-0.345008
-0.349044
-0.351747
-0.35316
-0.35334
-0.352358
-0.350297
-0.34725
-0.343307
-0.338552
-0.333061
-0.32691
-0.320168
-0.312896
-0.305145
-0.296958
-0.288372
-0.27943
-0.27017
-0.26063
-0.250842
-0.240836
-0.230637
-0.220264
-0.209735
-0.199068
-0.188281
-0.17739
-0.166412
-0.155361
-0.144245
-0.13307
-0.121835
-0.110537
-0.0991721
-0.0877393
-0.07624
-0.0646819
-0.0530749
-0.0414266
-0.0297395
-0.0180129
-0.00624194
0.00558307
0.0174723
0.0294331
0.0414695
0.0535809
0.0657627
0.0780119
0.0903294
0.10272
0.115195
0.127767
0.14044
0.153207
0.166053
0.178956
0.191896
0.204853
0.217814
0.23077
0.243716
0.256639
0.269512
0.2823
0.294956
0.307431
0.319674
0.331629
0.343239
0.354434
0.365137
0.375257
0.384703
0.393381
0.401203
0.408078
0.413915
0.418617
0.422083
0.424209
0.424902
0.424073
0.421652
0.417579
0.411809
0.404302
0.395029
0.384086
0.371552
0.356068
0.336573
-0.292161
-0.310236
-0.324523
-0.336033
-0.346088
-0.354638
-0.361613
-0.367053
-0.371007
-0.373521
-0.374647
-0.374459
-0.373045
-0.370497
-0.366912
-0.362386
-0.357006
-0.350862
-0.344039
-0.33662
-0.328669
-0.320239
-0.311376
-0.302123
-0.292524
-0.282624
-0.272463
-0.262077
-0.251492
-0.240733
-0.229813
-0.218751
-0.207566
-0.196278
-0.184907
-0.17347
-0.161982
-0.15045
-0.138878
-0.127261
-0.115595
-0.103878
-0.0921069
-0.0802817
-0.0684074
-0.0564913
-0.0445372
-0.0325444
-0.0205091
-0.00842361
0.00372292
0.0159393
0.0282299
0.0405965
0.0530388
0.065554
0.0781419
0.0908071
0.103558
0.11641
0.129377
0.142463
0.155664
0.168967
0.182352
0.195799
0.20929
0.222814
0.236368
0.249949
0.263545
0.277127
0.290654
0.304078
0.31735
0.330419
0.343229
0.355719
0.367819
0.379444
0.3905
0.400886
0.4105
0.419241
0.427005
0.43369
0.439186
0.443376
0.446142
0.447375
0.446974
0.444855
0.440943
0.435179
0.427518
0.417923
0.40649
0.393306
0.376913
0.356181
-0.312511
-0.331685
-0.346772
-0.358848
-0.369326
-0.37815
-0.385252
-0.390678
-0.394487
-0.396736
-0.397499
-0.396869
-0.394945
-0.391828
-0.387617
-0.382417
-0.376327
-0.369449
-0.36188
-0.353711
-0.345012
-0.335838
-0.326238
-0.316261
-0.305958
-0.295377
-0.284559
-0.273539
-0.262344
-0.250992
-0.2395
-0.227882
-0.216159
-0.204354
-0.192489
-0.180579
-0.16864
-0.156678
-0.144695
-0.132686
-0.120648
-0.108578
-0.0964713
-0.0843257
-0.0721415
-0.0599216
-0.0476657
-0.0353703
-0.0230302
-0.0106368
0.00182176
0.0143543
0.0269644
0.0396538
0.0524226
0.0652702
0.0781986
0.0912144
0.104329
0.117559
0.13092
0.14442
0.158054
0.171814
0.185683
0.19964
0.213674
0.227777
0.24195
0.256192
0.270487
0.284804
0.2991
0.313327
0.327438
0.341382
0.355101
0.368535
0.381607
0.394232
0.406308
0.417726
0.428372
0.438131
0.44689
0.454534
0.460936
0.465963
0.46948
0.471359
0.471487
0.469755
0.466077
0.460376
0.452593
0.442694
0.430771
0.416912
0.399561
0.377513
-0.334493
-0.354856
-0.370799
-0.383471
-0.394378
-0.403462
-0.410652
-0.416005
-0.419597
-0.421505
-0.421826
-0.420666
-0.418139
-0.41435
-0.409408
-0.40343
-0.396533
-0.38883
-0.380431
-0.371429
-0.361902
-0.351911
-0.341508
-0.330749
-0.319689
-0.308381
-0.296866
-0.285176
-0.273336
-0.261364
-0.249274
-0.237082
-0.224808
-0.212475
-0.200103
-0.18771
-0.175307
-0.162902
-0.150497
-0.138089
-0.125677
-0.113254
-0.100815
-0.0883515
-0.0758588
-0.0633364
-0.050781
-0.0381873
-0.0255496
-0.0128586
-0.000101287
0.0127328
0.0256492
0.0386514
0.0517413
0.0649192
0.0781882
0.0915555
0.105033
0.11864
0.132394
0.146303
0.160369
0.174584
0.188936
0.203409
0.217994
0.232691
0.247503
0.262425
0.277439
0.292512
0.307603
0.322669
0.337663
0.352532
0.36722
0.381662
0.395782
0.40949
0.422676
0.435222
0.447001
0.457889
0.467762
0.476489
0.483923
0.489915
0.49431
0.496961
0.497732
0.49649
0.493128
0.487559
0.479705
0.469522
0.457113
0.44256
0.424197
0.400747
-0.358278
-0.379931
-0.396793
-0.410086
-0.42142
-0.430738
-0.437968
-0.443184
-0.446482
-0.447966
-0.44775
-0.445955
-0.442706
-0.438121
-0.432326
-0.425456
-0.417643
-0.409015
-0.399687
-0.38976
-0.379317
-0.368427
-0.357148
-0.345543
-0.33367
-0.321583
-0.309325
-0.296925
-0.284407
-0.271786
-0.259078
-0.246298
-0.233464
-0.220595
-0.20771
-0.194824
-0.181948
-0.169091
-0.15626
-0.143453
-0.130666
-0.117894
-0.105122
-0.0923374
-0.0795331
-0.0667065
-0.0538534
-0.0409676
-0.0280421
-0.0150656
-0.0020229
0.0110991
0.0243091
0.0376136
0.0510164
0.0645187
0.0781238
0.0918395
0.105678
0.119657
0.133798
0.148112
0.162603
0.17727
0.192103
0.207095
0.222242
0.237544
0.253005
0.268619
0.284365
0.300214
0.316129
0.33207
0.34799
0.363836
0.379552
0.395073
0.410322
0.425201
0.439592
0.453366
0.46639
0.47853
0.489648
0.499593
0.508202
0.515305
0.520724
0.52429
0.525833
0.525202
0.522262
0.516904
0.509044
0.498615
0.485721
0.470457
0.45103
0.426084
-0.384068
-0.407118
-0.424965
-0.438902
-0.450657
-0.460176
-0.46739
-0.472397
-0.475316
-0.476273
-0.4754
-0.472835
-0.468719
-0.463197
-0.456416
-0.448528
-0.43968
-0.430012
-0.419646
-0.40869
-0.397236
-0.385358
-0.373125
-0.360603
-0.347854
-0.334932
-0.32188
-0.308727
-0.295497
-0.282204
-0.26886
-0.255478
-0.242076
-0.228666
-0.215264
-0.20188
-0.188528
-0.17522
-0.161963
-0.148759
-0.135601
-0.122478
-0.10937
-0.0962604
-0.0831398
-0.070007
-0.0568588
-0.0436884
-0.0304857
-0.0172356
-0.00391927
0.00947932
0.0229717
0.0365676
0.0502729
0.0640894
0.0780207
0.0920752
0.106265
0.120609
0.135129
0.149839
0.16475
0.179864
0.195179
0.210693
0.226405
0.242317
0.258432
0.274742
0.291232
0.307875
0.324642
0.341493
0.358382
0.375257
0.392064
0.408739
0.425198
0.441338
0.457032
0.472144
0.486535
0.500062
0.512568
0.523885
0.53383
0.542208
0.548818
0.553458
0.555928
0.556049
0.553658
0.548617
0.540821
0.530196
0.516839
0.500847
0.480297
0.45375
-0.412085
-0.436657
-0.455557
-0.470163
-0.482329
-0.49201
-0.499146
-0.503855
-0.506285
-0.506582
-0.5049
-0.501401
-0.496257
-0.489641
-0.481726
-0.472679
-0.462662
-0.451825
-0.4403
-0.428203
-0.415634
-0.402676
-0.389404
-0.37589
-0.362196
-0.348379
-0.334481
-0.320533
-0.306556
-0.292564
-0.278567
-0.264572
-0.250591
-0.236634
-0.22271
-0.208828
-0.195003
-0.181249
-0.167575
-0.15398
-0.140454
-0.126979
-0.113532
-0.100093
-0.0866551
-0.0732185
-0.0597804
-0.0463327
-0.032862
-0.0193484
-0.00576919
0.00789464
0.0216577
0.035533
0.0495284
0.063646
0.0778897
0.0922683
0.106795
0.121489
0.136375
0.151473
0.166797
0.182356
0.198153
0.214189
0.230465
0.246985
0.263753
0.280763
0.298007
0.315464
0.333107
0.3509
0.3688
0.386759
0.404723
0.422626
0.440379
0.45787
0.474969
0.491538
0.507431
0.522491
0.536544
0.549403
0.560864
0.570705
0.578694
0.584592
0.588172
0.589211
0.587514
0.582921
0.575288
0.564526
0.550737
0.534008
0.512274
0.484002
-0.442579
-0.468813
-0.488848
-0.504149
-0.516714
-0.526506
-0.533479
-0.537777
-0.539573
-0.53904
-0.536364
-0.531746
-0.525392
-0.517509
-0.508293
-0.497927
-0.486588
-0.474439
-0.461624
-0.448267
-0.434473
-0.420336
-0.405938
-0.391352
-0.376644
-0.361872
-0.347077
-0.33229
-0.317532
-0.302815
-0.288144
-0.273521
-0.25895
-0.244437
-0.229987
-0.21561
-0.20132
-0.187132
-0.173052
-0.159074
-0.145183
-0.131356
-0.11757
-0.103805
-0.0900571
-0.0763251
-0.0626056
-0.048888
-0.0351557
-0.0213861
-0.00755343
0.00636403
0.0203846
0.0345248
0.048795
0.0631975
0.077736
0.0924203
0.107266
0.122295
0.137535
0.153011
0.168743
0.184742
0.201016
0.217568
0.234403
0.251526
0.268944
0.286659
0.304665
0.32295
0.341492
0.360259
0.379212
0.398309
0.417493
0.436695
0.455821
0.474757
0.493374
0.511529
0.529068
0.54582
0.561596
0.576188
0.589367
0.600881
0.610463
0.617835
0.622732
0.624889
0.624067
0.62007
0.612728
0.601917
0.587733
0.570258
0.547273
0.51714
-0.475836
-0.503897
-0.525157
-0.541179
-0.55412
-0.563953
-0.570649
-0.574382
-0.575357
-0.573789
-0.569908
-0.56396
-0.556192
-0.546841
-0.536129
-0.524262
-0.51143
-0.497812
-0.483564
-0.468819
-0.453688
-0.438271
-0.422656
-0.406921
-0.391133
-0.375347
-0.359607
-0.343942
-0.328371
-0.312901
-0.297533
-0.282263
-0.267089
-0.252012
-0.237037
-0.222171
-0.207428
-0.192818
-0.178344
-0.163992
-0.149742
-0.135569
-0.121451
-0.107372
-0.0933258
-0.0793115
-0.0653216
-0.0513424
-0.0373554
-0.0233367
-0.00925936
0.00490118
0.0191665
0.0335563
0.0480826
0.0627487
0.0775595
0.092528
0.107674
0.123023
0.138606
0.154452
0.170582
0.187014
0.203755
0.220814
0.238199
0.255919
0.273984
0.292403
0.311178
0.330304
0.349764
0.369535
0.389583
0.409866
0.430328
0.450894
0.471474
0.491955
0.512207
0.532085
0.551424
0.570042
0.587736
0.604274
0.619398
0.632822
0.644241
0.65334
0.659797
0.663306
0.663581
0.660371
0.653469
0.642719
0.628195
0.609975
0.585659
0.553505
-0.512186
-0.542269
-0.564857
-0.58162
-0.594893
-0.604668
-0.610933
-0.613904
-0.613834
-0.610989
-0.605657
-0.598134
-0.588709
-0.577655
-0.565223
-0.551644
-0.537129
-0.521871
-0.506036
-0.489767
-0.473182
-0.456385
-0.439467
-0.422508
-0.405577
-0.388728
-0.372001
-0.355422
-0.339006
-0.322758
-0.30667
-0.290736
-0.274948
-0.259305
-0.243808
-0.228463
-0.213278
-0.198258
-0.183398
-0.168681
-0.154082
-0.139577
-0.125143
-0.110767
-0.0964405
-0.0821585
-0.0679106
-0.0536806
-0.0394491
-0.0251917
-0.0108799
0.00351332
0.0180115
0.032635
0.0473967
0.0623023
0.077361
0.0925919
0.10802
0.123674
0.139588
0.155792
0.172309
0.18916
0.206356
0.22391
0.241832
0.260139
0.278846
0.297968
0.317515
0.337491
0.357888
0.378689
0.399866
0.421376
0.443165
0.465161
0.487278
0.509407
0.531417
0.553159
0.574464
0.595141
0.614967
0.633686
0.651008
0.666613
0.680153
0.691267
0.699576
0.704718
0.706349
0.704166
0.697897
0.687341
0.672552
0.653591
0.62786
0.593499
-0.552018
-0.584348
-0.608376
-0.625892
-0.639432
-0.649011
-0.654649
-0.656617
-0.655232
-0.650827
-0.643752
-0.63436
-0.62299
-0.609955
-0.595543
-0.580016
-0.563605
-0.546517
-0.528931
-0.510995
-0.492836
-0.474559
-0.456256
-0.438006
-0.419877
-0.401919
-0.384166
-0.366642
-0.349356
-0.332306
-0.315481
-0.298869
-0.282462
-0.266253
-0.250243
-0.23443
-0.218814
-0.203394
-0.188158
-0.173086
-0.158153
-0.143336
-0.128611
-0.11396
-0.0993729
-0.0848399
-0.0703488
-0.0558824
-0.0414205
-0.0269381
-0.0124048
0.00220769
0.0169232
0.0317611
0.0467352
0.0618564
0.0771414
0.0926164
0.108311
0.124256
0.140484
0.157028
0.173915
0.191166
0.208801
0.226833
0.24528
0.264161
0.2835
0.30332
0.323641
0.344474
0.365821
0.387671
0.41
0.43277
0.455933
0.479424
0.503161
0.52704
0.550933
0.57469
0.598142
0.621085
0.643277
0.664435
0.684239
0.702331
0.718319
0.731783
0.742289
0.749405
0.752712
0.751838
0.746444
0.736257
0.721301
0.701611
0.674368
0.637581
-0.595788
-0.63063
-0.656222
-0.674488
-0.688202
-0.697408
-0.702174
-0.702846
-0.69982
-0.693509
-0.684337
-0.672723
-0.659065
-0.643729
-0.627043
-0.609301
-0.590758
-0.571635
-0.552119
-0.532368
-0.512511
-0.492654
-0.472887
-0.453283
-0.433905
-0.414796
-0.395987
-0.377492
-0.359315
-0.341448
-0.323875
-0.306581
-0.289555
-0.27279
-0.256276
-0.240006
-0.223971
-0.20816
-0.19256
-0.177149
-0.161904
-0.1468
-0.131809
-0.11691
-0.102084
-0.0873221
-0.0726085
-0.057925
-0.0432503
-0.0285582
-0.013819
0.000995214
0.0159066
0.0309342
0.0460958
0.0614106
0.0769042
0.0926077
0.108552
0.124768
0.14129
0.158153
0.175388
0.19302
0.211072
0.229562
0.248513
0.267953
0.287914
0.308426
0.329517
0.351207
0.373507
0.396414
0.419912
0.44397
0.468549
0.493595
0.519033
0.544764
0.570667
0.596599
0.622387
0.647816
0.672623
0.696505
0.719109
0.740036
0.758849
0.775059
0.788168
0.79766
0.803037
0.803825
0.7996
0.790006
0.775014
0.754623
0.725759
0.686287
-0.644035
-0.681705
-0.709001
-0.728003
-0.741759
-0.750364
-0.753949
-0.752958
-0.747888
-0.739245
-0.727544
-0.713287
-0.696944
-0.67894
-0.65965
-0.639398
-0.618463
-0.597081
-0.575448
-0.553725
-0.532043
-0.510507
-0.489198
-0.468181
-0.447506
-0.427213
-0.407321
-0.387837
-0.368757
-0.350067
-0.331748
-0.313781
-0.296151
-0.278843
-0.26184
-0.245125
-0.228681
-0.212493
-0.196548
-0.180822
-0.165289
-0.149923
-0.134692
-0.119568
-0.10453
-0.0895656
-0.0746565
-0.059781
-0.044915
-0.0300329
-0.0151078
-0.000115116
0.0149662
0.0301577
0.0454844
0.0609749
0.0766609
0.0925751
0.108748
0.125211
0.142002
0.15916
0.176718
0.194706
0.213147
0.232069
0.251502
0.271483
0.292051
0.313241
0.335091
0.35763
0.380878
0.404843
0.429517
0.454884
0.480917
0.507571
0.534783
0.562466
0.590511
0.61878
0.647099
0.675242
0.702935
0.729851
0.75561
0.779769
0.801832
0.821253
0.837448
0.849805
0.85772
0.860612
0.85793
0.849215
0.834361
0.813316
0.78271
0.74025
-0.697417
-0.738295
-0.767455
-0.787157
-0.800774
-0.808473
-0.810477
-0.807353
-0.799727
-0.788226
-0.773478
-0.756084
-0.736601
-0.715516
-0.693252
-0.670165
-0.646557
-0.622678
-0.598731
-0.574878
-0.551246
-0.52793
-0.505001
-0.482512
-0.460503
-0.438997
-0.418006
-0.397527
-0.377545
-0.358041
-0.338992
-0.320373
-0.302161
-0.284332
-0.266859
-0.249716
-0.232881
-0.216339
-0.200073
-0.184059
-0.168267
-0.152663
-0.137216
-0.121892
-0.10667
-0.0915317
-0.0764557
-0.0614155
-0.0463847
-0.0313396
-0.0162575
-0.00111637
0.0141065
0.0294386
0.0449125
0.0605625
0.0764227
0.0925252
0.108901
0.125585
0.142618
0.160042
0.177893
0.196202
0.215001
0.234326
0.254218
0.274718
0.29587
0.317717
0.340306
0.363675
0.387858
0.41287
0.438722
0.46541
0.492923
0.521231
0.550286
0.580017
0.61033
0.641096
0.67214
0.703236
0.734101
0.764391
0.793693
0.821528
0.847337
0.870508
0.890359
0.906171
0.917202
0.922737
0.922075
0.914611
0.900134
0.878514
0.846036
0.800223
-0.756748
-0.801293
-0.832497
-0.852823
-0.86604
-0.87242
-0.872314
-0.866452
-0.855627
-0.840625
-0.822212
-0.80111
-0.777964
-0.753333
-0.727686
-0.701411
-0.674832
-0.648209
-0.621749
-0.595609
-0.569902
-0.544711
-0.52009
-0.496079
-0.472703
-0.449969
-0.427875
-0.406406
-0.385538
-0.365243
-0.345492
-0.326253
-0.307491
-0.289169
-0.271254
-0.25371
-0.236513
-0.219646
-0.203091
-0.186818
-0.170794
-0.15498
-0.139342
-0.123848
-0.10847
-0.0931875
-0.0779724
-0.0627956
-0.0476306
-0.0324563
-0.0172525
-0.00199609
0.013341
0.0287923
0.0443947
0.0601845
0.0761953
0.0924593
0.10901
0.125886
0.143132
0.160788
0.178893
0.197487
0.21661
0.236309
0.25663
0.27762
0.299324
0.321798
0.345097
0.369272
0.394364
0.420406
0.447424
0.475436
0.504447
0.534444
0.565401
0.597266
0.629963
0.663375
0.697338
0.731631
0.765969
0.799993
0.833267
0.865272
0.895397
0.922942
0.947124
0.967094
0.981957
0.990811
0.992774
0.987046
0.973274
0.951209
0.916721
0.867118
-0.823032
-0.871805
-0.905241
-0.926052
-0.93849
-0.942984
-0.940067
-0.930692
-0.915871
-0.896589
-0.873783
-0.848305
-0.820901
-0.792201
-0.762722
-0.732886
-0.703028
-0.673415
-0.644246
-0.615665
-0.587768
-0.560616
-0.534245
-0.508676
-0.483913
-0.45995
-0.436764
-0.414326
-0.392602
-0.371553
-0.351139
-0.331318
-0.312042
-0.293265
-0.274943
-0.257038
-0.23952
-0.222369
-0.205559
-0.18906
-0.172831
-0.156834
-0.141035
-0.1254
-0.109899
-0.094502
-0.079178
-0.0638968
-0.0486335
-0.0333678
-0.0180784
-0.00273749
0.0126882
0.0282359
0.0439434
0.0598467
0.0759797
0.0923763
0.109073
0.12611
0.14353
0.161378
0.179699
0.19854
0.217954
0.237993
0.258706
0.280144
0.302363
0.325427
0.3494
0.374343
0.400311
0.427354
0.45552
0.484847
0.51536
0.547068
0.579968
0.614036
0.649216
0.685413
0.722481
0.760214
0.798331
0.836471
0.874183
0.910909
0.94599
0.978634
1.00795
1.03293
1.05249
1.06552
1.07088
1.06754
1.05492
1.03261
0.99597
0.942048
-0.897516
-0.951201
-0.987062
-1.00811
-1.01922
-1.02106
-1.01441
-1.00053
-0.980728
-0.956225
-0.928161
-0.897535
-0.865196
-0.831847
-0.798055
-0.764264
-0.730818
-0.697972
-0.665911
-0.634751
-0.604565
-0.575387
-0.547229
-0.520086
-0.49394
-0.468764
-0.444514
-0.421146
-0.398608
-0.376852
-0.355824
-0.335467
-0.315723
-0.296535
-0.277854
-0.259637
-0.241849
-0.22446
-0.207438
-0.190747
-0.174346
-0.158197
-0.142268
-0.126523
-0.110928
-0.0954481
-0.0800494
-0.0647018
-0.0493801
-0.0340616
-0.0187202
-0.00332388
0.0121635
0.0277799
0.043563
0.0595495
0.0757745
0.0922727
0.109081
0.12624
0.143795
0.161794
0.180292
0.199345
0.219012
0.239348
0.260407
0.282249
0.304938
0.328547
0.353147
0.37881
0.405609
0.433616
0.462899
0.493517
0.525517
0.558937
0.593804
0.630122
0.667863
0.706964
0.747308
0.788714
0.830919
0.873572
0.916218
0.958276
0.999031
1.03761
1.073
1.10401
1.12935
1.14762
1.1574
1.15729
1.14646
1.12423
1.08529
1.0264
-0.981768
-1.04121
-1.07967
-1.10056
-1.10955
-1.10767
-1.09608
-1.07645
-1.05044
-1.01958
-0.985226
-0.948554
-0.910519
-0.871891
-0.833276
-0.795131
-0.757791
-0.721487
-0.686368
-0.652516
-0.619969
-0.588729
-0.558778
-0.530077
-0.50258
-0.476231
-0.450967
-0.426721
-0.403427
-0.381022
-0.359436
-0.338599
-0.318442
-0.298902
-0.279921
-0.261452
-0.243449
-0.225873
-0.208685
-0.191844
-0.175311
-0.15905
-0.143026
-0.127204
-0.111547
-0.0960171
-0.0805801
-0.065205
-0.0498632
-0.0345266
-0.0191647
-0.00374339
0.0117744
0.027427
0.0432534
0.0592913
0.0755758
0.0921404
0.109022
0.126262
0.14391
0.162023
0.180661
0.199887
0.219762
0.240346
0.261703
0.283898
0.307005
0.331101
0.356269
0.382596
0.410173
0.439092
0.469444
0.501308
0.53476
0.569872
0.606701
0.645285
0.685637
0.727734
0.771502
0.816796
0.86339
0.910961
0.959062
1.00711
1.05434
1.09981
1.14236
1.18064
1.21308
1.23797
1.25346
1.25776
1.2496
1.22793
1.18659
1.12194
-1.0778
-1.14404
-1.18524
-1.20532
-1.21106
-1.20402
-1.1859
-1.15891
-1.12517
-1.08657
-1.04472
-1.00098
-0.956398
-0.911819
-0.867858
-0.824965
-0.783444
-0.743481
-0.705173
-0.668555
-0.633617
-0.600322
-0.568609
-0.538402
-0.509615
-0.482163
-0.455957
-0.430908
-0.406932
-0.383947
-0.361871
-0.340623
-0.320123
-0.300301
-0.281093
-0.262438
-0.244282
-0.226574
-0.209269
-0.192328
-0.17571
-0.15938
-0.143302
-0.127442
-0.11176
-0.0962175
-0.0807799
-0.0654134
-0.0500844
-0.0347603
-0.0194089
-0.00399536
0.0115188
0.027174
0.0430107
0.0590663
0.0753736
0.0919648
0.108878
0.126161
0.143867
0.162057
0.180796
0.200149
0.220183
0.240965
0.262563
0.285053
0.308512
0.333029
0.358698
0.385623
0.413911
0.443675
0.475025
0.50807
0.542917
0.579669
0.61842
0.659253
0.70223
0.747381
0.794682
0.844049
0.895313
0.948198
1.00229
1.05701
1.11159
1.16503
1.21603
1.26305
1.30423
1.33746
1.36041
1.37067
1.36643
1.34607
1.3023
1.23088
-1.18826
-1.26262
-1.30658
-1.32483
-1.3257
-1.31151
-1.28475
-1.24834
-1.20497
-1.15696
-1.1062
-1.05423
-1.00219
-0.950964
-0.901144
-0.853134
-0.807181
-0.763402
-0.721826
-0.682421
-0.64512
-0.609826
-0.576428
-0.544804
-0.514826
-0.486371
-0.459324
-0.433571
-0.409007
-0.385531
-0.36305
-0.341473
-0.320714
-0.300691
-0.281332
-0.262563
-0.244319
-0.226541
-0.209179
-0.192192
-0.175541
-0.15919
-0.143104
-0.127247
-0.111581
-0.0960658
-0.0806641
-0.0653381
-0.0500512
-0.0347694
-0.0194606
-0.00408845
0.0113886
0.0270136
0.0428264
0.0588621
0.0751518
0.0917292
0.108637
0.125926
0.143653
0.16188
0.180676
0.200109
0.220251
0.241173
0.262952
0.285666
0.309406
0.334268
0.360362
0.387804
0.416719
0.447239
0.479499
0.513635
0.549786
0.588092
0.628691
0.671715
0.717286
0.765496
0.816397
0.869979
0.926151
0.98471
1.04531
1.10743
1.1703
1.23289
1.29382
1.35133
1.40326
1.44704
1.4797
1.49808
1.49956
1.48168
1.43554
1.35613
-1.31671
-1.40085
-1.44739
-1.46218
-1.45577
-1.43168
-1.39346
-1.34498
-1.28964
-1.23024
-1.16897
-1.1075
-1.04706
-0.988488
-0.932327
-0.878888
-0.828317
-0.780637
-0.735784
-0.693643
-0.654067
-0.61689
-0.581936
-0.549028
-0.517992
-0.488669
-0.46091
-0.434577
-0.409543
-0.385689
-0.362908
-0.341103
-0.320179
-0.300044
-0.280613
-0.261804
-0.24354
-0.225756
-0.208402
-0.191432
-0.174807
-0.158488
-0.142442
-0.126636
-0.111029
-0.0955798
-0.0802467
-0.0649904
-0.0497746
-0.0345663
-0.0193327
-0.00403449
0.0113734
0.0269343
0.042686
0.0586616
0.0748937
0.0914196
0.108285
0.125543
0.143251
0.161473
0.180279
0.199743
0.219936
0.240935
0.262821
0.285684
0.309624
0.334748
0.361178
0.389042
0.418483
0.449652
0.482706
0.517814
0.555147
0.594883
0.637208
0.682316
0.730395
0.781615
0.836114
0.893983
0.955235
1.01978
1.08737
1.15758
1.22972
1.30276
1.37528
1.44535
1.51049
1.56762
1.61299
1.64245
1.65225
1.63867
1.59049
1.50153
-1.46806
-1.56404
-1.61253
-1.62125
-1.604
-1.56616
-1.51273
-1.44882
-1.37866
-1.30555
-1.23198
-1.1597
-1.0899
-1.02335
-0.960442
-0.901353
-0.84608
-0.794514
-0.74647
-0.701725
-0.660035
-0.621151
-0.584824
-0.550813
-0.518897
-0.488874
-0.460565
-0.433805
-0.408443
-0.384344
-0.361391
-0.339475
-0.318492
-0.298339
-0.27892
-0.260143
-0.241929
-0.224211
-0.206931
-0.190044
-0.173504
-0.157276
-0.141327
-0.125622
-0.110119
-0.0947721
-0.0795388
-0.0643823
-0.0492689
-0.0341665
-0.0190396
-0.00384598
0.0114603
0.026921
0.0425721
0.0584483
0.0745853
0.0910231
0.107808
0.124994
0.142639
0.160812
0.179581
0.199019
0.219199
0.240203
0.262121
0.285052
0.309104
0.334395
0.361056
0.389232
0.419078
0.450765
0.484475
0.520403
0.558754
0.599751
0.643636
0.690664
0.741098
0.795198
0.85321
0.915346
0.981756
1.05249
1.12747
1.20642
1.28878
1.37364
1.45959
1.54462
1.62596
1.69997
1.76202
1.80666
1.82858
1.82214
1.77277
1.67231
-1.64926
-1.7596
-1.8085
-1.80688
-1.77352
-1.71651
-1.64291
-1.55932
-1.47093
-1.38153
-1.29375
-1.20932
-1.12932
-1.05426
-0.984346
-0.919531
-0.859613
-0.804305
-0.753271
-0.706152
-0.662591
-0.622243
-0.58478
-0.549897
-0.517322
-0.486811
-0.458149
-0.431144
-0.405622
-0.381435
-0.358452
-0.336555
-0.315627
-0.295555
-0.276235
-0.257572
-0.239486
-0.221906
-0.204771
-0.18803
-0.171641
-0.155566
-0.139771
-0.124218
-0.108861
-0.0936523
-0.0785528
-0.0635301
-0.0485532
-0.0335887
-0.0185989
-0.0035409
0.0116296
0.0269529
0.0424661
0.0582066
0.074212
0.0905223
0.107185
0.124254
0.141793
0.159868
0.178546
0.197896
0.217995
0.238931
0.260801
0.283711
0.307777
0.333128
0.359907
0.388266
0.418376
0.450425
0.48462
0.52118
0.560348
0.602392
0.647612
0.696328
0.748885
0.805647
0.866982
0.933243
1.00475
1.08174
1.16436
1.25256
1.34602
1.44406
1.54542
1.64811
1.74919
1.84451
1.92846
1.99397
2.03362
2.03891
1.99013
1.87585
-1.87054
-1.99802
-2.04401
-2.02505
-1.96767
-1.88397
-1.78369
-1.6752
-1.56462
-1.45609
-1.35219
-1.25443
-1.16353
-1.07967
-1.00271
-0.932302
-0.867982
-0.80924
-0.755553
-0.706405
-0.661308
-0.619815
-0.581518
-0.546048
-0.51308
-0.482329
-0.453543
-0.426503
-0.401016
-0.376917
-0.354063
-0.332323
-0.311569
-0.291682
-0.272554
-0.254093
-0.236217
-0.218851
-0.201933
-0.185408
-0.169234
-0.153374
-0.137789
-0.122436
-0.107266
-0.0922344
-0.0773074
-0.0624564
-0.0476508
-0.0328562
-0.0180347
-0.00314552
0.0118541
0.027005
0.0423465
0.0579163
0.073751
0.0898908
0.106386
0.123295
0.14068
0.158604
0.17713
0.196327
0.216276
0.237067
0.258803
0.281596
0.305573
0.33087
0.357635
0.386033
0.416247
0.44848
0.482957
0.519927
0.559669
0.602497
0.648763
0.69886
0.75322
0.812316
0.876646
0.946731
1.02309
1.10621
1.19651
1.29426
1.39952
1.51197
1.63071
1.754
1.87894
2.00102
2.11366
2.20794
2.27361
2.29804
2.25358
2.12293
-2.1476
-2.29461
-2.33075
-2.28296
-2.18975
-2.06894
-1.9336
-1.79394
-1.6568
-1.52625
-1.40451
-1.2925
-1.19037
-1.09776
-1.01403
-0.938438
-0.870195
-0.808522
-0.752677
-0.701972
-0.655782
-0.613552
-0.574794
-0.53908
-0.506032
-0.475323
-0.44667
-0.419829
-0.394589
-0.370769
-0.348213
-0.326775
-0.306321
-0.28673
-0.267896
-0.24973
-0.232148
-0.215074
-0.198443
-0.182202
-0.166309
-0.150722
-0.135399
-0.12029
-0.105349
-0.0905382
-0.0758259
-0.0611854
-0.0465862
-0.0319944
-0.0173748
-0.00268837
0.0121075
0.0270548
0.0421917
0.0575533
0.0731753
0.0891005
0.105383
0.122084
0.139263
0.156977
0.175289
0.194268
0.213993
0.234558
0.256071
0.278649
0.302425
0.327541
0.354153
0.38243
0.412566
0.444778
0.47931
0.516434
0.556464
0.599758
0.64672
0.697812
0.753553
0.814524
0.881368
0.954786
1.03553
1.12436
1.22207
1.32934
1.44675
1.57456
1.71249
1.85937
2.01272
2.16809
2.31814
2.45202
2.55605
2.61168
2.57901
2.43
-2.50581
-2.67212
-2.68437
-2.58879
-2.44222
-2.27015
-2.08926
-1.91127
-1.74303
-1.58789
-1.44705
-1.32045
-1.2073
-1.10645
-1.01665
-0.936638
-0.865239
-0.801364
-0.744037
-0.692388
-0.645659
-0.603193
-0.564426
-0.528868
-0.496096
-0.465746
-0.437506
-0.411114
-0.386344
-0.363
-0.340912
-0.319926
-0.299906
-0.280732
-0.262302
-0.244528
-0.227325
-0.210618
-0.194344
-0.178452
-0.162899
-0.147638
-0.13262
-0.117799
-0.103133
-0.0885866
-0.0741312
-0.0597397
-0.0453826
-0.0310287
-0.016645
-0.00219275
0.0123704
0.0270839
0.0419817
0.0570956
0.0724626
0.0881294
0.104153
0.120595
0.13751
0.154955
0.172989
0.191681
0.211108
0.231364
0.252559
0.274818
0.298276
0.323078
0.349381
0.377363
0.407223
0.439189
0.473518
0.510508
0.550501
0.593892
0.641134
0.692747
0.749335
0.811586
0.880286
0.956322
1.04069
1.1345
1.23891
1.35519
1.48456
1.62811
1.78652
1.9597
2.14619
2.34228
2.54062
2.72881
2.8894
2.99597
2.98994
2.82346
-2.98868
-3.16498
-3.12507
-2.9506
-2.72508
-2.48307
-2.24419
-2.0203
-1.8169
-1.63543
-1.47522
-1.33458
-1.21139
-1.10349
-1.00885
-0.925601
-0.852138
-0.787045
-0.729107
-0.677282
-0.630688
-0.588576
-0.550316
-0.515365
-0.48326
-0.453609
-0.426081
-0.4004
-0.376327
-0.353656
-0.332207
-0.311826
-0.292377
-0.273745
-0.25583
-0.238544
-0.221805
-0.205539
-0.189689
-0.174206
-0.159043
-0.144151
-0.129481
-0.114991
-0.100643
-0.0864046
-0.0722465
-0.0581419
-0.0440635
-0.0299825
-0.0158663
-0.00167661
0.0126257
0.027074
0.0416964
0.0565232
0.0715935
0.0869578
0.102675
0.118802
0.135396
0.152511
0.170204
0.188538
0.207587
0.227447
0.248231
0.270063
0.293078
0.317423
0.343255
0.370754
0.400126
0.431602
0.46545
0.501988
0.541582
0.584651
0.631688
0.683267
0.740056
0.802845
0.872551
0.950244
1.03717
1.13477
1.2447
1.3688
1.50914
1.6679
1.84712
2.04841
2.27226
2.51692
2.77647
3.03831
3.28197
3.47167
3.52185
3.34847
-3.67504
-3.82548
-3.67657
-3.37282
-3.03223
-2.69707
-2.3868
-2.11039
-1.86942
-1.66165
-1.4834
-1.33062
-1.19948
-1.08656
-0.988918
-0.904093
-0.830011
-0.764948
-0.707471
-0.656389
-0.610716
-0.569633
-0.532452
-0.498595
-0.467571
-0.438974
-0.412464
-0.387757
-0.364608
-0.342806
-0.32217
-0.302548
-0.28381
-0.265843
-0.248551
-0.231846
-0.21565
-0.199897
-0.184533
-0.16951
-0.154781
-0.140298
-0.126016
-0.111899
-0.0979112
-0.0840205
-0.0701975
-0.0564168
-0.042653
-0.0288774
-0.0150572
-0.00115719
0.0128547
0.0270037
0.0413135
0.0558144
0.0705476
0.0855644
0.100924
0.116684
0.132901
0.149626
0.16691
0.184811
0.203403
0.222779
0.243052
0.264345
0.286788
0.310526
0.335719
0.362543
0.3912
0.421927
0.455002
0.490749
0.529546
0.571832
0.618122
0.669026
0.725265
0.787702
0.857367
0.935493
1.02355
1.12331
1.2369
1.36682
1.51607
1.68812
1.88684
2.11625
2.37998
2.68008
3.01466
3.37417
3.73819
4.06299
4.22827
4.0864
-4.70813
-4.72925
-4.36138
-3.85008
-3.34639
-2.89204
-2.49871
-2.16642
-1.8889
-1.65788
-1.4653
-1.30411
-1.16843
-1.05346
-0.955385
-0.871121
-0.798208
-0.734666
-0.678894
-0.629596
-0.585718
-0.546393
-0.510903
-0.478648
-0.449135
-0.421953
-0.396767
-0.373293
-0.351289
-0.330548
-0.310896
-0.292186
-0.274294
-0.257111
-0.240542
-0.224505
-0.208929
-0.193754
-0.17893
-0.164413
-0.150158
-0.136123
-0.122269
-0.108563
-0.0949734
-0.0814664
-0.0680141
-0.0545923
-0.0411749
-0.0277327
-0.0142353
-0.000653867
0.0130353
0.0268505
0.0408119
0.0549492
0.0693043
0.0839296
0.0988839
0.114226
0.130009
0.146282
0.163089
0.180483
0.198536
0.21734
0.237001
0.257636
0.279376
0.302359
0.326739
0.352688
0.380403
0.410119
0.442115
0.476715
0.514296
0.555305
0.600261
0.649785
0.704627
0.765699
0.834102
0.91118
0.998593
1.09838
1.21308
1.34583
1.50057
1.68218
1.89666
2.15115
2.45377
2.81282
3.23449
3.71853
4.25244
4.79266
5.18596
5.18392
-6.34635
-5.97564
-5.19162
-4.36219
-3.63722
-3.03854
-2.55608
-2.17089
-1.86322
-1.61603
-1.41574
-1.25185
-1.11635
-1.0032
-0.907791
-0.826587
-0.756854
-0.696458
-0.643711
-0.597276
-0.556074
-0.51923
-0.486023
-0.455864
-0.428269
-0.402844
-0.379267
-0.357266
-0.33661
-0.317105
-0.298591
-0.280929
-0.264
-0.247701
-0.231942
-0.216648
-0.201756
-0.187213
-0.172975
-0.159003
-0.145258
-0.131704
-0.118311
-0.105049
-0.0918866
-0.0787921
-0.0657388
-0.0527018
-0.0396547
-0.0265694
-0.0134198
-0.000184458
0.0131517
0.026601
0.0401815
0.0539225
0.0678649
0.08206
0.0965678
0.111447
0.126746
0.142507
0.158771
0.175588
0.193024
0.211168
0.23012
0.24999
0.270901
0.292987
0.316391
0.341275
0.367832
0.396289
0.426914
0.460021
0.495979
0.535218
0.578247
0.625677
0.678252
0.736888
0.802719
0.877138
0.961886
1.05919
1.17188
1.30358
1.45903
1.64444
1.86799
2.14039
2.47548
2.89055
3.40565
4.0401
4.80372
5.67249
6.49481
6.9029
-9.16447
-7.68966
-6.11953
-4.83582
-3.83834
-3.0852
-2.52327
-2.10078
-1.7782
-1.52775
-1.33002
-1.17136
-1.04213
-0.935425
-0.846235
-0.770833
-0.706418
-0.650846
-0.602457
-0.559945
-0.522271
-0.488594
-0.458228
-0.430619
-0.405318
-0.381963
-0.360255
-0.339944
-0.32082
-0.302711
-0.28547
-0.26897
-0.253102
-0.237769
-0.22289
-0.208401
-0.194247
-0.180382
-0.166769
-0.153376
-0.140174
-0.127134
-0.114229
-0.101435
-0.0887207
-0.0760589
-0.0634233
-0.0507891
-0.03813
-0.0254208
-0.0126419
0.000220454
0.0131754
0.0262316
0.0394044
0.0527209
0.0662216
0.0799578
0.0939869
0.108363
0.12313
0.138327
0.153988
0.170161
0.18691
0.204313
0.222465
0.241467
0.261434
0.282489
0.304764
0.328411
0.35361
0.380574
0.409553
0.440841
0.47478
0.511775
0.5523
0.59693
0.646372
0.7015
0.763411
0.83347
0.913399
1.00544
1.11249
1.23841
1.38838
1.5695
1.79166
2.06884
2.42088
2.87611
3.47486
4.27018
5.31626
6.65335
8.28163
9.82378
-14.6562
-9.94963
-6.8009
-4.95173
-3.72373
-2.88346
-2.30504
-1.89488
-1.59359
-1.36555
-1.18852
-1.04803
-0.934427
-0.841066
-0.763257
-0.697595
-0.64155
-0.593206
-0.551091
-0.514049
-0.481161
-0.451685
-0.42502
-0.400684
-0.378288
-0.357521
-0.338124
-0.319884
-0.302623
-0.286196
-0.270476
-0.255354
-0.240732
-0.226529
-0.212677
-0.199124
-0.185824
-0.172742
-0.159851
-0.147127
-0.134549
-0.122097
-0.109748
-0.0974823
-0.0852741
-0.0730985
-0.0609313
-0.0487488
-0.036528
-0.0242489
-0.0118981
0.000532371
0.0130465
0.0256491
0.0383534
0.0511856
0.0641829
0.0773929
0.0908686
0.104659
0.118802
0.13333
0.148276
0.163683
0.179607
0.196119
0.213303
0.231251
0.250066
0.269855
0.290737
0.312848
0.336349
0.361427
0.388305
0.417241
0.448536
0.482541
0.519676
0.560446
0.60547
0.655525
0.711575
0.77484
0.846868
0.929652
1.02585
1.13901
1.27401
1.43772
1.64009
1.896
2.22826
2.67328
3.29164
4.17944
5.46678
7.38912
10.6278
15.4448
-23.9277
-12.1504
-6.52543
-4.2389
-3.029
-2.29534
-1.82959
-1.51422
-1.28668
-1.11491
-0.981003
-0.874016
-0.786856
-0.714708
-0.654169
-0.602752
-0.558595
-0.520276
-0.48669
-0.456959
-0.430377
-0.406371
-0.384478
-0.364325
-0.345614
-0.328105
-0.311599
-0.295934
-0.280977
-0.266616
-0.252752
-0.2393
-0.226184
-0.21334
-0.200719
-0.188284
-0.176004
-0.163855
-0.151822
-0.139893
-0.128056
-0.116296
-0.104601
-0.092955
-0.081339
-0.0697322
-0.0581135
-0.0464626
-0.0347606
-0.0229928
-0.0111511
0.000765741
0.0127561
0.0248208
0.0369697
0.0492244
0.0616188
0.0741967
0.0870054
0.100087
0.113474
0.127191
0.141265
0.155734
0.170644
0.186057
0.202043
0.218684
0.236066
0.254279
0.273423
0.29361
0.314972
0.337663
0.361861
0.387777
0.415649
0.445756
0.47843
0.514071
0.55316
0.596297
0.644242
0.69793
0.758535
0.827571
0.907024
0.999541
1.10874
1.23971
1.39987
1.60064
1.86054
2.21238
2.71967
3.50313
4.78075
7.16283
12.9049
24.8051
0
0
0
0
0
0
0
0
0
0
0
0
0
0
0
0
0
0
0
0
0
0
0
0
0
0
0
0
0
0
0
0
0
0
0
0
0
0
0
0
0
0
0
0
0
0
0
0
0
0
0
0
0
0
0
0
0
0
0
0
0
0
0
0
0
0
0
0
0
0
0
0
0
0
0
0
0
0
0
0
0
0
0
0
0
0
0
0
0
0
0
0
0
0
0
0
0
0
0
0
)
;

boundaryField
{
    obstacleFixedWalls
    {
        type            zeroGradient;
    }
    obstacleFrontAndBack
    {
        type            empty;
    }
    movingWall
    {
        type            zeroGradient;
    }
    fixedWalls
    {
        type            zeroGradient;
    }
    frontAndBack
    {
        type            empty;
    }
}


// ************************************************************************* //
