/*--------------------------------*- C++ -*----------------------------------*\
  =========                 |
  \\      /  F ield         | OpenFOAM: The Open Source CFD Toolbox
   \\    /   O peration     | Website:  https://openfoam.org
    \\  /    A nd           | Version:  11
     \\/     M anipulation  |
\*---------------------------------------------------------------------------*/
FoamFile
{
    format      ascii;
    class       volScalarField;
    location    "1.1";
    object      p;
}
// * * * * * * * * * * * * * * * * * * * * * * * * * * * * * * * * * * * * * //

dimensions      [0 2 -2 0 0 0 0];

internalField   nonuniform List<scalar> 
10100
(
-2.11363e-07
0.0146731
0.0352256
0.0535954
0.0673494
0.0784608
0.0878505
0.0961214
0.103594
0.11051
0.117039
0.123328
0.129419
0.135272
0.140834
0.146086
0.151044
0.155699
0.160022
0.164003
0.167659
0.171038
0.174204
0.17722
0.180157
0.183089
0.18608
0.189166
0.192358
0.195647
0.19903
0.202514
0.206084
0.209698
0.21332
0.216965
0.22067
0.224447
0.228266
0.232092
0.235924
0.239794
0.243723
0.247694
0.251661
0.255591
0.259482
0.263361
0.267251
0.271162
0.27509
0.279036
0.283015
0.287059
0.291196
0.295435
0.29976
0.304139
0.30853
0.312902
0.317243
0.321553
0.325839
0.330107
0.334351
0.338554
0.342689
0.346724
0.350628
0.354367
0.357907
0.361218
0.364279
0.367084
0.369632
0.371927
0.373974
0.37578
0.377354
0.378708
0.379851
0.380786
0.381506
0.382004
0.382268
0.382295
0.382094
0.381686
0.381094
0.380343
0.379454
0.378451
0.377366
0.376239
0.375118
0.374061
0.373144
0.372474
0.37217
0.372292
0.0143542
0.0282322
0.0446794
0.0596432
0.0720705
0.0824976
0.0914696
0.0994346
0.106704
0.113424
0.11972
0.125713
0.131478
0.137021
0.14232
0.147352
0.152112
0.156603
0.160807
0.164719
0.168367
0.171778
0.174981
0.178042
0.181051
0.184069
0.187128
0.190257
0.193472
0.196769
0.200149
0.203614
0.207149
0.210713
0.214284
0.217881
0.221542
0.225269
0.229027
0.23279
0.236567
0.240393
0.244282
0.248207
0.252122
0.256004
0.259862
0.263724
0.26761
0.27152
0.275442
0.279373
0.283329
0.287339
0.291429
0.295604
0.29985
0.304132
0.308413
0.312666
0.316882
0.321063
0.32522
0.329354
0.33346
0.33752
0.34151
0.345402
0.349168
0.352777
0.356196
0.359398
0.362364
0.36509
0.367576
0.369824
0.371836
0.373616
0.375176
0.376529
0.377682
0.378638
0.379392
0.379936
0.380263
0.380371
0.380275
0.379996
0.37956
0.378987
0.378296
0.377508
0.37665
0.375755
0.374862
0.374011
0.373256
0.372684
0.372391
0.372429
0.035264
0.0449047
0.0561944
0.0676249
0.0781062
0.0874064
0.095646
0.103061
0.109917
0.116325
0.122352
0.128056
0.133514
0.138761
0.143797
0.148621
0.153206
0.15753
0.161607
0.165448
0.169057
0.172449
0.17566
0.17875
0.181796
0.184857
0.18796
0.191125
0.194363
0.197677
0.201066
0.204526
0.208035
0.211561
0.215096
0.218664
0.222293
0.225976
0.229681
0.233392
0.237129
0.240921
0.244775
0.248656
0.252524
0.256363
0.260188
0.26403
0.267902
0.271796
0.275697
0.279603
0.283528
0.287502
0.291546
0.295668
0.299848
0.304054
0.308249
0.312407
0.316522
0.320599
0.324648
0.328671
0.332665
0.336612
0.34049
0.344274
0.347935
0.35144
0.35476
0.357869
0.360755
0.363416
0.365854
0.368066
0.370054
0.371821
0.373377
0.374734
0.375903
0.376886
0.377679
0.378274
0.378663
0.378847
0.378844
0.378676
0.378367
0.377936
0.377399
0.376775
0.376086
0.375357
0.374614
0.373886
0.373207
0.372649
0.372288
0.372163
0.0544863
0.0604925
0.0681559
0.076672
0.0851397
0.0931171
0.10043
0.107155
0.113436
0.119393
0.125071
0.130471
0.135629
0.140589
0.145358
0.149939
0.154327
0.1585
0.162449
0.166191
0.169742
0.173108
0.176314
0.179421
0.182501
0.185595
0.188722
0.191904
0.195164
0.198501
0.201902
0.205354
0.20884
0.21234
0.215851
0.219395
0.222992
0.226636
0.230301
0.233977
0.237682
0.241442
0.245258
0.249096
0.252922
0.256722
0.260517
0.264335
0.268188
0.272066
0.275952
0.279839
0.283737
0.287674
0.291673
0.295739
0.299856
0.303992
0.308108
0.312181
0.316206
0.320189
0.32414
0.328064
0.331957
0.335805
0.339586
0.343275
0.346841
0.350254
0.353484
0.356512
0.359331
0.361942
0.364344
0.366534
0.368509
0.370272
0.371834
0.373206
0.374396
0.375409
0.37624
0.376882
0.377328
0.377583
0.377662
0.37759
0.377387
0.377069
0.376652
0.376152
0.375589
0.374979
0.374336
0.373674
0.373014
0.372416
0.371942
0.371614
0.0694214
0.0738056
0.0793655
0.0858118
0.0925453
0.0991947
0.105547
0.111546
0.117229
0.122674
0.12792
0.13299
0.137866
0.142549
0.147065
0.151423
0.155611
0.159625
0.163466
0.167128
0.170611
0.173932
0.177128
0.180254
0.183358
0.186465
0.189598
0.19279
0.196064
0.199411
0.202809
0.206247
0.209712
0.213188
0.216673
0.220187
0.22375
0.227358
0.230989
0.234632
0.238304
0.242029
0.245803
0.249597
0.253377
0.257135
0.260893
0.264682
0.268514
0.272378
0.27625
0.280116
0.283983
0.287877
0.291824
0.295833
0.299886
0.303951
0.307989
0.311978
0.315913
0.319804
0.323663
0.327494
0.331294
0.33505
0.338742
0.342341
0.345819
0.349145
0.352295
0.355254
0.358019
0.360592
0.362969
0.365143
0.36711
0.368873
0.370444
0.371834
0.373048
0.37409
0.374956
0.375641
0.37614
0.376459
0.376615
0.376626
0.376512
0.376287
0.375966
0.375564
0.375097
0.374574
0.373997
0.373367
0.372692
0.372027
0.371417
0.370872
0.0819225
0.0852872
0.089527
0.0945527
0.0999129
0.105339
0.11075
0.11602
0.121114
0.126063
0.130882
0.135585
0.140164
0.144599
0.148886
0.153032
0.157043
0.16092
0.164657
0.168238
0.17166
0.174947
0.178136
0.181265
0.18437
0.187475
0.19061
0.193808
0.197085
0.200426
0.20381
0.207226
0.210665
0.214113
0.217569
0.221054
0.224585
0.228157
0.231749
0.235357
0.238996
0.242688
0.246423
0.250168
0.253895
0.257602
0.26132
0.265082
0.268898
0.272749
0.276603
0.280441
0.284269
0.288117
0.292013
0.295967
0.299959
0.303955
0.307915
0.311818
0.315666
0.31947
0.323242
0.326986
0.330701
0.334374
0.337984
0.341503
0.344899
0.348146
0.351226
0.354128
0.356851
0.359393
0.361748
0.363907
0.365866
0.367629
0.369208
0.370612
0.371848
0.372917
0.373816
0.374541
0.375091
0.375472
0.375697
0.37578
0.375739
0.375588
0.375342
0.375013
0.374614
0.374149
0.37361
0.372988
0.372279
0.37153
0.370778
0.370017
0.092814
0.095416
0.0987097
0.102685
0.107009
0.111456
0.11597
0.12051
0.125032
0.129503
0.133922
0.13827
0.142534
0.146709
0.150781
0.154743
0.158597
0.162343
0.16597
0.169467
0.172838
0.176101
0.179278
0.182395
0.185486
0.188582
0.191713
0.194912
0.198184
0.201513
0.204877
0.208265
0.211673
0.215093
0.218523
0.22198
0.225476
0.229007
0.232558
0.236131
0.239742
0.243402
0.247096
0.250787
0.254454
0.258109
0.261789
0.265529
0.269331
0.273167
0.276997
0.280799
0.284586
0.28839
0.292242
0.296147
0.300082
0.304009
0.307891
0.311712
0.315474
0.319195
0.322886
0.32655
0.330187
0.333784
0.33732
0.340763
0.344084
0.347261
0.350281
0.353136
0.355823
0.358337
0.360669
0.362811
0.364759
0.36652
0.368103
0.369519
0.370773
0.371867
0.372797
0.373563
0.374166
0.374609
0.374899
0.375045
0.375063
0.374971
0.374783
0.37451
0.374158
0.373726
0.373202
0.37257
0.371815
0.370981
0.370088
0.36912
0.102618
0.104577
0.107099
0.110243
0.113742
0.117404
0.121161
0.125024
0.128983
0.132991
0.137014
0.141014
0.144971
0.148883
0.152738
0.156522
0.160226
0.163839
0.167356
0.170773
0.174093
0.177326
0.180481
0.183575
0.186647
0.189731
0.19286
0.196055
0.199317
0.202626
0.205964
0.209326
0.212709
0.216105
0.219509
0.222932
0.226386
0.229874
0.233389
0.236934
0.240519
0.244145
0.24779
0.251421
0.255029
0.258635
0.262284
0.266004
0.26979
0.273603
0.2774
0.281163
0.28491
0.288678
0.292494
0.296357
0.300239
0.304097
0.307902
0.311641
0.315324
0.318967
0.322583
0.326177
0.329743
0.33327
0.336734
0.340106
0.343358
0.346474
0.349444
0.352263
0.35492
0.357407
0.359715
0.361838
0.363776
0.365534
0.367121
0.368548
0.369819
0.370935
0.371895
0.372702
0.373356
0.373857
0.374205
0.374404
0.374468
0.374419
0.374275
0.374046
0.373731
0.373319
0.372796
0.372141
0.371337
0.370419
0.369395
0.368238
0.111591
0.113024
0.114914
0.117338
0.120126
0.123116
0.126256
0.129539
0.132963
0.136514
0.14014
0.143792
0.147455
0.151114
0.154747
0.15834
0.161881
0.16536
0.168771
0.172109
0.175372
0.178559
0.181674
0.184739
0.187794
0.190874
0.194001
0.197185
0.200427
0.203712
0.207029
0.210373
0.213739
0.217112
0.220483
0.223864
0.227275
0.230726
0.234214
0.237737
0.241295
0.24488
0.248468
0.252039
0.255592
0.259158
0.262779
0.266479
0.270241
0.274021
0.277779
0.281503
0.285218
0.288959
0.292748
0.296574
0.300402
0.304193
0.307923
0.311586
0.315196
0.31877
0.322322
0.325852
0.329354
0.332815
0.336211
0.339515
0.342705
0.345771
0.348704
0.351494
0.354128
0.356593
0.358882
0.360992
0.362923
0.36468
0.366273
0.367711
0.368998
0.370134
0.371121
0.371962
0.37266
0.373208
0.373601
0.373839
0.373937
0.373919
0.373807
0.37361
0.373322
0.372927
0.372401
0.371721
0.370868
0.369874
0.368732
0.367406
0.119909
0.120854
0.12222
0.124048
0.12621
0.128606
0.131202
0.133987
0.136943
0.140051
0.143276
0.146593
0.149973
0.153378
0.15678
0.160169
0.16354
0.166884
0.170188
0.173438
0.176624
0.179746
0.182814
0.185853
0.188896
0.191971
0.195086
0.198252
0.201471
0.204737
0.208041
0.211374
0.214721
0.218063
0.221396
0.224736
0.228111
0.231534
0.235001
0.238502
0.242027
0.245565
0.249097
0.252611
0.256118
0.259652
0.263249
0.266924
0.270653
0.274392
0.27811
0.281802
0.285495
0.289221
0.292989
0.29678
0.300556
0.304283
0.307943
0.311538
0.315086
0.318604
0.322102
0.325577
0.329021
0.332418
0.335748
0.338989
0.342126
0.345152
0.348059
0.350831
0.353449
0.355898
0.358174
0.360277
0.362207
0.363968
0.365568
0.367015
0.368315
0.369467
0.370473
0.37134
0.372067
0.372649
0.373073
0.373339
0.373461
0.373466
0.373377
0.373203
0.372934
0.372551
0.372023
0.371322
0.370425
0.369364
0.368119
0.366647
0.127696
0.128147
0.129047
0.130378
0.131995
0.133871
0.135988
0.138323
0.140855
0.143555
0.146413
0.149411
0.152505
0.155644
0.158809
0.161998
0.165203
0.168405
0.171584
0.174723
0.177816
0.180868
0.183892
0.186905
0.189933
0.192988
0.19608
0.199221
0.202422
0.205678
0.208974
0.21229
0.215609
0.218914
0.222208
0.225516
0.228866
0.23227
0.235717
0.239191
0.242679
0.24617
0.249652
0.253122
0.256595
0.260102
0.263675
0.26732
0.271011
0.27471
0.278393
0.282065
0.28575
0.289468
0.293221
0.296979
0.300707
0.304375
0.307975
0.311515
0.315015
0.31849
0.321946
0.325374
0.328763
0.332098
0.335365
0.338547
0.341638
0.344632
0.347519
0.350278
0.352884
0.355322
0.35759
0.359692
0.361624
0.363389
0.364993
0.366446
0.367753
0.368915
0.369934
0.370817
0.371565
0.37217
0.372618
0.372904
0.373045
0.373068
0.372998
0.37284
0.372584
0.372206
0.371675
0.370955
0.370021
0.368903
0.367572
0.365975
0.135056
0.134988
0.135421
0.136302
0.137472
0.138896
0.140582
0.142507
0.144649
0.146992
0.149527
0.152218
0.155014
0.157887
0.160828
0.163828
0.166863
0.169905
0.172937
0.175949
0.178945
0.181929
0.184907
0.187886
0.19088
0.193901
0.196963
0.200081
0.203269
0.206515
0.209795
0.213084
0.216367
0.219635
0.222899
0.226185
0.229519
0.232907
0.236333
0.239778
0.243231
0.246683
0.250129
0.253569
0.257019
0.260506
0.264055
0.267667
0.271322
0.274989
0.278652
0.282318
0.286004
0.289723
0.293463
0.297192
0.300876
0.304495
0.308048
0.311549
0.315017
0.318464
0.321887
0.325274
0.328609
0.331882
0.335086
0.338213
0.341261
0.344225
0.347095
0.349841
0.352436
0.354863
0.357124
0.359223
0.361157
0.362923
0.364528
0.365981
0.36729
0.368457
0.369487
0.370383
0.371148
0.371772
0.372241
0.372549
0.372709
0.372748
0.372691
0.372543
0.372293
0.371917
0.37138
0.370641
0.369675
0.36851
0.367106
0.365407
0.142003
0.141422
0.141395
0.14184
0.142609
0.14365
0.144955
0.146512
0.14831
0.150339
0.152572
0.154962
0.157476
0.160105
0.162838
0.165646
0.168494
0.171359
0.174234
0.177122
0.180023
0.182936
0.185855
0.18878
0.191725
0.194705
0.197736
0.200834
0.204004
0.207229
0.210478
0.213731
0.216977
0.220216
0.223461
0.226734
0.230056
0.233428
0.236833
0.240254
0.243682
0.24711
0.250536
0.25396
0.257396
0.260868
0.264395
0.267981
0.27161
0.275258
0.278917
0.282589
0.286286
0.290008
0.293738
0.297442
0.301089
0.30467
0.308191
0.31167
0.315121
0.318551
0.321949
0.325297
0.328579
0.331791
0.334933
0.338007
0.341014
0.343948
0.346796
0.349526
0.352107
0.354522
0.356773
0.358865
0.360796
0.362561
0.364164
0.365616
0.366925
0.368097
0.369136
0.370047
0.370828
0.371472
0.371963
0.372292
0.372471
0.372526
0.372478
0.372334
0.372085
0.371704
0.371158
0.3704
0.369405
0.368201
0.366738
0.364953
0.148489
0.147437
0.146982
0.147023
0.147406
0.148104
0.149082
0.150323
0.151821
0.153559
0.155502
0.157611
0.159877
0.162287
0.164813
0.167415
0.170063
0.172749
0.175478
0.178248
0.181053
0.18388
0.186722
0.18958
0.192469
0.195409
0.19841
0.201482
0.204622
0.207809
0.211017
0.214229
0.217444
0.220664
0.223898
0.227164
0.230474
0.23383
0.23722
0.240627
0.244043
0.247463
0.250883
0.254301
0.257731
0.261191
0.264704
0.268273
0.27189
0.275536
0.279203
0.282891
0.286602
0.290329
0.294051
0.297733
0.301353
0.304908
0.308414
0.311886
0.315335
0.318756
0.322134
0.325447
0.328679
0.331832
0.334916
0.337941
0.340907
0.343812
0.346635
0.349346
0.351911
0.354311
0.356551
0.358633
0.360558
0.362319
0.36392
0.36537
0.366681
0.367859
0.368911
0.369836
0.370634
0.371294
0.371803
0.372152
0.372349
0.372416
0.372373
0.372229
0.371975
0.371586
0.371024
0.370245
0.369223
0.367987
0.366476
0.364621
0.154474
0.153007
0.152168
0.151848
0.15188
0.152256
0.152944
0.153915
0.155148
0.156616
0.158288
0.160151
0.162196
0.164394
0.166703
0.169091
0.171546
0.17407
0.176664
0.179317
0.182015
0.184745
0.187502
0.190292
0.19313
0.196031
0.198997
0.202029
0.205122
0.20826
0.211422
0.2146
0.217791
0.220999
0.224225
0.227481
0.23078
0.234125
0.237507
0.240911
0.244329
0.247752
0.251173
0.254592
0.258019
0.261474
0.264981
0.268548
0.272167
0.275823
0.279507
0.283215
0.28694
0.290672
0.294385
0.298051
0.301654
0.305199
0.308705
0.312185
0.315642
0.319062
0.322426
0.325709
0.328898
0.332002
0.335038
0.33802
0.340952
0.343829
0.346629
0.34932
0.351867
0.354254
0.35648
0.358551
0.360467
0.362223
0.363822
0.365271
0.366583
0.367771
0.368836
0.369775
0.370585
0.371256
0.371778
0.372141
0.372352
0.372426
0.372384
0.372235
0.371971
0.371568
0.370985
0.370182
0.369136
0.367873
0.366323
0.364408
0.159956
0.158124
0.156956
0.156302
0.156026
0.156107
0.156534
0.157265
0.158258
0.159479
0.160914
0.162559
0.164392
0.166372
0.168461
0.170647
0.17293
0.175309
0.177773
0.180305
0.18289
0.185523
0.188202
0.190933
0.193726
0.196584
0.199502
0.20248
0.205517
0.208602
0.211722
0.21487
0.218044
0.221238
0.224453
0.227698
0.230986
0.234326
0.23771
0.241122
0.244548
0.247978
0.251404
0.254825
0.258255
0.261715
0.265228
0.268805
0.272438
0.276113
0.279819
0.283547
0.287286
0.291021
0.294729
0.298385
0.301982
0.30553
0.309051
0.312551
0.316024
0.319451
0.322808
0.32607
0.32923
0.332299
0.335299
0.33825
0.341157
0.344012
0.346793
0.349464
0.351994
0.354365
0.356576
0.358633
0.360538
0.362288
0.363882
0.365328
0.366643
0.367838
0.368916
0.369867
0.370685
0.371362
0.37189
0.372263
0.372483
0.372561
0.372514
0.372352
0.372073
0.37165
0.371043
0.370213
0.369144
0.36786
0.366276
0.36431
0.164948
0.162789
0.161325
0.160376
0.159819
0.159647
0.159842
0.160353
0.161125
0.162127
0.163354
0.164795
0.166414
0.168176
0.170061
0.17207
0.174201
0.176443
0.178778
0.181189
0.183669
0.186218
0.188836
0.191518
0.194265
0.197072
0.199931
0.202847
0.205825
0.208862
0.211945
0.215067
0.21822
0.221397
0.224595
0.227827
0.23111
0.234452
0.237845
0.241269
0.244706
0.248143
0.251574
0.255003
0.258444
0.26192
0.265452
0.269051
0.272707
0.276406
0.280135
0.283881
0.287632
0.29137
0.295076
0.298732
0.302335
0.305899
0.309445
0.312974
0.31647
0.319911
0.323269
0.326525
0.329671
0.332721
0.335703
0.338637
0.341529
0.344369
0.347131
0.349783
0.352295
0.354647
0.35684
0.358879
0.360768
0.362507
0.364093
0.365535
0.36685
0.368051
0.369138
0.370098
0.37092
0.371599
0.372129
0.372508
0.372735
0.372815
0.372759
0.372581
0.372281
0.371834
0.371199
0.370341
0.369249
0.367945
0.366332
0.364322
0.169428
0.166994
0.165255
0.16405
0.163246
0.162861
0.162851
0.163157
0.163728
0.164539
0.165579
0.16682
0.16823
0.169789
0.171496
0.173351
0.175342
0.17745
0.179658
0.18196
0.184355
0.186841
0.18941
0.192047
0.194742
0.197488
0.200284
0.203139
0.206066
0.209061
0.212111
0.215204
0.218331
0.221484
0.224665
0.227887
0.23117
0.234522
0.237929
0.241366
0.244813
0.248257
0.251698
0.255142
0.258606
0.26211
0.265674
0.269304
0.272988
0.276713
0.280463
0.284226
0.287987
0.291731
0.29544
0.299103
0.302721
0.30631
0.309887
0.313448
0.316972
0.320431
0.323801
0.327064
0.330213
0.333264
0.336242
0.339172
0.342058
0.344887
0.347633
0.350266
0.352757
0.35509
0.357261
0.359278
0.361147
0.36287
0.364445
0.365881
0.367196
0.368402
0.369494
0.370456
0.371278
0.371954
0.372485
0.372868
0.3731
0.373179
0.373114
0.372917
0.372592
0.372116
0.371451
0.370564
0.369449
0.368127
0.366488
0.364439
0.173359
0.170701
0.168741
0.167311
0.166302
0.165728
0.165532
0.165656
0.166054
0.166699
0.167564
0.168615
0.169832
0.171216
0.172769
0.174483
0.176338
0.178316
0.180412
0.182626
0.184957
0.187394
0.189917
0.192503
0.195139
0.197824
0.200562
0.203366
0.206251
0.209209
0.212225
0.215285
0.218381
0.221511
0.224677
0.227897
0.231189
0.234555
0.237978
0.241429
0.244886
0.248341
0.251798
0.255269
0.258769
0.262316
0.265921
0.269587
0.273301
0.277049
0.280818
0.284597
0.28837
0.292122
0.295839
0.299515
0.303153
0.30677
0.310379
0.313972
0.317523
0.321003
0.324392
0.327672
0.330839
0.333903
0.336892
0.339829
0.342716
0.345539
0.348272
0.350887
0.35336
0.355675
0.357827
0.359823
0.361672
0.363379
0.364943
0.366373
0.367689
0.368898
0.36999
0.370948
0.371761
0.37243
0.372958
0.373342
0.373575
0.37365
0.373572
0.373354
0.373001
0.372493
0.371794
0.370876
0.369737
0.368397
0.366735
0.364651
0.176725
0.17389
0.171769
0.170154
0.168969
0.168223
0.167867
0.167842
0.168099
0.168598
0.169298
0.170176
0.171229
0.172465
0.17388
0.175458
0.177183
0.179046
0.18105
0.183198
0.185478
0.18787
0.190342
0.19287
0.195449
0.198079
0.200771
0.203537
0.206386
0.209308
0.212287
0.215311
0.218377
0.221486
0.224647
0.227874
0.231181
0.234565
0.238003
0.241466
0.244935
0.248407
0.251891
0.255402
0.258951
0.26255
0.266202
0.269906
0.273649
0.27742
0.281208
0.285003
0.28879
0.292555
0.296285
0.299977
0.303637
0.307281
0.310919
0.314539
0.318113
0.321615
0.325026
0.328332
0.331525
0.334614
0.337623
0.340574
0.343469
0.346291
0.349016
0.351619
0.354083
0.356388
0.358528
0.36051
0.362346
0.364041
0.365598
0.367026
0.368344
0.369556
0.370645
0.371592
0.37239
0.373043
0.37356
0.373938
0.374163
0.374226
0.37413
0.373888
0.373503
0.372958
0.37222
0.371268
0.370104
0.368747
0.367063
0.364948
0.179536
0.176575
0.174323
0.172567
0.171231
0.170339
0.169857
0.169719
0.169861
0.170227
0.17078
0.171512
0.172431
0.17354
0.174826
0.176275
0.177882
0.17965
0.181584
0.183679
0.185912
0.188252
0.190667
0.193139
0.195668
0.198259
0.200918
0.203654
0.206469
0.209354
0.212294
0.215283
0.218323
0.221421
0.224584
0.227824
0.231149
0.23455
0.238002
0.241477
0.244962
0.248459
0.251981
0.255543
0.259151
0.262808
0.26651
0.270252
0.274024
0.277818
0.281628
0.285445
0.289253
0.293036
0.296783
0.300494
0.304175
0.307843
0.311505
0.315145
0.318738
0.32226
0.325695
0.329031
0.332257
0.335376
0.338411
0.341382
0.34429
0.347118
0.349843
0.352447
0.354911
0.357218
0.359357
0.361335
0.363166
0.364859
0.366417
0.36785
0.369174
0.370386
0.371469
0.372401
0.373176
0.373806
0.374303
0.374664
0.374871
0.374912
0.374789
0.374515
0.374091
0.373503
0.372722
0.371732
0.370543
0.36917
0.367467
0.365322
0.181822
0.178773
0.176408
0.174545
0.173091
0.172095
0.171522
0.171295
0.171336
0.171585
0.172017
0.172635
0.173444
0.174438
0.175603
0.176936
0.178446
0.18014
0.182018
0.184063
0.186243
0.188526
0.190884
0.193309
0.195802
0.198366
0.201
0.203708
0.206489
0.209335
0.212237
0.215195
0.218218
0.221313
0.224486
0.227742
0.231084
0.2345
0.237963
0.241452
0.244959
0.24849
0.252062
0.255684
0.259357
0.263073
0.266826
0.270606
0.27441
0.278234
0.282074
0.285921
0.289759
0.293568
0.297338
0.30107
0.304774
0.308464
0.312143
0.315799
0.319406
0.322946
0.326406
0.329774
0.333034
0.336188
0.339251
0.342245
0.34517
0.348011
0.350747
0.353364
0.355842
0.358161
0.360308
0.362291
0.364126
0.365824
0.36739
0.368834
0.370166
0.371378
0.372449
0.373361
0.37411
0.374712
0.375182
0.375518
0.375698
0.375707
0.375549
0.375234
0.374766
0.374129
0.373301
0.372274
0.37106
0.369671
0.36795
0.365777
0.183622
0.180505
0.178058
0.176114
0.174584
0.173521
0.172879
0.172573
0.172522
0.172675
0.173017
0.173547
0.17426
0.175147
0.176205
0.177444
0.17888
0.180517
0.182345
0.184336
0.186457
0.188682
0.190993
0.193383
0.195853
0.198397
0.201008
0.203686
0.20643
0.209237
0.212106
0.215041
0.218055
0.221153
0.224338
0.22761
0.230966
0.234394
0.23787
0.241378
0.244913
0.248489
0.252117
0.255803
0.259541
0.263318
0.26712
0.270943
0.274785
0.278648
0.28253
0.28642
0.290298
0.294142
0.297943
0.301703
0.305434
0.309147
0.312845
0.316515
0.320137
0.323696
0.327183
0.330583
0.333879
0.337066
0.340159
0.343178
0.346124
0.348985
0.35174
0.354378
0.356877
0.359214
0.361375
0.363368
0.365213
0.366922
0.3685
0.369958
0.371298
0.372508
0.373565
0.374455
0.375177
0.37575
0.37619
0.376493
0.376638
0.376609
0.376408
0.376048
0.375531
0.374845
0.373972
0.372908
0.371669
0.370264
0.368526
0.366323
0.184989
0.18183
0.179335
0.17734
0.175766
0.174651
0.173944
0.173563
0.173433
0.173514
0.173789
0.174245
0.17487
0.175663
0.176634
0.177803
0.179183
0.180771
0.182546
0.184479
0.186543
0.188718
0.190993
0.19336
0.195812
0.198336
0.20092
0.203564
0.206272
0.209045
0.211886
0.214807
0.217819
0.220925
0.224123
0.227409
0.230778
0.234218
0.237711
0.241245
0.244818
0.248443
0.252131
0.255881
0.259682
0.263517
0.267371
0.271241
0.275131
0.279045
0.282981
0.286925
0.290854
0.294744
0.298586
0.302384
0.306149
0.309894
0.313618
0.317309
0.320951
0.324536
0.328054
0.331489
0.334819
0.338038
0.34116
0.344205
0.347175
0.350058
0.352836
0.355496
0.358018
0.360374
0.362551
0.36456
0.366419
0.368141
0.369735
0.371208
0.372557
0.373764
0.374807
0.375674
0.376369
0.376913
0.37732
0.377585
0.377689
0.377617
0.377372
0.376966
0.376402
0.375669
0.374754
0.373655
0.372391
0.370967
0.369208
0.366973
0.186
0.182836
0.180318
0.178297
0.176686
0.175515
0.174742
0.174293
0.174102
0.174128
0.174346
0.174732
0.175277
0.175992
0.176898
0.178015
0.179347
0.180884
0.182601
0.184475
0.186487
0.188623
0.190871
0.193218
0.19565
0.198147
0.2007
0.203311
0.205986
0.208733
0.211557
0.214474
0.217491
0.22061
0.223823
0.227126
0.230512
0.233972
0.237492
0.24106
0.244678
0.248356
0.252103
0.255914
0.259774
0.263664
0.267572
0.271496
0.275441
0.279414
0.283413
0.28742
0.291408
0.295354
0.299248
0.303095
0.306908
0.310697
0.314459
0.318183
0.321857
0.325477
0.329033
0.332506
0.335873
0.339124
0.342275
0.345345
0.348339
0.351244
0.354044
0.356726
0.359268
0.361643
0.363839
0.365868
0.367748
0.369489
0.371101
0.37259
0.373947
0.375151
0.37618
0.377025
0.377694
0.378207
0.378576
0.3788
0.378859
0.378742
0.378454
0.378006
0.377399
0.376623
0.375667
0.374532
0.373239
0.371793
0.370008
0.367738
0.186744
0.183593
0.181064
0.179024
0.17737
0.17614
0.175304
0.174798
0.174559
0.174537
0.174695
0.175012
0.175489
0.176145
0.177002
0.178072
0.179354
0.180832
0.182489
0.184307
0.186275
0.188378
0.190601
0.192925
0.195328
0.197795
0.200317
0.202898
0.20555
0.208281
0.211102
0.214026
0.217058
0.220195
0.223429
0.226754
0.230168
0.233659
0.237216
0.240827
0.244494
0.248226
0.252028
0.255895
0.259811
0.263756
0.267719
0.271699
0.275705
0.279743
0.283809
0.287883
0.291937
0.295947
0.299903
0.303813
0.30769
0.311538
0.315355
0.319128
0.322849
0.326516
0.33012
0.333639
0.337047
0.340334
0.343516
0.346614
0.349631
0.352557
0.355377
0.358079
0.360641
0.363036
0.365255
0.367309
0.369214
0.370979
0.372611
0.374115
0.37548
0.37668
0.377696
0.378521
0.379164
0.379645
0.379976
0.380155
0.380167
0.380007
0.379679
0.379192
0.378545
0.377726
0.376727
0.375553
0.374227
0.372753
0.37094
0.368631
0.187287
0.184142
0.181605
0.179538
0.177838
0.176555
0.175665
0.175111
0.174826
0.17475
0.174844
0.175096
0.175518
0.176127
0.176939
0.177958
0.17918
0.180595
0.182193
0.183962
0.185892
0.187965
0.190159
0.192451
0.194822
0.197257
0.199751
0.202313
0.204953
0.207683
0.210512
0.213451
0.216505
0.219667
0.22293
0.22629
0.229743
0.233279
0.236883
0.240544
0.244262
0.248046
0.251901
0.255821
0.25979
0.26379
0.26781
0.271851
0.27592
0.280026
0.284161
0.288304
0.292427
0.296506
0.300535
0.30452
0.308475
0.312402
0.316291
0.320131
0.323917
0.327647
0.331312
0.334888
0.338346
0.341677
0.344896
0.348023
0.351064
0.354009
0.356849
0.359571
0.362155
0.364574
0.36682
0.368903
0.370835
0.372624
0.374276
0.375795
0.377165
0.378362
0.379366
0.380172
0.380791
0.381242
0.381535
0.38167
0.381638
0.381435
0.381069
0.380544
0.379855
0.378993
0.377949
0.376732
0.375369
0.373863
0.372017
0.369665
0.18766
0.184503
0.181952
0.179856
0.178119
0.176793
0.175856
0.175251
0.174909
0.174771
0.174802
0.174999
0.175374
0.175939
0.176698
0.177656
0.178812
0.180164
0.181708
0.183435
0.185328
0.187367
0.189525
0.19178
0.194116
0.196522
0.198996
0.201547
0.204188
0.206927
0.209774
0.212738
0.215821
0.219017
0.22232
0.225729
0.229237
0.232832
0.236494
0.240211
0.243983
0.24782
0.251729
0.255705
0.259731
0.26379
0.267873
0.271979
0.276116
0.280289
0.284493
0.288704
0.292894
0.297043
0.301148
0.305218
0.309262
0.313278
0.317255
0.321177
0.325043
0.328852
0.332595
0.336242
0.339762
0.343146
0.34641
0.349572
0.352639
0.355606
0.358467
0.361215
0.363826
0.366275
0.368553
0.370668
0.37263
0.374444
0.376117
0.377649
0.379023
0.380214
0.381206
0.381995
0.382592
0.383013
0.38327
0.383364
0.383289
0.383045
0.38264
0.382075
0.381344
0.380435
0.379344
0.378083
0.37668
0.375137
0.373247
0.370845
0.187857
0.184678
0.18211
0.179993
0.178227
0.17686
0.175874
0.175211
0.174804
0.174601
0.174577
0.174727
0.175057
0.175569
0.176265
0.177154
0.178243
0.179538
0.181036
0.182722
0.184577
0.186574
0.188689
0.190903
0.193205
0.195587
0.198048
0.200598
0.20325
0.206008
0.20888
0.211875
0.214996
0.21824
0.221601
0.225076
0.228656
0.232322
0.236051
0.239832
0.243665
0.247563
0.251535
0.255574
0.259666
0.263793
0.267946
0.272124
0.276331
0.280573
0.284841
0.289114
0.293366
0.297582
0.301762
0.305916
0.310051
0.314161
0.31823
0.322243
0.3262
0.330103
0.333937
0.33767
0.341267
0.344717
0.348036
0.351242
0.354344
0.357342
0.360235
0.363018
0.365666
0.368154
0.370471
0.372626
0.374622
0.376464
0.378158
0.379703
0.38108
0.382264
0.383241
0.384011
0.384584
0.384976
0.385197
0.38525
0.385133
0.384848
0.384403
0.383796
0.383019
0.382061
0.380921
0.379613
0.378163
0.376572
0.374626
0.372164
0.187857
0.184652
0.182068
0.179938
0.178141
0.176728
0.175686
0.17496
0.174487
0.174226
0.174156
0.174264
0.174543
0.174992
0.175619
0.17644
0.177471
0.178718
0.180175
0.181821
0.183632
0.185583
0.187652
0.189826
0.192098
0.194462
0.196919
0.199478
0.202148
0.204931
0.207835
0.210871
0.214045
0.217352
0.220788
0.224343
0.228007
0.231754
0.235559
0.23941
0.243312
0.24728
0.251324
0.255437
0.259604
0.26381
0.268043
0.272298
0.276579
0.280889
0.285218
0.289547
0.293856
0.298134
0.302385
0.306619
0.310842
0.315043
0.319202
0.323308
0.327364
0.331371
0.335312
0.339146
0.342834
0.346366
0.349755
0.35302
0.356171
0.359214
0.362154
0.364985
0.367682
0.370217
0.372582
0.374782
0.376818
0.378692
0.380411
0.38197
0.383349
0.384524
0.385486
0.386235
0.386784
0.387145
0.387329
0.387341
0.387182
0.386855
0.386368
0.385715
0.384887
0.383875
0.38268
0.381315
0.379806
0.378152
0.376135
0.373602
0.187652
0.184413
0.181809
0.17966
0.177823
0.176356
0.175254
0.174465
0.173935
0.173627
0.173515
0.173575
0.173795
0.174176
0.174737
0.175502
0.176487
0.177696
0.179116
0.180721
0.182488
0.184392
0.186419
0.188561
0.190813
0.19317
0.195634
0.19821
0.200905
0.203722
0.206668
0.209757
0.212997
0.216383
0.219904
0.22355
0.227301
0.231132
0.235015
0.238941
0.242918
0.246963
0.251086
0.255281
0.259533
0.263825
0.268146
0.272486
0.276845
0.281223
0.285613
0.29
0.294366
0.298705
0.303025
0.307337
0.311643
0.315929
0.320176
0.324376
0.328535
0.332656
0.336715
0.340664
0.34446
0.348089
0.351564
0.354905
0.358123
0.361226
0.364224
0.367112
0.369864
0.372451
0.374867
0.377117
0.379199
0.381111
0.382858
0.384435
0.385817
0.386987
0.387935
0.388665
0.389192
0.389525
0.389674
0.389647
0.389445
0.389074
0.388539
0.387833
0.386946
0.385869
0.384606
0.383169
0.381586
0.379853
0.377753
0.375138
0.187244
0.183955
0.181314
0.179127
0.177242
0.175718
0.174555
0.173709
0.173131
0.172781
0.172622
0.172625
0.17278
0.173098
0.173604
0.174326
0.175277
0.176455
0.177841
0.179408
0.181134
0.183001
0.184999
0.187122
0.189368
0.191733
0.194213
0.196816
0.199546
0.202407
0.205408
0.208565
0.211885
0.215359
0.218971
0.222706
0.226544
0.230457
0.234419
0.238421
0.242474
0.246599
0.250806
0.25509
0.259434
0.263821
0.268236
0.272667
0.27711
0.281564
0.286024
0.290476
0.294908
0.299318
0.303711
0.3081
0.312485
0.316853
0.321185
0.325479
0.329745
0.333985
0.33817
0.342242
0.346155
0.349893
0.35347
0.356902
0.360199
0.363373
0.366435
0.369383
0.372188
0.374826
0.377294
0.379596
0.381728
0.383684
0.385467
0.387066
0.388459
0.389629
0.390571
0.39129
0.3918
0.392111
0.39223
0.392165
0.391921
0.391503
0.390913
0.390144
0.389184
0.388028
0.386681
0.385157
0.383484
0.381663
0.379473
0.376767
0.186617
0.183259
0.180555
0.178313
0.176378
0.1748
0.173581
0.172685
0.172063
0.171665
0.171448
0.171387
0.17148
0.171744
0.17221
0.172901
0.173827
0.174979
0.176334
0.17787
0.179566
0.181411
0.183397
0.185518
0.187774
0.190158
0.192666
0.195306
0.198082
0.201
0.204071
0.20731
0.21072
0.214287
0.217989
0.221811
0.225731
0.229722
0.23376
0.237837
0.241969
0.246176
0.25047
0.254847
0.259289
0.263777
0.268293
0.272822
0.277359
0.281901
0.286445
0.29098
0.295497
0.299991
0.304468
0.30894
0.313407
0.317857
0.322274
0.326661
0.331033
0.335392
0.339701
0.343897
0.34793
0.351784
0.355471
0.359004
0.362389
0.365639
0.368767
0.371772
0.374628
0.377314
0.379834
0.382192
0.38438
0.386389
0.388216
0.389848
0.391261
0.392442
0.393386
0.394101
0.394602
0.394897
0.394992
0.394893
0.394605
0.394134
0.39348
0.392635
0.391589
0.39034
0.388897
0.387276
0.385506
0.383591
0.381306
0.3785
0.18574
0.182294
0.179513
0.177213
0.175229
0.173602
0.172332
0.171388
0.170715
0.170258
0.169975
0.16985
0.169888
0.170112
0.170549
0.171218
0.172122
0.173251
0.174584
0.1761
0.177784
0.179626
0.181618
0.183753
0.18603
0.188444
0.190989
0.193676
0.196512
0.199503
0.202658
0.205989
0.209494
0.213153
0.216942
0.220845
0.224842
0.228909
0.233022
0.237175
0.241385
0.245675
0.25006
0.254533
0.259076
0.263667
0.268286
0.272918
0.277556
0.2822
0.286847
0.291488
0.296112
0.300713
0.305295
0.309865
0.314425
0.318963
0.323469
0.32795
0.332426
0.336896
0.341321
0.345636
0.349786
0.353757
0.357558
0.361198
0.364678
0.368008
0.371203
0.374265
0.377171
0.379907
0.382483
0.384905
0.387158
0.389229
0.391112
0.392788
0.394232
0.395433
0.396389
0.397108
0.397607
0.397891
0.397963
0.39783
0.397495
0.396963
0.396235
0.395302
0.39416
0.39281
0.391264
0.389543
0.387675
0.385664
0.38328
0.380363
0.1846
0.181058
0.178201
0.175846
0.173813
0.172137
0.170817
0.169817
0.16908
0.168553
0.168203
0.16802
0.168014
0.168207
0.16862
0.169268
0.170154
0.171266
0.172588
0.174101
0.175791
0.177647
0.179658
0.181818
0.184126
0.186576
0.189168
0.191914
0.194825
0.197905
0.201155
0.204584
0.208186
0.211936
0.215808
0.219788
0.223861
0.228002
0.232189
0.236418
0.240709
0.245086
0.249564
0.254133
0.258774
0.263464
0.268184
0.27292
0.277666
0.282423
0.287189
0.291955
0.296709
0.301443
0.306154
0.310848
0.315522
0.320166
0.324772
0.329351
0.333926
0.3385
0.343032
0.347455
0.351718
0.355805
0.359724
0.363477
0.367058
0.370474
0.373742
0.376865
0.379827
0.382621
0.385262
0.387757
0.390085
0.392228
0.394176
0.395907
0.397392
0.398624
0.399602
0.400334
0.400835
0.40111
0.401158
0.400985
0.400596
0.399994
0.399182
0.398155
0.396912
0.39546
0.393815
0.391995
0.390028
0.387918
0.385427
0.382382
0.183226
0.179588
0.176662
0.174254
0.172165
0.170434
0.169055
0.167985
0.167172
0.16657
0.166156
0.165922
0.165878
0.16604
0.166429
0.167056
0.167925
0.169029
0.170352
0.171875
0.173583
0.175463
0.177502
0.179692
0.182034
0.184529
0.18718
0.19
0.193001
0.196181
0.199536
0.203068
0.206767
0.210607
0.214562
0.218619
0.222768
0.226987
0.231253
0.235564
0.239942
0.244412
0.248985
0.25365
0.258386
0.263171
0.267988
0.272826
0.277681
0.282557
0.287451
0.292355
0.297257
0.302145
0.307011
0.311854
0.316668
0.32144
0.326161
0.330846
0.335522
0.340195
0.344826
0.349351
0.353723
0.357928
0.361969
0.365842
0.369533
0.373045
0.376397
0.379594
0.382625
0.385488
0.388205
0.390781
0.393191
0.395413
0.397435
0.399229
0.400764
0.402035
0.403042
0.403792
0.404297
0.404561
0.404581
0.404362
0.403909
0.403231
0.402332
0.401212
0.399872
0.398324
0.396583
0.394667
0.392599
0.390381
0.387768
0.384577
0.181667
0.177929
0.174931
0.17246
0.170306
0.168507
0.167056
0.165906
0.165011
0.164337
0.163863
0.163582
0.163498
0.163626
0.163985
0.16459
0.165446
0.166547
0.167879
0.16942
0.171151
0.173058
0.175124
0.177345
0.179728
0.182279
0.185001
0.187909
0.191013
0.194303
0.197769
0.201406
0.205205
0.209138
0.213179
0.217319
0.22155
0.225855
0.230211
0.234618
0.239096
0.24367
0.248346
0.25311
0.257941
0.26282
0.267733
0.272673
0.277638
0.282632
0.287655
0.292702
0.297761
0.302817
0.307856
0.312868
0.317842
0.32276
0.327611
0.332411
0.337192
0.341963
0.346691
0.351317
0.355798
0.360123
0.364293
0.368295
0.372109
0.375734
0.379187
0.382477
0.385593
0.388541
0.391346
0.394011
0.396508
0.398813
0.400911
0.402772
0.404363
0.405678
0.406717
0.407485
0.407992
0.408239
0.408223
0.407951
0.407432
0.406677
0.405695
0.404489
0.403061
0.401423
0.399591
0.397577
0.3954
0.393062
0.390312
0.386956
0.179931
0.176081
0.172995
0.170448
0.16822
0.166343
0.164809
0.163576
0.162605
0.161865
0.161335
0.161005
0.160875
0.160962
0.161288
0.161871
0.162718
0.163823
0.165167
0.166726
0.168479
0.170411
0.172506
0.174763
0.177195
0.179813
0.182619
0.185627
0.188842
0.192249
0.195829
0.199575
0.203478
0.20751
0.211644
0.215874
0.220198
0.224602
0.229066
0.233587
0.238183
0.242875
0.247667
0.252541
0.257475
0.262454
0.267469
0.272514
0.277588
0.282697
0.287846
0.293034
0.298252
0.30348
0.308698
0.313888
0.31903
0.324102
0.329092
0.334017
0.338909
0.343784
0.348614
0.353344
0.357938
0.362387
0.366692
0.370835
0.374787
0.378545
0.382123
0.385529
0.388753
0.391802
0.394705
0.397466
0.400053
0.402441
0.404617
0.406546
0.408194
0.409553
0.410621
0.411402
0.411903
0.412126
0.412068
0.41174
0.411156
0.410331
0.409275
0.407992
0.406485
0.404763
0.402838
0.40072
0.398425
0.395954
0.393052
0.389519
0.177973
0.173996
0.170805
0.168172
0.165865
0.163906
0.162288
0.160978
0.159939
0.159138
0.15855
0.158164
0.157983
0.158026
0.158321
0.158888
0.159732
0.160843
0.162202
0.16378
0.165555
0.167514
0.169643
0.171945
0.17444
0.177138
0.180041
0.183156
0.186488
0.190015
0.193713
0.197573
0.201585
0.205721
0.209955
0.214284
0.218714
0.223233
0.227822
0.232475
0.237206
0.242033
0.246955
0.251953
0.257005
0.262098
0.267225
0.272382
0.277569
0.282794
0.288066
0.293392
0.298765
0.304163
0.309556
0.31492
0.320228
0.325455
0.330589
0.335646
0.340661
0.345652
0.350592
0.355435
0.360147
0.364725
0.36917
0.373462
0.377569
0.38148
0.385207
0.388752
0.392104
0.39527
0.398281
0.401141
0.403819
0.406291
0.408542
0.410538
0.412241
0.41364
0.414733
0.415519
0.416008
0.416201
0.4161
0.415721
0.41508
0.414194
0.413074
0.411722
0.410139
0.408332
0.406311
0.404081
0.401657
0.399045
0.395982
0.392264
0.175736
0.171623
0.16832
0.165597
0.163209
0.161169
0.159473
0.158092
0.156987
0.156122
0.15547
0.155022
0.154788
0.154792
0.155063
0.155622
0.156469
0.157591
0.158967
0.160568
0.162371
0.164366
0.166544
0.168908
0.171482
0.174276
0.177286
0.180516
0.183969
0.187619
0.191438
0.195415
0.199541
0.203788
0.208129
0.212566
0.217111
0.221758
0.226485
0.231282
0.23616
0.241133
0.246199
0.251336
0.256523
0.261746
0.267
0.272282
0.277592
0.28294
0.28834
0.293806
0.299332
0.304894
0.310455
0.315983
0.32145
0.326829
0.332109
0.337309
0.342462
0.347583
0.352648
0.357612
0.362449
0.367158
0.371745
0.376192
0.380462
0.384541
0.388432
0.392134
0.395629
0.398923
0.402047
0.405008
0.407777
0.410331
0.412656
0.414715
0.416469
0.417904
0.419017
0.419807
0.420283
0.42045
0.420314
0.419892
0.419205
0.418269
0.417092
0.415675
0.414015
0.412119
0.409994
0.407644
0.405085
0.402326
0.399102
0.395198
0.173193
0.168947
0.165533
0.162719
0.160245
0.158125
0.156355
0.154902
0.153724
0.152785
0.152062
0.15155
0.151267
0.151241
0.151499
0.152059
0.152918
0.154057
0.155457
0.157089
0.158933
0.160982
0.163228
0.165675
0.168347
0.171249
0.174375
0.177726
0.181304
0.185082
0.189026
0.193126
0.197371
0.201733
0.206187
0.210738
0.215404
0.220184
0.225053
0.229998
0.235027
0.240154
0.245375
0.250666
0.256003
0.261373
0.266771
0.272194
0.277644
0.283133
0.288679
0.294296
0.299981
0.305706
0.311428
0.317112
0.322729
0.328257
0.333689
0.339042
0.344347
0.349613
0.354816
0.359912
0.364876
0.369716
0.374444
0.379043
0.383478
0.387729
0.391792
0.395657
0.399301
0.402729
0.40597
0.409033
0.411893
0.414528
0.416924
0.419043
0.420845
0.422317
0.423452
0.424251
0.424723
0.424877
0.424719
0.424269
0.423547
0.422567
0.421337
0.419852
0.418112
0.416121
0.413885
0.41141
0.408712
0.405808
0.402425
0.398338
0.170362
0.165985
0.162458
0.159547
0.156981
0.154775
0.152923
0.151387
0.150125
0.149104
0.148306
0.147736
0.147415
0.14737
0.147627
0.148198
0.149075
0.15024
0.151674
0.153352
0.155255
0.157379
0.159715
0.162265
0.165049
0.168071
0.171318
0.174794
0.178501
0.182411
0.186486
0.190711
0.19508
0.199562
0.204133
0.208802
0.213591
0.218503
0.223512
0.228604
0.233785
0.23907
0.244454
0.24991
0.255412
0.260943
0.266501
0.272086
0.277701
0.283356
0.28907
0.294859
0.300716
0.30661
0.312495
0.318332
0.324098
0.329775
0.335363
0.340879
0.346347
0.35177
0.35712
0.362354
0.367449
0.372418
0.377279
0.382025
0.38662
0.39104
0.395273
0.399301
0.403098
0.406664
0.410027
0.413198
0.416151
0.418868
0.421337
0.423518
0.425372
0.426886
0.428054
0.428875
0.42936
0.429518
0.429354
0.428887
0.428137
0.427115
0.425829
0.424273
0.422445
0.420351
0.418
0.415396
0.412561
0.409515
0.405977
0.401708
0.167263
0.16275
0.159101
0.15608
0.153409
0.151106
0.14916
0.147528
0.146172
0.145066
0.1442
0.143583
0.143235
0.143185
0.14345
0.144039
0.144942
0.146143
0.147626
0.149367
0.15135
0.15357
0.156015
0.158681
0.161587
0.164734
0.168107
0.17171
0.175548
0.179593
0.183801
0.188157
0.192653
0.197262
0.201956
0.206744
0.211656
0.216697
0.221845
0.227082
0.232416
0.237864
0.243417
0.249047
0.254722
0.260426
0.266158
0.271923
0.277724
0.28357
0.289476
0.295456
0.301504
0.307581
0.313639
0.319638
0.325558
0.33139
0.33714
0.342825
0.348462
0.354049
0.359553
0.36493
0.370161
0.375259
0.380251
0.385136
0.389885
0.394468
0.398867
0.403059
0.407013
0.410725
0.414222
0.41751
0.420566
0.423374
0.425922
0.428174
0.430091
0.431661
0.432878
0.43374
0.434257
0.434434
0.434275
0.433798
0.43302
0.431954
0.430604
0.428967
0.427043
0.42484
0.422367
0.419633
0.416662
0.413478
0.409786
0.405334
0.163899
0.159233
0.155444
0.152301
0.149515
0.147101
0.145047
0.143312
0.141863
0.140678
0.139755
0.139102
0.138739
0.138689
0.138968
0.139581
0.140518
0.141767
0.143314
0.145136
0.147217
0.149549
0.152115
0.154906
0.157938
0.16121
0.164709
0.16844
0.172412
0.176594
0.18094
0.185432
0.190065
0.194808
0.199631
0.204544
0.209581
0.214752
0.22004
0.225426
0.230918
0.236532
0.242261
0.24807
0.253924
0.259808
0.265724
0.271681
0.277682
0.283731
0.289842
0.296028
0.302279
0.308557
0.314807
0.320987
0.327078
0.333077
0.338997
0.344856
0.350667
0.356422
0.362086
0.367615
0.37299
0.378226
0.383352
0.388375
0.393274
0.398018
0.402583
0.406943
0.411063
0.414937
0.418582
0.422002
0.425175
0.428087
0.430727
0.433063
0.43506
0.436703
0.437987
0.438908
0.439472
0.439678
0.439531
0.439044
0.438235
0.437117
0.435695
0.433968
0.431938
0.429618
0.42702
0.424156
0.421049
0.417726
0.413876
0.409235
0.160254
0.155415
0.15147
0.148195
0.145286
0.142754
0.140587
0.13875
0.137213
0.135961
0.13499
0.134308
0.133933
0.133885
0.134177
0.134817
0.135795
0.137101
0.138725
0.140643
0.142834
0.145288
0.14798
0.150897
0.154055
0.157455
0.161081
0.164943
0.169052
0.173378
0.177869
0.182508
0.187287
0.192176
0.197139
0.202185
0.207354
0.212663
0.218099
0.223642
0.2293
0.235089
0.241
0.246994
0.253033
0.259104
0.265212
0.271366
0.27757
0.283824
0.290139
0.29653
0.302991
0.309481
0.315943
0.322329
0.328613
0.334798
0.3409
0.34694
0.352931
0.35886
0.364694
0.37039
0.375926
0.381315
0.386587
0.391756
0.396808
0.401714
0.406451
0.410988
0.415288
0.419338
0.423148
0.426716
0.430021
0.43305
0.435796
0.438232
0.440322
0.442054
0.443421
0.444414
0.445033
0.445276
0.44514
0.444641
0.443796
0.442618
0.441116
0.43929
0.437149
0.434709
0.431986
0.42899
0.425745
0.422276
0.418257
0.413417
0.156314
0.151289
0.147184
0.143773
0.140737
0.138083
0.135805
0.13387
0.132254
0.13094
0.129923
0.129209
0.128817
0.128764
0.129067
0.129733
0.130757
0.132128
0.133837
0.135857
0.138164
0.140742
0.143561
0.146605
0.149892
0.153423
0.157185
0.161185
0.16544
0.169918
0.174567
0.179365
0.184304
0.189351
0.194468
0.19966
0.204973
0.210434
0.21603
0.221743
0.227578
0.233552
0.239654
0.245844
0.25208
0.258348
0.264655
0.271012
0.277419
0.283873
0.290384
0.29697
0.303634
0.31034
0.317028
0.323639
0.330141
0.336531
0.342829
0.349059
0.355236
0.361349
0.367367
0.373248
0.378967
0.384531
0.389968
0.395297
0.400511
0.405588
0.410505
0.415229
0.419722
0.423963
0.427952
0.431682
0.435131
0.43829
0.441155
0.443701
0.445896
0.447727
0.449184
0.450255
0.450935
0.451214
0.45109
0.450575
0.449689
0.448449
0.446863
0.444938
0.442687
0.440129
0.437281
0.43415
0.43076
0.427132
0.422929
0.417879
0.15209
0.146872
0.142606
0.139056
0.135889
0.133114
0.130726
0.128698
0.127004
0.125624
0.124553
0.123797
0.123375
0.12331
0.12362
0.124313
0.125386
0.126827
0.128625
0.13075
0.133172
0.135873
0.13882
0.141997
0.14542
0.149094
0.153001
0.157152
0.161565
0.166209
0.171028
0.175997
0.181109
0.186328
0.191613
0.196967
0.20244
0.208068
0.21384
0.219736
0.225759
0.231929
0.238235
0.244635
0.251085
0.257565
0.264083
0.27065
0.277263
0.283916
0.290616
0.297388
0.304245
0.311162
0.318078
0.324926
0.331661
0.338273
0.34478
0.35121
0.357582
0.363891
0.370109
0.376196
0.382121
0.387884
0.393507
0.399012
0.404402
0.409662
0.414769
0.41969
0.424386
0.428828
0.433006
0.436906
0.440509
0.443809
0.446802
0.449466
0.451772
0.453707
0.455257
0.456409
0.457148
0.457464
0.457351
0.456821
0.455896
0.454595
0.45293
0.450914
0.44856
0.445889
0.442915
0.439642
0.436092
0.432289
0.427888
0.422618
0.147595
0.14218
0.13775
0.134056
0.13075
0.12785
0.125352
0.123227
0.121446
0.119989
0.118849
0.118036
0.117576
0.117495
0.117812
0.118538
0.119665
0.121181
0.12307
0.125301
0.12784
0.130667
0.133749
0.137068
0.140642
0.144474
0.148542
0.152858
0.15744
0.16226
0.167259
0.172409
0.177704
0.183108
0.188574
0.194107
0.199759
0.205568
0.211528
0.217616
0.223838
0.230212
0.236734
0.24336
0.250038
0.256744
0.263484
0.270272
0.277103
0.283963
0.290859
0.297818
0.304864
0.311984
0.319123
0.326209
0.333185
0.34003
0.346758
0.353401
0.35998
0.366499
0.372933
0.379245
0.385397
0.391379
0.397209
0.40291
0.408492
0.413947
0.419252
0.424378
0.429281
0.433929
0.438301
0.442379
0.446144
0.449591
0.452719
0.455506
0.457927
0.459967
0.461613
0.462846
0.463647
0.464
0.463901
0.463362
0.462406
0.461057
0.459328
0.457233
0.454786
0.452004
0.448898
0.445468
0.441741
0.43775
0.43314
0.427638
0.142828
0.137205
0.132598
0.128747
0.125293
0.122258
0.119641
0.117408
0.115526
0.113976
0.112755
0.11188
0.111381
0.11129
0.111625
0.112393
0.113585
0.115183
0.117171
0.119512
0.122174
0.125136
0.128365
0.131843
0.135586
0.139591
0.143836
0.148328
0.15309
0.158092
0.163276
0.168613
0.174098
0.179696
0.18536
0.191087
0.19693
0.202933
0.209089
0.215377
0.221802
0.228387
0.235133
0.241993
0.248907
0.255846
0.262815
0.269831
0.276892
0.283979
0.291091
0.298253
0.305495
0.312817
0.320175
0.327495
0.334714
0.3418
0.348763
0.355632
0.362435
0.369178
0.375844
0.382396
0.388792
0.395013
0.401068
0.406985
0.412776
0.418439
0.423952
0.429286
0.4344
0.439256
0.443826
0.448088
0.452021
0.455623
0.458891
0.461806
0.464345
0.466496
0.468241
0.469558
0.470425
0.470823
0.470746
0.47021
0.469241
0.467862
0.466086
0.463925
0.461388
0.45849
0.455238
0.451637
0.447719
0.44353
0.4387
0.432949
0.137763
0.131908
0.127102
0.123077
0.119461
0.116278
0.113526
0.111168
0.109171
0.10752
0.106217
0.105286
0.104764
0.104681
0.105051
0.105878
0.107148
0.10884
0.110935
0.113397
0.116192
0.119302
0.122694
0.12635
0.130278
0.134472
0.138906
0.143584
0.14853
0.153718
0.159089
0.164616
0.170296
0.176099
0.181972
0.187909
0.193957
0.200163
0.206524
0.213018
0.219651
0.226451
0.233422
0.240518
0.24767
0.254839
0.262035
0.269281
0.276579
0.283911
0.291264
0.298654
0.30611
0.313641
0.321215
0.328766
0.336227
0.343562
0.350774
0.357887
0.36493
0.371913
0.378825
0.385631
0.392286
0.398762
0.405064
0.411216
0.417235
0.423119
0.428849
0.434398
0.439727
0.444796
0.44957
0.454023
0.458134
0.461901
0.465318
0.46837
0.471037
0.473304
0.475155
0.476565
0.477507
0.477962
0.477925
0.477411
0.476449
0.475057
0.473248
0.471024
0.468393
0.465365
0.461951
0.458162
0.454044
0.449648
0.444584
0.438555
0.132356
0.126242
0.12121
0.116992
0.113197
0.109849
0.106945
0.10445
0.102333
0.100584
0.0992129
0.0982484
0.0977263
0.0976741
0.098101
0.099005
0.100367
0.102163
0.104374
0.106965
0.109906
0.113178
0.11675
0.120599
0.124726
0.12912
0.133752
0.138624
0.143757
0.149131
0.154691
0.160413
0.166296
0.172313
0.178409
0.18457
0.190839
0.197261
0.20384
0.210553
0.217404
0.224425
0.231625
0.238956
0.246343
0.25374
0.261156
0.268625
0.276161
0.283746
0.291357
0.298995
0.306683
0.314431
0.322222
0.33
0.337703
0.345292
0.352764
0.360138
0.367438
0.374676
0.381846
0.388917
0.395844
0.402593
0.409162
0.415571
0.421836
0.427956
0.433915
0.439689
0.445243
0.450534
0.455524
0.460181
0.464486
0.468432
0.472015
0.475219
0.478028
0.480426
0.482397
0.483912
0.484945
0.485474
0.485495
0.485024
0.484085
0.482693
0.480849
0.478555
0.475813
0.472638
0.469048
0.465062
0.460734
0.456119
0.450795
0.444449
0.126575
0.120172
0.11489
0.11046
0.10647
0.10294
0.0998728
0.0972355
0.0950042
0.0931741
0.0917588
0.090786
0.0902889
0.0902888
0.0907884
0.09178
0.0932414
0.0951478
0.0974813
0.100212
0.103309
0.106755
0.110518
0.114571
0.118907
0.12351
0.128347
0.133417
0.138743
0.144307
0.150062
0.155987
0.162083
0.168327
0.174663
0.181067
0.187575
0.194234
0.201051
0.208002
0.21509
0.222345
0.229781
0.237351
0.244977
0.252604
0.260241
0.267929
0.275696
0.283531
0.291404
0.2993
0.307227
0.315198
0.323204
0.331204
0.339145
0.346991
0.354731
0.362378
0.369947
0.377451
0.384888
0.392234
0.399445
0.406482
0.413336
0.420021
0.426551
0.432924
0.439127
0.44514
0.450933
0.456462
0.461684
0.466564
0.471082
0.475231
0.479001
0.482379
0.485349
0.487896
0.490003
0.491643
0.492784
0.493407
0.493507
0.493094
0.492186
0.49079
0.488903
0.486521
0.483651
0.480316
0.476539
0.472348
0.467798
0.462941
0.457326
0.450617
0.120413
0.113692
0.108141
0.103483
0.0992808
0.0955584
0.092323
0.0895485
0.0872164
0.0853245
0.0838858
0.0829241
0.0824672
0.0825297
0.0831077
0.0841896
0.0857523
0.0877717
0.0902324
0.0931077
0.0963695
0.0999983
0.103961
0.108226
0.112778
0.117596
0.122646
0.127925
0.133452
0.139217
0.145181
0.151323
0.157648
0.164135
0.170728
0.177396
0.184166
0.191086
0.198164
0.205378
0.212724
0.220231
0.227913
0.235732
0.243609
0.251482
0.259353
0.267268
0.275267
0.283346
0.291474
0.299624
0.30779
0.315983
0.324202
0.33242
0.340596
0.348696
0.356707
0.364629
0.372473
0.380249
0.38796
0.395587
0.40309
0.410426
0.417578
0.424555
0.431366
0.43801
0.444474
0.450745
0.456796
0.462584
0.468059
0.473185
0.477941
0.482315
0.486297
0.489871
0.493024
0.495741
0.498004
0.499788
0.501059
0.501794
0.501985
0.501635
0.500755
0.499345
0.497398
0.494913
0.491906
0.488402
0.484435
0.480028
0.475237
0.47011
0.46417
0.457056
0.113883
0.106818
0.10098
0.0960794
0.0916527
0.0877296
0.0843259
0.0814212
0.0789992
0.0770571
0.0756046
0.0746599
0.0742452
0.0743694
0.0750237
0.0761939
0.077858
0.0799938
0.0825878
0.0856163
0.0890512
0.0928705
0.0970401
0.101523
0.106299
0.111342
0.116618
0.122121
0.127867
0.133852
0.140043
0.146423
0.152994
0.159739
0.166608
0.17356
0.180614
0.187813
0.195172
0.202669
0.210292
0.218063
0.226002
0.234079
0.242222
0.250363
0.258496
0.266661
0.274902
0.283226
0.291604
0.300002
0.308405
0.316819
0.325251
0.333686
0.342094
0.350446
0.358725
0.366923
0.375043
0.383094
0.391084
0.398998
0.406799
0.414441
0.421901
0.429181
0.436289
0.44322
0.449968
0.45652
0.462851
0.468919
0.47467
0.480066
0.485085
0.489711
0.493927
0.497719
0.501076
0.503983
0.506423
0.50837
0.509788
0.510647
0.510934
0.510646
0.509785
0.508348
0.506331
0.503739
0.500593
0.496922
0.492758
0.488122
0.483067
0.477646
0.471355
0.463803
0.107
0.0995609
0.0934194
0.0882606
0.0835968
0.0794654
0.0758912
0.0728568
0.0703456
0.0683517
0.066881
0.0659474
0.0655682
0.0657484
0.0664762
0.0677364
0.069508
0.0717702
0.0745101
0.0777048
0.0813251
0.0853453
0.0897303
0.0944423
0.099453
0.104734
0.110254
0.116003
0.121991
0.128219
0.134662
0.1413
0.148134
0.155152
0.162308
0.16956
0.176913
0.184406
0.192055
0.199841
0.207749
0.215791
0.223989
0.232329
0.240745
0.249174
0.257593
0.266035
0.27454
0.28312
0.29175
0.300395
0.309037
0.317679
0.326332
0.334991
0.343635
0.352242
0.36079
0.369266
0.377667
0.386
0.394277
0.402486
0.410591
0.418547
0.426324
0.43392
0.44134
0.448582
0.455637
0.462494
0.469131
0.475502
0.481554
0.487244
0.492548
0.497446
0.501918
0.505948
0.509527
0.512644
0.515281
0.517409
0.518986
0.519977
0.520361
0.52013
0.519283
0.517818
0.515734
0.513041
0.509763
0.505928
0.50156
0.496678
0.491339
0.485604
0.478945
0.470927
0.0997601
0.091913
0.085443
0.0800071
0.0750904
0.0707384
0.0669839
0.0638103
0.0611992
0.059142
0.057642
0.05671
0.0563604
0.0565956
0.0574018
0.0587631
0.060659
0.063068
0.0659745
0.0693551
0.0731782
0.0774136
0.0820267
0.0869801
0.0922403
0.0977771
0.103563
0.109581
0.115837
0.122331
0.129045
0.13596
0.143072
0.150372
0.157825
0.165387
0.17305
0.180841
0.188779
0.196854
0.205045
0.213359
0.221817
0.230414
0.239104
0.247823
0.256544
0.265281
0.274067
0.282916
0.291807
0.300709
0.3096
0.318485
0.327377
0.336275
0.34517
0.354041
0.362867
0.37163
0.380324
0.388956
0.397534
0.40605
0.414471
0.42275
0.430857
0.438788
0.446544
0.454121
0.461511
0.468701
0.475669
0.482367
0.488741
0.494746
0.500356
0.505544
0.510289
0.514576
0.518399
0.521746
0.5246
0.526925
0.528673
0.529802
0.530287
0.530118
0.529292
0.52781
0.525675
0.522897
0.519496
0.515496
0.510914
0.50577
0.500131
0.494071
0.487024
0.478507
0.0921273
0.0838314
0.0770016
0.071263
0.0660718
0.061481
0.0575292
0.0542007
0.0514755
0.0493432
0.0478057
0.0468722
0.046555
0.0468546
0.0477555
0.0492402
0.0512869
0.0538707
0.0569707
0.0605611
0.0646071
0.0690741
0.0739294
0.0791382
0.084663
0.0904725
0.0965429
0.102854
0.109398
0.116176
0.123181
0.130389
0.13779
0.145381
0.153137
0.161017
0.168996
0.177089
0.185316
0.193674
0.202148
0.210738
0.219459
0.228314
0.237271
0.246277
0.255297
0.264333
0.273408
0.282534
0.291697
0.300867
0.310025
0.319174
0.328326
0.337486
0.346649
0.355799
0.364918
0.373985
0.382992
0.39194
0.400838
0.409678
0.418427
0.427045
0.435501
0.443788
0.451907
0.459849
0.467602
0.475152
0.482475
0.489524
0.49624
0.502579
0.508511
0.514008
0.519045
0.52361
0.5277
0.531302
0.534393
0.536934
0.538869
0.540151
0.540753
0.540664
0.539882
0.538408
0.536243
0.533394
0.529875
0.525704
0.520896
0.515476
0.509527
0.503127
0.495665
0.486602
0.0840401
0.0752476
0.0680201
0.0619485
0.0564579
0.0516073
0.0474409
0.0439441
0.0410959
0.0388848
0.0373114
0.0363838
0.0361125
0.0364964
0.0375173
0.0391543
0.0413825
0.0441711
0.0474918
0.051315
0.055603
0.0603168
0.0654273
0.070905
0.0767083
0.082805
0.0891768
0.0957986
0.102649
0.109728
0.117035
0.124552
0.132258
0.14015
0.148217
0.156421
0.164726
0.173127
0.181646
0.190291
0.199055
0.207933
0.216933
0.226058
0.235286
0.244573
0.253885
0.263216
0.272579
0.281987
0.291429
0.300878
0.310318
0.319749
0.329182
0.338622
0.34807
0.357516
0.366943
0.376331
0.385668
0.394951
0.404184
0.41336
0.422451
0.431423
0.440248
0.448916
0.457422
0.465755
0.473897
0.481832
0.489533
0.496952
0.50403
0.51072
0.516993
0.522818
0.528171
0.533043
0.537428
0.541313
0.544669
0.54745
0.549595
0.551055
0.551803
0.551826
0.551119
0.54968
0.547505
0.544595
0.540958
0.536607
0.531562
0.525857
0.519583
0.512819
0.504901
0.495244
0.0754261
0.0660856
0.0584201
0.0519849
0.046171
0.0410431
0.0366506
0.0329798
0.0300089
0.027725
0.026127
0.0252213
0.0250167
0.0255097
0.0266785
0.0284965
0.0309341
0.0339536
0.037518
0.0415938
0.0461408
0.051116
0.0564954
0.0622561
0.068353
0.0747521
0.0814406
0.08839
0.0955645
0.102961
0.110589
0.118431
0.126461
0.134671
0.14306
0.151596
0.160234
0.168956
0.177778
0.18672
0.195788
0.204973
0.214274
0.22369
0.233202
0.242776
0.25238
0.262003
0.271655
0.281348
0.291074
0.300813
0.310546
0.320273
0.329999
0.339733
0.349479
0.359233
0.36898
0.3787
0.388377
0.398003
0.407579
0.4171
0.426546
0.435886
0.445097
0.454164
0.463078
0.471822
0.480374
0.488713
0.49681
0.504617
0.512074
0.519135
0.52577
0.53195
0.53765
0.542861
0.547577
0.551778
0.555431
0.558484
0.560872
0.562546
0.563477
0.563647
0.563048
0.561668
0.559496
0.556528
0.552768
0.548232
0.542945
0.536945
0.530329
0.523168
0.514752
0.504458
0.066221
0.0562816
0.0481398
0.0413142
0.0351574
0.0297401
0.0251169
0.0212737
0.018187
0.0158421
0.0142354
0.0133713
0.0132556
0.0138815
0.0152224
0.0172453
0.0199147
0.023186
0.0270136
0.031361
0.0361862
0.0414424
0.0471103
0.0531741
0.0595854
0.0663066
0.0733307
0.0806278
0.0881489
0.0958851
0.103855
0.112046
0.120422
0.128971
0.137695
0.146572
0.155552
0.164605
0.173744
0.182998
0.192382
0.201889
0.211509
0.221231
0.231042
0.240912
0.250813
0.260733
0.27068
0.280666
0.290686
0.300723
0.310759
0.320789
0.330819
0.340857
0.350913
0.360985
0.371059
0.381116
0.391135
0.401107
0.411031
0.420904
0.430714
0.440436
0.450046
0.459527
0.468863
0.478032
0.48701
0.49577
0.504281
0.512492
0.520347
0.527801
0.534827
0.541395
0.54748
0.55307
0.558155
0.56271
0.566697
0.570057
0.572728
0.574656
0.575808
0.576161
0.575695
0.574391
0.572231
0.569208
0.565327
0.560608
0.55508
0.548778
0.541796
0.534209
0.525265
0.514306
0.0563773
0.0457911
0.0371384
0.0298989
0.0233831
0.0176673
0.0128111
0.00879949
0.00560588
0.0032128
0.00161446
0.000811731
0.000805837
0.0015853
0.00311836
0.00536537
0.0082859
0.0118294
0.015942
0.0205853
0.025716
0.0312827
0.0372687
0.0436645
0.0504181
0.0574878
0.0648715
0.0725403
0.0804344
0.0885383
0.096876
0.10544
0.114187
0.123095
0.132171
0.141397
0.150725
0.160118
0.169585
0.179163
0.188872
0.198705
0.208644
0.218674
0.228784
0.238951
0.249153
0.259377
0.269629
0.279919
0.290244
0.300588
0.310934
0.321276
0.331618
0.341972
0.352349
0.362748
0.373157
0.383553
0.393917
0.404238
0.414517
0.424753
0.434939
0.445057
0.45508
0.464986
0.474757
0.484366
0.493786
0.502985
0.511927
0.520564
0.528841
0.53672
0.544174
0.551171
0.557684
0.563695
0.56919
0.57414
0.5785
0.582211
0.585204
0.587426
0.588837
0.589402
0.589093
0.587881
0.585745
0.582679
0.578692
0.573805
0.56804
0.561428
0.554062
0.546028
0.536538
0.524892
0.0458595
0.0345793
0.0253811
0.0177036
0.0108112
0.00478654
-0.000306115
-0.00448312
-0.00777471
-0.0102021
-0.0117744
-0.0124956
-0.0123709
-0.0114176
-0.0096729
-0.00718197
-0.00398859
-0.000147629
0.00427944
0.00925171
0.0147246
0.0206404
0.026982
0.0337442
0.0408718
0.0483193
0.0560889
0.0641538
0.0724474
0.0809471
0.0896791
0.0986379
0.107775
0.117062
0.126503
0.136089
0.145772
0.155512
0.165318
0.175229
0.18527
0.195429
0.205681
0.216009
0.226406
0.236863
0.247362
0.257893
0.268456
0.279058
0.289695
0.300352
0.311015
0.321676
0.33234
0.343021
0.353729
0.364465
0.375213
0.385954
0.396669
0.407349
0.417996
0.428612
0.439192
0.449719
0.460169
0.470516
0.480736
0.490803
0.500682
0.510339
0.519736
0.528826
0.53756
0.545905
0.55383
0.561303
0.568289
0.574767
0.580718
0.586106
0.590884
0.594988
0.59835
0.600908
0.602614
0.603424
0.603297
0.602201
0.600114
0.597033
0.592967
0.587932
0.581938
0.575007
0.567241
0.558747
0.548691
0.53632
0.034628
0.0226016
0.0128182
0.00467336
-0.00261724
-0.00896426
-0.0142983
-0.0186372
-0.0220153
-0.0244594
-0.0259845
-0.0266012
-0.0263225
-0.0251725
-0.0231929
-0.0204336
-0.0169402
-0.01277
-0.007992
-0.00265103
0.00320539
0.0095119
0.0162479
0.0234098
0.0309413
0.0387947
0.046975
0.0554577
0.0641725
0.0730922
0.0822411
0.0916132
0.101156
0.110836
0.120658
0.130617
0.140667
0.150766
0.160925
0.171184
0.181567
0.192057
0.202622
0.213242
0.22392
0.234659
0.245452
0.256288
0.267165
0.278082
0.289034
0.300008
0.310989
0.321974
0.332967
0.343982
0.355028
0.366105
0.377197
0.388287
0.399362
0.410416
0.421449
0.432462
0.443452
0.454404
0.465293
0.476094
0.486781
0.497322
0.507681
0.517819
0.527698
0.537275
0.546508
0.555364
0.56381
0.571806
0.579313
0.586305
0.592757
0.598632
0.603877
0.608426
0.612205
0.615147
0.617191
0.618283
0.618376
0.617433
0.615436
0.612381
0.60827
0.603104
0.596882
0.589623
0.581446
0.572474
0.56181
0.548653
0.0226243
0.00979032
-0.000625854
-0.00927333
-0.0169868
-0.0236694
-0.0292471
-0.03374
-0.0371881
-0.0396259
-0.0410777
-0.0415629
-0.0411035
-0.0397301
-0.0374881
-0.0344312
-0.0306058
-0.026071
-0.0209028
-0.0151525
-0.00887244
-0.00213607
0.00503023
0.0126223
0.0205844
0.0288702
0.0374858
0.0464072
0.0555627
0.064923
0.0745096
0.0843125
0.094275
0.104363
0.114584
0.124934
0.135369
0.145846
0.156375
0.166999
0.177739
0.188574
0.199462
0.210385
0.221353
0.232382
0.243473
0.254619
0.265812
0.277046
0.288315
0.299606
0.310909
0.322219
0.333543
0.344893
0.356279
0.367696
0.379134
0.390579
0.402023
0.413463
0.424894
0.436317
0.447728
0.459115
0.470454
0.481721
0.492885
0.503915
0.514772
0.525415
0.535807
0.545911
0.555687
0.565101
0.574113
0.58268
0.590755
0.59831
0.605317
0.611733
0.617502
0.622552
0.626805
0.630182
0.632614
0.634038
0.634399
0.633661
0.631805
0.628818
0.624689
0.619402
0.612949
0.605353
0.59675
0.587264
0.57593
0.561909
0.00976704
-0.00394556
-0.0150476
-0.0242348
-0.0323948
-0.0394222
-0.0452401
-0.0498732
-0.0533697
-0.0557746
-0.0571239
-0.0574479
-0.0567784
-0.055152
-0.0526167
-0.0492288
-0.0450359
-0.0400986
-0.0345001
-0.0283003
-0.0215583
-0.0143545
-0.00672162
0.00133301
0.00975538
0.0185036
0.0275845
0.0369708
0.0465899
0.056413
0.0664596
0.0767139
0.087115
0.0976288
0.108267
0.119029
0.12987
0.140744
0.15166
0.162662
0.173771
0.184961
0.196187
0.20743
0.218706
0.230042
0.241447
0.252912
0.264427
0.275983
0.287572
0.299184
0.310811
0.322449
0.334104
0.345788
0.35751
0.369268
0.381054
0.392862
0.404686
0.41652
0.428359
0.440199
0.452038
0.463866
0.475662
0.487402
0.499053
0.510585
0.521957
0.533131
0.544071
0.554742
0.565106
0.575122
0.584746
0.593928
0.602621
0.610793
0.618411
0.62543
0.631786
0.637401
0.642188
0.64606
0.648936
0.650747
0.651434
0.65096
0.649295
0.646411
0.642281
0.636876
0.630189
0.62225
0.613196
0.603149
0.591074
0.576111
-0.00404121
-0.0187101
-0.0305522
-0.0403136
-0.0489402
-0.0563177
-0.062368
-0.0671244
-0.0706464
-0.0729917
-0.0742089
-0.0743401
-0.0734274
-0.0715131
-0.0686468
-0.0648872
-0.060284
-0.0549002
-0.0488262
-0.0421326
-0.0348868
-0.0271738
-0.0190314
-0.0104728
-0.00155121
0.00769781
0.0172814
0.0271664
0.037278
0.0475897
0.0581203
0.0688485
0.0797091
0.0906686
0.101742
0.112932
0.124193
0.135479
0.146794
0.158182
0.169665
0.181213
0.19278
0.204352
0.215949
0.227606
0.239334
0.251127
0.26297
0.274852
0.286766
0.298704
0.310659
0.322626
0.334612
0.34663
0.358691
0.370796
0.382941
0.395124
0.407339
0.41958
0.431835
0.4441
0.456374
0.46865
0.480911
0.493131
0.505282
0.517331
0.529243
0.54098
0.552507
0.563787
0.57478
0.585442
0.595722
0.605567
0.614931
0.623779
0.632074
0.639763
0.646775
0.653022
0.658407
0.662835
0.666217
0.668479
0.669557
0.669402
0.66797
0.665216
0.661096
0.655583
0.648669
0.640381
0.630847
0.620188
0.607314
0.591337
-0.0189047
-0.0346111
-0.0472469
-0.0576147
-0.0667256
-0.0744583
-0.0807344
-0.0855989
-0.089125
-0.0913841
-0.0924378
-0.0923393
-0.0911408
-0.0888912
-0.0856423
-0.0814559
-0.0763861
-0.0705001
-0.0638957
-0.0566549
-0.0488547
-0.0405827
-0.0318795
-0.0227664
-0.0132981
-0.00350438
0.00662181
0.0170406
0.027675
0.0385009
0.0495369
0.0607577
0.0720954
0.0835169
0.0950397
0.106667
0.118356
0.130059
0.141781
0.153562
0.165421
0.177328
0.189239
0.20114
0.213061
0.225041
0.237096
0.249218
0.26139
0.273601
0.285844
0.29811
0.310392
0.322689
0.335006
0.347361
0.359768
0.372231
0.384749
0.397322
0.409944
0.422602
0.435285
0.447986
0.460704
0.473438
0.486174
0.498888
0.511555
0.524146
0.53663
0.548968
0.561123
0.573054
0.584718
0.596067
0.607048
0.61761
0.627705
0.637296
0.646339
0.654772
0.662511
0.669459
0.67551
0.680562
0.68452
0.687303
0.688837
0.689055
0.687895
0.685298
0.681215
0.675619
0.668497
0.659855
0.649811
0.638501
0.624774
0.607698
-0.034933
-0.0517617
-0.065247
-0.076255
-0.0858708
-0.0939669
-0.100466
-0.105425
-0.108933
-0.111074
-0.111923
-0.111544
-0.110001
-0.10735
-0.103647
-0.0989611
-0.0933531
-0.0868976
-0.0796989
-0.0718498
-0.0634379
-0.0545521
-0.0452341
-0.0355137
-0.02545
-0.0150692
-0.00436515
0.00661722
0.0178005
0.0291633
0.0407227
0.0524496
0.0642761
0.0761712
0.088153
0.100225
0.112343
0.124468
0.136603
0.148789
0.161038
0.173317
0.18558
0.197819
0.210069
0.222377
0.234761
0.247214
0.259717
0.272258
0.284827
0.297419
0.310027
0.322649
0.335297
0.347991
0.360749
0.37358
0.386484
0.399458
0.412494
0.425578
0.438695
0.45184
0.465013
0.478214
0.491435
0.504658
0.517862
0.531024
0.544114
0.557091
0.569911
0.582531
0.594904
0.606983
0.618716
0.630052
0.640945
0.651351
0.661216
0.670467
0.679008
0.68673
0.693521
0.699275
0.703891
0.707273
0.709332
0.709981
0.70914
0.706745
0.702747
0.69711
0.689801
0.6808
0.670223
0.658227
0.64358
0.625292
-0.0522502
-0.0702923
-0.0846893
-0.0963777
-0.106523
-0.114992
-0.121709
-0.126745
-0.130201
-0.132178
-0.132764
-0.132035
-0.130069
-0.126931
-0.122689
-0.117418
-0.111191
-0.104092
-0.0962328
-0.0877127
-0.0786296
-0.0690741
-0.0590886
-0.0487115
-0.0380067
-0.026999
-0.0156849
-0.00411233
0.00764493
0.0195689
0.0316723
0.043921
0.0562483
0.068628
0.0810787
0.0936019
0.106157
0.118709
0.131268
0.143873
0.15653
0.1692
0.181834
0.194428
0.207024
0.219673
0.232398
0.24519
0.258029
0.2709
0.283796
0.29671
0.309637
0.322581
0.335556
0.348589
0.361703
0.374905
0.388198
0.401575
0.415026
0.428536
0.442088
0.455678
0.469306
0.482978
0.496693
0.510439
0.524203
0.537964
0.551689
0.565334
0.578849
0.592188
0.605307
0.61816
0.630698
0.642872
0.654632
0.665928
0.676692
0.686838
0.696258
0.704835
0.712454
0.719001
0.724365
0.728433
0.731093
0.732241
0.731788
0.729665
0.725816
0.720186
0.712708
0.703342
0.692212
0.679483
0.663825
0.644188
-0.0710083
-0.0903641
-0.105742
-0.118155
-0.128853
-0.137698
-0.144618
-0.149696
-0.153051
-0.154799
-0.155044
-0.15388
-0.151396
-0.147678
-0.142801
-0.136855
-0.129927
-0.122111
-0.113522
-0.104267
-0.0944509
-0.0841657
-0.073457
-0.0623722
-0.0509786
-0.0393003
-0.0273382
-0.015142
-0.0027781
0.00973982
0.0224175
0.0352127
0.0480601
0.0609394
0.0738715
0.086857
0.099858
0.112846
0.125838
0.138872
0.151946
0.165016
0.178033
0.190996
0.203952
0.216956
0.230034
0.243173
0.256353
0.269556
0.282776
0.296007
0.309249
0.322511
0.335812
0.349185
0.362654
0.376228
0.389907
0.403684
0.417546
0.431476
0.44546
0.45949
0.473573
0.487719
0.501936
0.516223
0.530568
0.54495
0.559333
0.573668
0.587901
0.601989
0.615892
0.629569
0.642971
0.656049
0.66875
0.681012
0.692754
0.703876
0.714261
0.723787
0.732334
0.739778
0.745992
0.750842
0.754194
0.75593
0.755954
0.75419
0.750561
0.744979
0.737348
0.727616
0.71591
0.70239
0.685619
0.664492
-0.0913927
-0.112172
-0.128604
-0.141782
-0.153047
-0.162256
-0.169344
-0.174412
-0.177598
-0.179037
-0.178852
-0.177154
-0.174053
-0.169652
-0.164044
-0.157332
-0.149614
-0.140999
-0.131605
-0.121541
-0.11092
-0.0998336
-0.0883356
-0.0764831
-0.0643449
-0.0519435
-0.0392851
-0.0264208
-0.0134083
-0.00025641
0.013032
0.0264046
0.0397961
0.0531928
0.0666191
0.0800769
0.0935329
0.106966
0.120397
0.133861
0.14735
0.160815
0.174209
0.187538
0.200855
0.214217
0.227648
0.241134
0.25465
0.268179
0.281714
0.295256
0.308809
0.322386
0.336015
0.349728
0.363552
0.377496
0.391559
0.405731
0.419998
0.434342
0.448751
0.46322
0.47776
0.492389
0.507124
0.52197
0.536917
0.55194
0.566999
0.582042
0.597019
0.611891
0.626625
0.641181
0.655512
0.669565
0.683282
0.696589
0.709392
0.72158
0.733029
0.743613
0.753203
0.761664
0.768844
0.774586
0.77874
0.781176
0.781788
0.78048
0.777142
0.771651
0.763892
0.753802
0.741496
0.727125
0.709155
0.686403
-0.113615
-0.135934
-0.153491
-0.167464
-0.179294
-0.18884
-0.196046
-0.201036
-0.203973
-0.205012
-0.204298
-0.201962
-0.198135
-0.192941
-0.186495
-0.178913
-0.170307
-0.160794
-0.150499
-0.139537
-0.128023
-0.116053
-0.103689
-0.0910009
-0.0780568
-0.0648759
-0.0514688
-0.0378881
-0.0241831
-0.0103588
0.00357247
0.017549
0.0315063
0.0454369
0.0593691
0.0733073
0.0872249
0.101109
0.114985
0.128879
0.142779
0.15663
0.170392
0.184079
0.197751
0.211466
0.225243
0.239066
0.252906
0.266748
0.280588
0.294431
0.308289
0.322179
0.336134
0.350186
0.364361
0.378671
0.39311
0.407668
0.42233
0.437081
0.45191
0.466817
0.48182
0.496944
0.512215
0.527639
0.543203
0.55888
0.574628
0.590399
0.60615
0.621848
0.637463
0.652959
0.668285
0.683384
0.698193
0.712626
0.726579
0.739933
0.752561
0.764329
0.775098
0.784708
0.792987
0.799755
0.804848
0.808123
0.809453
0.808707
0.80574
0.800401
0.792561
0.782134
0.769212
0.753949
0.734704
0.710193
-0.137906
-0.161883
-0.180632
-0.195418
-0.207803
-0.217647
-0.224911
-0.229747
-0.232343
-0.232877
-0.231519
-0.228423
-0.223745
-0.217632
-0.21022
-0.201645
-0.19203
-0.181503
-0.170195
-0.158229
-0.145727
-0.132786
-0.119479
-0.105886
-0.0920755
-0.0780604
-0.063855
-0.0495117
-0.0350728
-0.0205429
-0.0059435
0.00865702
0.0231985
0.03768
0.0521322
0.0665611
0.0809476
0.0952885
0.109612
0.123939
0.138249
0.152487
0.166617
0.180663
0.194688
0.208751
0.222867
0.237015
0.251168
0.265311
0.279446
0.293583
0.30774
0.321941
0.336216
0.3506
0.365118
0.37978
0.39458
0.409509
0.42455
0.439694
0.454933
0.470277
0.485747
0.501377
0.517193
0.533203
0.54939
0.565725
0.582171
0.59869
0.615246
0.631811
0.648359
0.66485
0.681232
0.697446
0.713421
0.729064
0.744265
0.758901
0.77284
0.785936
0.798031
0.808943
0.818476
0.826433
0.832632
0.836909
0.839103
0.839045
0.836554
0.831462
0.823614
0.812886
0.79935
0.783168
0.762564
0.736149
-0.16451
-0.19027
-0.210278
-0.225895
-0.238817
-0.248914
-0.256167
-0.260757
-0.2629
-0.262801
-0.260657
-0.256652
-0.250971
-0.243786
-0.235259
-0.225546
-0.214785
-0.203114
-0.190671
-0.177592
-0.164003
-0.150005
-0.135679
-0.121113
-0.106372
-0.0914648
-0.0764096
-0.0612563
-0.046041
-0.030771
-0.0154779
-0.000232734
0.0149127
0.0299656
0.0449568
0.0598915
0.0747562
0.0895577
0.104328
0.119086
0.133804
0.148427
0.162925
0.177328
0.191703
0.206107
0.220552
0.235014
0.249467
0.2639
0.27832
0.292744
0.307196
0.3217
0.33629
0.350996
0.365841
0.380836
0.395977
0.411255
0.426657
0.442178
0.45782
0.473598
0.489539
0.505677
0.52204
0.538632
0.555438
0.572431
0.589585
0.606872
0.624264
0.641737
0.659262
0.676799
0.694295
0.711688
0.728903
0.745848
0.762408
0.778457
0.793854
0.808437
0.822022
0.834406
0.845373
0.854709
0.86221
0.867677
0.870907
0.871691
0.869821
0.865102
0.85734
0.846364
0.832231
0.815102
0.793043
0.764559
-0.193707
-0.221387
-0.242726
-0.259193
-0.272633
-0.282927
-0.290078
-0.294303
-0.295848
-0.294953
-0.291847
-0.286752
-0.279887
-0.271456
-0.261644
-0.250629
-0.238571
-0.225615
-0.211907
-0.197596
-0.182818
-0.167672
-0.152244
-0.136627
-0.120881
-0.105015
-0.0890509
-0.0730364
-0.0570005
-0.0409545
-0.0249399
-0.00902732
0.00674276
0.0223862
0.0379331
0.0533863
0.0687371
0.0840008
0.0992145
0.114394
0.129508
0.144503
0.159355
0.1741
0.188809
0.203536
0.218289
0.233045
0.24778
0.262486
0.277178
0.291879
0.306616
0.321417
0.33631
0.351324
0.366479
0.381787
0.397247
0.412853
0.4286
0.44449
0.460531
0.476744
0.493155
0.5098
0.526704
0.543873
0.561295
0.57895
0.596826
0.614904
0.633164
0.651581
0.670126
0.688756
0.70742
0.726055
0.744593
0.762942
0.780987
0.798595
0.815609
0.831845
0.847098
0.861146
0.873756
0.884692
0.893717
0.900588
0.905059
0.906881
0.905816
0.901628
0.894065
0.882913
0.868211
0.850103
0.826491
0.795764
-0.225821
-0.255578
-0.278331
-0.295665
-0.30959
-0.320004
-0.326934
-0.330636
-0.331401
-0.329508
-0.32523
-0.318832
-0.310575
-0.300696
-0.289406
-0.276905
-0.263376
-0.248977
-0.233861
-0.218187
-0.2021
-0.185703
-0.169082
-0.152327
-0.135494
-0.118597
-0.101665
-0.0847417
-0.0678488
-0.0509996
-0.0342424
-0.0176449
-0.00123537
0.0150094
0.0311181
0.0470926
0.0629304
0.078656
0.0943094
0.109903
0.1254
0.14075
0.155937
0.171004
0.186023
0.201048
0.216086
0.231113
0.246108
0.261069
0.276016
0.290981
0.305992
0.321077
0.336258
0.351559
0.367002
0.382599
0.398357
0.414275
0.430355
0.446607
0.463044
0.479688
0.496564
0.513708
0.531145
0.548885
0.566921
0.585247
0.603861
0.622755
0.641912
0.661305
0.680904
0.700669
0.720552
0.740499
0.760449
0.780316
0.799981
0.819298
0.838091
0.856155
0.873269
0.889196
0.903686
0.916473
0.927276
0.935805
0.941766
0.944871
0.944838
0.941366
0.934142
0.92291
0.907678
0.888571
0.863324
0.83018
-0.261232
-0.293245
-0.317503
-0.335711
-0.350068
-0.360494
-0.367045
-0.37003
-0.36979
-0.36666
-0.360964
-0.353017
-0.343125
-0.331562
-0.318567
-0.304365
-0.289163
-0.273139
-0.256454
-0.239273
-0.221748
-0.203986
-0.186073
-0.168096
-0.1501
-0.132108
-0.114158
-0.0962881
-0.0785131
-0.0608451
-0.0433342
-0.0260413
-0.00898373
0.00786644
0.0245355
0.0410268
0.0573474
0.0735323
0.0896231
0.105625
0.121498
0.137191
0.152698
0.16807
0.183383
0.198689
0.213993
0.229272
0.244508
0.259706
0.274895
0.290109
0.305381
0.320731
0.336179
0.351743
0.367447
0.383309
0.399342
0.415555
0.431958
0.448562
0.465384
0.482445
0.499773
0.5174
0.535357
0.553658
0.572308
0.591312
0.610678
0.630406
0.650477
0.670868
0.691548
0.712483
0.733636
0.754968
0.776427
0.797929
0.819348
0.84052
0.861253
0.881329
0.900518
0.918568
0.935206
0.950126
0.962998
0.973482
0.981237
0.985922
0.987185
0.984651
0.977947
0.966762
0.951066
0.930974
0.904013
0.86828
-0.300372
-0.334845
-0.360702
-0.379777
-0.394487
-0.404782
-0.410759
-0.412788
-0.411276
-0.406621
-0.399213
-0.389423
-0.377604
-0.364078
-0.349114
-0.332964
-0.315863
-0.298013
-0.279587
-0.260751
-0.241656
-0.22241
-0.203107
-0.183823
-0.164597
-0.145457
-0.126444
-0.107596
-0.0889164
-0.0704169
-0.0521447
-0.0341502
-0.0164396
0.00101734
0.018244
0.035247
0.0520448
0.0686825
0.0852023
0.101602
0.117834
0.133852
0.149662
0.165322
0.180913
0.196483
0.212035
0.227547
0.243007
0.258426
0.27384
0.289289
0.304803
0.320398
0.336086
0.351886
0.367824
0.383927
0.400218
0.416713
0.433424
0.450367
0.467557
0.485017
0.502775
0.520869
0.539332
0.558187
0.577451
0.597138
0.617263
0.637832
0.658828
0.680227
0.702008
0.724147
0.746625
0.769419
0.792486
0.815736
0.839033
0.862202
0.88504
0.907329
0.928829
0.949275
0.968357
0.985726
1.001
1.01379
1.0237
1.03031
1.03317
1.03185
1.0259
1.01494
0.99889
0.97785
0.949091
0.91058
-0.343734
-0.380898
-0.408455
-0.428377
-0.443333
-0.453314
-0.45847
-0.459245
-0.456128
-0.449599
-0.440122
-0.428134
-0.414048
-0.398232
-0.381002
-0.362635
-0.343392
-0.3235
-0.303148
-0.282503
-0.261701
-0.240852
-0.220054
-0.199377
-0.178855
-0.158518
-0.138408
-0.118552
-0.0989475
-0.0796058
-0.0605694
-0.0418752
-0.0235169
-0.0054611
0.0123147
0.0298217
0.047089
0.0641691
0.0811009
0.0978741
0.114438
0.130755
0.146842
0.162769
0.178616
0.194428
0.210205
0.225928
0.241591
0.257212
0.272834
0.288498
0.304231
0.320044
0.335945
0.351954
0.368104
0.384431
0.400967
0.417731
0.434738
0.452003
0.469543
0.48738
0.505549
0.524092
0.54305
0.562456
0.582333
0.602704
0.62359
0.644999
0.666919
0.689333
0.712232
0.735613
0.759476
0.783811
0.808575
0.833674
0.858964
0.884269
0.909391
0.934112
0.958186
0.981322
1.00317
1.02334
1.0414
1.0569
1.06938
1.07831
1.08316
1.08341
1.07851
1.068
1.05176
1.02982
0.99918
0.957652
-0.39189
-0.432022
-0.461388
-0.48212
-0.497175
-0.506599
-0.51061
-0.509754
-0.504619
-0.495784
-0.483808
-0.469208
-0.452458
-0.433986
-0.414154
-0.393276
-0.371632
-0.349467
-0.326989
-0.304365
-0.281717
-0.259147
-0.236752
-0.214599
-0.192722
-0.171149
-0.149917
-0.129038
-0.108501
-0.0883187
-0.0685266
-0.049147
-0.0301596
-0.0115258
0.00677991
0.0247757
0.0424997
0.0600067
0.0773295
0.0944497
0.111317
0.127906
0.144247
0.16042
0.176503
0.192536
0.208518
0.224432
0.240279
0.256086
0.271897
0.287754
0.30368
0.319681
0.335767
0.351962
0.368306
0.384843
0.40161
0.418631
0.435918
0.453484
0.471347
0.489536
0.508094
0.52707
0.546513
0.566462
0.586946
0.607994
0.629629
0.651864
0.674699
0.69813
0.722167
0.746828
0.772131
0.79807
0.824604
0.851637
0.879029
0.906617
0.934215
0.961607
0.988533
1.01467
1.03964
1.06301
1.08429
1.10297
1.11849
1.13023
1.13755
1.1398
1.13635
1.12661
1.11036
1.08759
1.055
1.01017
-0.445527
-0.488962
-0.52026
-0.541732
-0.556675
-0.565212
-0.567659
-0.564689
-0.557021
-0.545358
-0.53037
-0.512671
-0.492806
-0.47126
-0.44845
-0.424731
-0.400405
-0.375727
-0.350912
-0.326131
-0.301497
-0.277099
-0.253024
-0.229333
-0.206055
-0.183221
-0.160854
-0.138949
-0.117488
-0.0964786
-0.0759488
-0.055904
-0.0363105
-0.0171232
0.00168814
0.0201504
0.0383092
0.056219
0.0739045
0.0913409
0.108483
0.125318
0.141893
0.158293
0.174595
0.190831
0.206999
0.223088
0.239103
0.255078
0.271059
0.287085
0.303175
0.319337
0.335584
0.351945
0.368467
0.385201
0.402185
0.419443
0.436986
0.454826
0.472983
0.491496
0.510418
0.52981
0.549724
0.570203
0.591276
0.612977
0.635335
0.658373
0.682107
0.706553
0.731745
0.757718
0.784499
0.812088
0.840445
0.869485
0.899089
0.929116
0.959392
0.989702
1.01977
1.04924
1.07771
1.10471
1.12972
1.15213
1.17127
1.18641
1.19677
1.20159
1.20007
1.19148
1.1755
1.15202
1.11738
1.06896
-0.505481
-0.552627
-0.585986
-0.608074
-0.622605
-0.629813
-0.630151
-0.62446
-0.613626
-0.598499
-0.579885
-0.55851
-0.535003
-0.50991
-0.483704
-0.456785
-0.429476
-0.402038
-0.374683
-0.347575
-0.32082
-0.294498
-0.268679
-0.243407
-0.218703
-0.194593
-0.171087
-0.148163
-0.125794
-0.103983
-0.0827417
-0.0620571
-0.0418817
-0.0221658
-0.00287448
0.0160269
0.0345897
0.0528667
0.0708755
0.0885885
0.105969
0.12302
0.139802
0.156406
0.172901
0.189318
0.205653
0.221897
0.238063
0.254184
0.27031
0.286476
0.302703
0.319001
0.335388
0.351899
0.368585
0.3855
0.402684
0.420157
0.437929
0.456011
0.474431
0.49324
0.512507
0.532297
0.552664
0.573648
0.59528
0.617597
0.640643
0.664456
0.689071
0.714531
0.740886
0.768186
0.796462
0.825722
0.855941
0.887059
0.91899
0.951615
0.984775
1.01825
1.05174
1.0849
1.1173
1.14843
1.17773
1.2045
1.22794
1.24719
1.26132
1.2694
1.27042
1.26349
1.24812
1.22413
1.18736
1.135
-0.57277
-0.624125
-0.659675
-0.682187
-0.695887
-0.701181
-0.698703
-0.689519
-0.674725
-0.655357
-0.632377
-0.606645
-0.57889
-0.549724
-0.519671
-0.489168
-0.458562
-0.428116
-0.398026
-0.368434
-0.339437
-0.311106
-0.283491
-0.256612
-0.230477
-0.205096
-0.180461
-0.156538
-0.133293
-0.110718
-0.0888046
-0.0675173
-0.0467953
-0.0265844
-0.00684633
0.0124599
0.0313896
0.0499923
0.0682801
0.0862266
0.103806
0.12104
0.138001
0.154781
0.171445
0.188019
0.204498
0.220876
0.237168
0.253411
0.269652
0.285931
0.30227
0.318682
0.335191
0.351836
0.36867
0.385748
0.403107
0.420767
0.438734
0.457024
0.475676
0.494758
0.514348
0.534514
0.555305
0.576755
0.598901
0.621792
0.645486
0.670042
0.695519
0.72198
0.749489
0.778104
0.807867
0.838802
0.870913
0.90418
0.938548
0.973923
1.01016
1.04702
1.08424
1.12145
1.15824
1.19408
1.22832
1.26017
1.28871
1.31292
1.33171
1.3439
1.34827
1.34366
1.32943
1.30518
1.26622
1.20946
-0.648649
-0.704829
-0.742701
-0.765344
-0.777637
-0.780229
-0.774011
-0.760345
-0.740597
-0.716035
-0.68781
-0.65693
-0.624236
-0.590416
-0.556034
-0.521551
-0.487326
-0.453619
-0.420606
-0.388395
-0.357059
-0.326655
-0.297208
-0.268715
-0.241162
-0.214538
-0.18881
-0.163929
-0.139856
-0.116566
-0.09403
-0.0721871
-0.0509654
-0.0303067
-0.0101681
0.00949762
0.0287483
0.0476293
0.0661486
0.0842837
0.102023
0.119405
0.136515
0.153444
0.170254
0.186962
0.203561
0.220048
0.236438
0.252773
0.269103
0.285469
0.301898
0.318406
0.335019
0.351778
0.368739
0.385953
0.403458
0.421269
0.439395
0.457859
0.476716
0.496046
0.515933
0.536441
0.55761
0.579476
0.602084
0.6255
0.6498
0.675065
0.701372
0.728801
0.757427
0.787318
0.818537
0.851139
0.885167
0.920641
0.957538
0.995787
1.03525
1.07573
1.11697
1.15864
1.20033
1.24149
1.28139
1.31916
1.35374
1.38395
1.40848
1.42588
1.43462
1.43325
1.42084
1.3967
1.35548
1.29373
-0.734698
-0.796478
-0.836794
-0.859125
-0.869197
-0.868018
-0.856842
-0.837423
-0.811481
-0.780571
-0.746063
-0.709126
-0.670722
-0.631608
-0.592386
-0.55352
-0.515359
-0.478149
-0.442039
-0.407099
-0.373362
-0.340853
-0.309566
-0.279471
-0.250533
-0.222713
-0.195949
-0.170174
-0.145336
-0.121394
-0.0982901
-0.0759453
-0.054279
-0.0332299
-0.0127487
0.00721942
0.026734
0.0458362
0.0645311
0.082803
0.100657
0.11815
0.135374
0.152423
0.169348
0.186161
0.202849
0.219411
0.235867
0.252263
0.268655
0.285087
0.301585
0.31817
0.334866
0.351716
0.368774
0.386092
0.403707
0.421634
0.439886
0.458495
0.477531
0.497081
0.517229
0.538031
0.559525
0.58175
0.604768
0.628661
0.653523
0.67945
0.706536
0.734872
0.76455
0.795659
0.828291
0.862542
0.898496
0.936209
0.975691
1.0169
1.05973
1.10403
1.1496
1.19615
1.24328
1.29041
1.33676
1.38138
1.42312
1.46058
1.49219
1.51619
1.53067
1.53373
1.52406
1.50057
1.45704
1.38959
-0.832941
-0.901301
-0.944144
-0.96548
-0.97217
-0.96576
-0.948018
-0.921228
-0.887555
-0.848902
-0.806892
-0.762865
-0.717896
-0.672806
-0.628212
-0.584566
-0.542179
-0.501255
-0.461903
-0.424149
-0.387981
-0.353372
-0.320273
-0.288622
-0.258359
-0.22941
-0.201687
-0.175102
-0.149583
-0.125066
-0.101466
-0.0786873
-0.0566439
-0.0352717
-0.0145141
0.00569165
0.025406
0.0446656
0.0634749
0.0818287
0.0997508
0.117314
0.134619
0.151753
0.16876
0.18564
0.202379
0.218976
0.235462
0.251889
0.268317
0.284793
0.301341
0.317979
0.334732
0.35164
0.36876
0.386145
0.403833
0.421841
0.440189
0.458916
0.478099
0.497832
0.518192
0.539232
0.56099
0.583519
0.606895
0.631215
0.656584
0.683107
0.710894
0.740053
0.7707
0.802953
0.836944
0.872808
0.910666
0.950606
0.992679
1.03689
1.0832
1.13152
1.18173
1.23357
1.28666
1.34043
1.3941
1.44667
1.49685
1.54306
1.58342
1.61577
1.63774
1.64684
1.64119
1.61916
1.57332
1.49927
-0.946019
-1.0222
-1.06755
-1.08683
-1.08847
-1.07483
-1.0484
-1.01217
-0.968856
-0.920788
-0.869864
-0.817593
-0.76514
-0.713365
-0.662873
-0.61407
-0.567206
-0.522409
-0.47972
-0.439111
-0.400518
-0.363852
-0.329011
-0.295893
-0.264401
-0.234425
-0.205845
-0.178551
-0.152452
-0.127453
-0.103447
-0.0803206
-0.0579848
-0.0363706
-0.0154131
0.00495717
0.0248001
0.0441482
0.0630083
0.081389
0.0993334
0.116929
0.134279
0.151463
0.168511
0.185416
0.202162
0.218756
0.235237
0.251666
0.268108
0.284605
0.301179
0.317843
0.334618
0.351545
0.368685
0.386098
0.403825
0.421885
0.440298
0.45911
0.478401
0.498265
0.518778
0.539994
0.561959
0.584738
0.608419
0.633105
0.658905
0.685935
0.714322
0.744203
0.775723
0.809037
0.844313
0.881717
0.921404
0.963506
1.00813
1.05535
1.10522
1.15773
1.21282
1.27032
1.32988
1.39099
1.45293
1.51465
1.57478
1.6315
1.68264
1.72558
1.75731
1.77463
1.77484
1.75549
1.70749
1.62567
-1.07746
-1.16305
-1.21067
-1.22623
-1.22039
-1.19674
-1.1588
-1.11048
-1.05519
-0.995721
-0.934273
-0.8725
-0.81161
-0.75245
-0.695567
-0.641282
-0.589747
-0.540989
-0.494947
-0.451515
-0.410562
-0.371932
-0.335465
-0.301011
-0.268428
-0.23756
-0.208254
-0.180376
-0.153812
-0.128441
-0.10413
-0.0807564
-0.0582257
-0.0364623
-0.0153921
0.00505972
0.0249515
0.0443135
0.0631584
0.0815109
0.0994324
0.11702
0.134376
0.151567
0.168611
0.185493
0.202201
0.218752
0.235195
0.2516
0.268032
0.284527
0.301099
0.317752
0.334506
0.351408
0.368528
0.385935
0.403671
0.421753
0.440198
0.459053
0.4784
0.498335
0.518939
0.540271
0.562389
0.585364
0.609288
0.634262
0.660397
0.687824
0.7167
0.747193
0.779483
0.813755
0.850202
0.889023
0.930411
0.974559
1.02165
1.07185
1.1253
1.18208
1.24223
1.30567
1.37216
1.44134
1.51253
1.58473
1.65647
1.72579
1.79017
1.84651
1.89104
1.91956
1.92829
1.91344
1.86367
1.7726
-1.23209
-1.32909
-1.37831
-1.3875
-1.37063
-1.33309
-1.27989
-1.21612
-1.14599
-1.07281
-0.999049
-0.926441
-0.856171
-0.788986
-0.725306
-0.665308
-0.609005
-0.55629
-0.506976
-0.46085
-0.417687
-0.377256
-0.339335
-0.303725
-0.270226
-0.238636
-0.208765
-0.180454
-0.153562
-0.127942
-0.103443
-0.079934
-0.0573143
-0.0355009
-0.014411
0.00603398
0.0258914
0.0451919
0.0639574
0.0822292
0.100084
0.117623
0.134941
0.152091
0.16908
0.185888
0.202512
0.21898
0.235356
0.251712
0.268108
0.284572
0.301103
0.317699
0.334383
0.351216
0.36828
0.385651
0.403368
0.421439
0.439872
0.458716
0.478057
0.498001
0.518636
0.540031
0.562247
0.585356
0.609443
0.634604
0.660961
0.68867
0.717919
0.74891
0.781846
0.816934
0.85439
0.89445
0.937365
0.983401
1.03283
1.0859
1.14285
1.20388
1.26914
1.33871
1.41255
1.49045
1.57189
1.65593
1.74112
1.82543
1.90606
1.97935
2.04066
2.0845
2.10555
2.09812
2.04743
1.94522
-1.41681
-1.52765
-1.5769
-1.57545
-1.54224
-1.48541
-1.41198
-1.32852
-1.24015
-1.15065
-1.06265
-0.977873
-0.897349
-0.821624
-0.750893
-0.685111
-0.62409
-0.567549
-0.515156
-0.466566
-0.421441
-0.37946
-0.340333
-0.303799
-0.269602
-0.23749
-0.207242
-0.178672
-0.15161
-0.125884
-0.10133
-0.0778079
-0.0552138
-0.0334568
-0.0124464
0.00789927
0.0276374
0.0468024
0.0654271
0.0835677
0.101311
0.118756
0.135988
0.153046
0.169925
0.18661
0.203105
0.219456
0.235735
0.252016
0.268347
0.28474
0.301182
0.317669
0.334235
0.35096
0.367939
0.385247
0.402913
0.420928
0.439295
0.458065
0.477337
0.497231
0.517845
0.539249
0.561501
0.584663
0.608812
0.634049
0.660512
0.688387
0.717891
0.749247
0.78267
0.818384
0.856639
0.897722
0.941949
0.989662
1.04121
1.09693
1.15718
1.22229
1.29259
1.36838
1.44984
1.537
1.62955
1.72676
1.82738
1.92939
2.02984
2.12453
2.20783
2.27269
2.31165
2.31623
2.26646
2.15083
-1.64174
-1.76918
-1.81509
-1.79602
-1.73858
-1.65493
-1.55474
-1.44634
-1.33578
-1.22712
-1.12295
-1.02478
-0.933316
-0.848748
-0.770931
-0.69951
-0.634022
-0.573963
-0.518825
-0.468118
-0.421378
-0.378185
-0.338171
-0.301007
-0.266376
-0.233982
-0.203573
-0.174938
-0.147881
-0.122208
-0.0977426
-0.0743419
-0.0518969
-0.0303097
-0.00948327
0.0106672
0.0302006
0.0491571
0.0675805
0.0855383
0.103121
0.120424
0.137516
0.154423
0.171138
0.18765
0.203977
0.220179
0.236334
0.252509
0.268737
0.285011
0.301309
0.317636
0.334043
0.350629
0.367498
0.384715
0.402288
0.420193
0.43843
0.457062
0.476209
0.496003
0.516546
0.537899
0.560107
0.583222
0.607323
0.632523
0.658982
0.686908
0.716533
0.748085
0.781791
0.817902
0.856716
0.898573
0.943849
0.992945
1.04628
1.10431
1.1675
1.23638
1.3115
1.39339
1.48252
1.57922
1.68354
1.79517
1.9132
2.03588
2.16025
2.28178
2.39386
2.48762
2.55283
2.5768
2.53168
2.40011
-1.92248
-2.06889
-2.10455
-2.05635
-1.96289
-1.84202
-1.70668
-1.56704
-1.42986
-1.29915
-1.17709
-1.06461
-0.961865
-0.86849
-0.783861
-0.707218
-0.637757
-0.5747
-0.517329
-0.46499
-0.417089
-0.373107
-0.332596
-0.29515
-0.260394
-0.227995
-0.197673
-0.169193
-0.142333
-0.116885
-0.0926634
-0.0695256
-0.0473591
-0.0260597
-0.00552428
0.014335
0.03358
0.0522569
0.0704185
0.0881391
0.105509
0.122613
0.139507
0.156207
0.172704
0.188997
0.205121
0.221144
0.237145
0.253177
0.269254
0.285354
0.301456
0.317578
0.333794
0.350218
0.36695
0.384038
0.401466
0.419198
0.437242
0.455681
0.474656
0.494304
0.514719
0.535942
0.558007
0.580968
0.604913
0.629972
0.656317
0.684161
0.713738
0.745279
0.779033
0.815294
0.854404
0.896743
0.942724
0.992802
1.04748
1.10733
1.17299
1.24517
1.32465
1.41223
1.50873
1.61492
1.73137
1.85836
1.99561
2.14191
2.29475
2.44963
2.59924
2.73272
2.83649
2.89191
2.8589
2.70938
-2.28426
-2.44945
-2.46086
-2.3646
-2.2176
-2.04535
-1.86439
-1.68632
-1.51795
-1.36258
-1.22138
-1.09425
-0.980426
-0.878772
-0.788023
-0.706915
-0.63425
-0.568941
-0.510036
-0.456701
-0.408214
-0.363956
-0.323398
-0.286068
-0.251538
-0.219444
-0.189485
-0.161399
-0.134948
-0.109909
-0.0860974
-0.0633729
-0.0416206
-0.0207304
-0.000594538
0.0188779
0.0377518
0.0560781
0.0739154
0.0913404
0.108439
0.125284
0.14192
0.158355
0.174585
0.190621
0.20651
0.222327
0.238139
0.253983
0.269855
0.285727
0.301587
0.317471
0.333474
0.349712
0.366274
0.383184
0.400407
0.417905
0.435701
0.453902
0.472664
0.492115
0.512327
0.533325
0.555143
0.577847
0.60154
0.626353
0.652455
0.680052
0.709377
0.740678
0.774238
0.810386
0.849491
0.891949
0.938201
0.988766
1.04424
1.10533
1.17281
1.24758
1.33066
1.42317
1.52636
1.64152
1.76993
1.91266
2.07038
2.24298
2.42898
2.62465
2.82265
3.01057
3.17107
3.27767
3.27157
3.10495
-2.77047
-2.94521
-2.90416
-2.7288
-2.50268
-2.26037
-2.02132
-1.79728
-1.59366
-1.41188
-1.25123
-1.11001
-0.986106
-0.877359
-0.781715
-0.697316
-0.622528
-0.555949
-0.496387
-0.442835
-0.394444
-0.350507
-0.310417
-0.273644
-0.239727
-0.208278
-0.178977
-0.151543
-0.125722
-0.10129
-0.078065
-0.0559118
-0.0347143
-0.0143581
0.00526863
0.0242585
0.0426779
0.0605801
0.0780261
0.0950912
0.111854
0.128377
0.144693
0.16081
0.176729
0.192476
0.208103
0.223681
0.239263
0.254869
0.270482
0.286081
0.301665
0.317289
0.333057
0.349081
0.365431
0.382108
0.399067
0.416277
0.433782
0.45171
0.470213
0.4894
0.509321
0.529996
0.55147
0.573827
0.597169
0.621613
0.647313
0.674471
0.703328
0.734159
0.767272
0.803013
0.841752
0.883892
0.929911
0.980398
1.03604
1.09763
1.16609
1.24249
1.32809
1.42438
1.53306
1.65604
1.79541
1.95332
2.13184
2.33255
2.55591
2.80018
3.05945
3.32116
3.56486
3.75477
3.80511
3.63194
-3.45976
-3.60833
-3.4581
-3.15333
-2.81201
-2.47644
-2.16594
-1.88931
-1.64803
-1.43988
-1.26111
-1.10769
-0.975769
-0.86194
-0.76325
-0.677203
-0.601724
-0.535104
-0.475939
-0.423072
-0.375552
-0.332594
-0.293535
-0.257801
-0.224912
-0.19447
-0.16614
-0.139627
-0.11467
-0.0910494
-0.0685958
-0.0471783
-0.0266805
-0.00698459
0.0120226
0.0304329
0.0483116
0.0657117
0.0826935
0.0993284
0.115687
0.131821
0.147758
0.163507
0.179079
0.194507
0.209843
0.225144
0.240449
0.255765
0.271075
0.286366
0.301652
0.316998
0.332506
0.348278
0.364367
0.380758
0.397404
0.414287
0.431469
0.449082
0.467267
0.486113
0.505655
0.525919
0.546967
0.568884
0.591758
0.615684
0.640802
0.66732
0.695496
0.72562
0.758006
0.792996
0.830952
0.872289
0.917526
0.967307
1.02238
1.08359
1.15198
1.22878
1.3155
1.41396
1.52631
1.65511
1.80338
1.97458
2.17258
2.4014
2.66464
2.96438
3.29871
3.65814
4.02232
4.34745
4.51306
4.3716
-4.49522
-4.51433
-4.14511
-3.63279
-3.12835
-2.67352
-2.27989
-1.94734
-1.66949
-1.43801
-1.24484
-1.08292
-0.946365
-0.830401
-0.731172
-0.645585
-0.571175
-0.505977
-0.448421
-0.397248
-0.351443
-0.310171
-0.272734
-0.238544
-0.207118
-0.178055
-0.151014
-0.125696
-0.101842
-0.0792458
-0.0577526
-0.0372381
-0.0175856
0.00132387
0.0196013
0.0373338
0.0545829
0.0713991
0.0878396
0.10397
0.119854
0.135534
0.151037
0.166376
0.181569
0.196649
0.211659
0.226642
0.241622
0.256604
0.271578
0.28654
0.301511
0.316557
0.331774
0.347253
0.363035
0.379098
0.395396
0.41192
0.428742
0.445992
0.463796
0.482229
0.501318
0.521099
0.541634
0.563003
0.585273
0.608519
0.632877
0.65856
0.685835
0.714992
0.746338
0.780197
0.816922
0.856943
0.900812
0.949194
1.00285
1.06266
1.12976
1.20552
1.29163
1.39016
1.50366
1.63532
1.78909
1.96988
2.18366
2.43756
2.73971
3.09838
3.51981
4.00379
4.53787
5.07843
5.47213
5.47063
-6.13509
-5.76251
-4.97728
-4.14697
-3.42137
-2.82225
-2.33949
-1.95401
-1.64597
-1.39827
-1.19731
-1.03258
-0.896086
-0.781789
-0.685068
-0.602381
-0.530997
-0.468796
-0.414126
-0.365688
-0.322447
-0.283559
-0.248324
-0.216166
-0.186616
-0.159286
-0.133834
-0.109968
-0.0874432
-0.0660736
-0.0457196
-0.0262637
-0.00759003
0.0104175
0.0278632
0.044826
0.0613611
0.0775152
0.0933415
0.1089
0.124245
0.139417
0.154442
0.169338
0.184124
0.198826
0.213474
0.228098
0.242716
0.257336
0.271955
0.286572
0.301212
0.315933
0.330828
0.345979
0.361421
0.377127
0.393051
0.409187
0.425612
0.442454
0.45983
0.477798
0.496378
0.515601
0.535533
0.556244
0.57778
0.600199
0.623629
0.648286
0.674442
0.702373
0.732359
0.764702
0.799753
0.837957
0.879865
0.92612
0.977461
1.03481
1.09933
1.17246
1.25599
1.3521
1.46367
1.59437
1.74894
1.93359
2.15652
2.42839
2.76303
3.17773
3.69257
4.3269
5.09059
5.95961
6.78223
7.19086
-8.95399
-7.47776
-5.9068
-4.62251
-3.62465
-2.87125
-2.30909
-1.88632
-1.56334
-1.31232
-1.11381
-0.954186
-0.823805
-0.715774
-0.625072
-0.547982
-0.481711
-0.424142
-0.373651
-0.328979
-0.289131
-0.253297
-0.220815
-0.191149
-0.16386
-0.138581
-0.114987
-0.0928041
-0.0718119
-0.0518482
-0.0327884
-0.0145214
0.00306392
0.0200756
0.0366058
0.0527226
0.0684739
0.0839023
0.0990563
0.113989
0.128751
0.143378
0.157898
0.172329
0.186686
0.200984
0.215241
0.229479
0.243714
0.257959
0.272213
0.286474
0.300762
0.315135
0.329682
0.344483
0.359563
0.374888
0.390407
0.406123
0.42212
0.438528
0.455444
0.472904
0.490914
0.509508
0.528756
0.548712
0.569398
0.59085
0.613193
0.636654
0.661488
0.687937
0.716246
0.746707
0.779677
0.815581
0.854928
0.898313
0.946461
1.00028
1.0609
1.12971
1.20848
1.29945
1.40551
1.53056
1.6798
1.8603
2.08195
2.3587
2.71038
3.16528
3.76373
4.55879
5.60475
6.94184
8.5702
10.1127
-14.4457
-9.73849
-6.58948
-4.74021
-3.51219
-2.67193
-2.09346
-1.68311
-1.38144
-1.15278
-0.974882
-0.833289
-0.71836
-0.623467
-0.543928
-0.47635
-0.418224
-0.367668
-0.323253
-0.283876
-0.248663
-0.216906
-0.188031
-0.161572
-0.137146
-0.114427
-0.0931266
-0.0730047
-0.0538771
-0.0356081
-0.01809
-0.00122291
0.0150921
0.0309472
0.0464174
0.0615567
0.0764053
0.0910006
0.105386
0.119608
0.13371
0.147728
0.161686
0.175598
0.18947
0.203309
0.217122
0.230928
0.244742
0.258574
0.272419
0.286273
0.300157
0.314129
0.328279
0.342675
0.357331
0.372201
0.387241
0.402469
0.417978
0.433884
0.450254
0.467099
0.484419
0.502259
0.520681
0.539714
0.559343
0.579596
0.600606
0.622587
0.645754
0.670301
0.696457
0.7245
0.754751
0.787587
0.823466
0.862921
0.90659
0.955293
1.01006
1.07214
1.14306
1.22487
1.32024
1.43271
1.56715
1.73041
1.93243
2.18806
2.52005
2.96476
3.58275
4.47011
5.75703
7.67898
10.9173
15.7342
-23.7171
-11.94
-6.31542
-4.02936
-2.8199
-2.0866
-1.62105
-1.30563
-1.07775
-0.905337
-0.770468
-0.662223
-0.573537
-0.499621
-0.437095
-0.383498
-0.336999
-0.296216
-0.260097
-0.227823
-0.198738
-0.172306
-0.148089
-0.125733
-0.104938
-0.0854384
-0.0670031
-0.0494413
-0.032611
-0.0164094
-0.000753348
0.0144362
0.0292356
0.0437125
0.0579193
0.0718941
0.0856677
0.099272
0.112745
0.126127
0.139457
0.152764
0.166067
0.179374
0.192681
0.205986
0.219289
0.2326
0.245929
0.259275
0.272631
0.285991
0.299381
0.312865
0.326528
0.340426
0.354555
0.36887
0.383334
0.397978
0.412895
0.428179
0.443869
0.459959
0.476452
0.493391
0.510815
0.528715
0.547044
0.565818
0.585165
0.605276
0.62632
0.648447
0.671844
0.696765
0.723495
0.752337
0.78364
0.817838
0.855482
0.897236
0.943881
0.996383
1.05596
1.12413
1.20292
1.29494
1.4038
1.53454
1.69457
1.89524
2.155
2.50659
3.01341
3.79622
5.07302
7.4542
13.1954
25.095
0
0
0
0
0
0
0
0
0
0
0
0
0
0
0
0
0
0
0
0
0
0
0
0
0
0
0
0
0
0
0
0
0
0
0
0
0
0
0
0
0
0
0
0
0
0
0
0
0
0
0
0
0
0
0
0
0
0
0
0
0
0
0
0
0
0
0
0
0
0
0
0
0
0
0
0
0
0
0
0
0
0
0
0
0
0
0
0
0
0
0
0
0
0
0
0
0
0
0
0
)
;

boundaryField
{
    obstacleFixedWalls
    {
        type            zeroGradient;
    }
    obstacleFrontAndBack
    {
        type            empty;
    }
    movingWall
    {
        type            zeroGradient;
    }
    fixedWalls
    {
        type            zeroGradient;
    }
    frontAndBack
    {
        type            empty;
    }
}


// ************************************************************************* //
