/*--------------------------------*- C++ -*----------------------------------*\
  =========                 |
  \\      /  F ield         | OpenFOAM: The Open Source CFD Toolbox
   \\    /   O peration     | Website:  https://openfoam.org
    \\  /    A nd           | Version:  11
     \\/     M anipulation  |
\*---------------------------------------------------------------------------*/
FoamFile
{
    format      ascii;
    class       volScalarField;
    location    "0.2";
    object      p;
}
// * * * * * * * * * * * * * * * * * * * * * * * * * * * * * * * * * * * * * //

dimensions      [0 2 -2 0 0 0 0];

internalField   nonuniform List<scalar> 
10100
(
-8.33667e-08
-0.347167
-0.841055
-1.28623
-1.62129
-1.88957
-2.1111
-2.29894
-2.46093
-2.60161
-2.72447
-2.8329
-2.9299
-3.01763
-3.09742
-3.17026
-3.237
-3.2984
-3.35512
-3.40776
-3.45687
-3.50303
-3.54678
-3.5886
-3.62883
-3.66769
-3.70523
-3.74144
-3.77633
-3.80993
-3.8424
-3.87397
-3.90488
-3.93539
-3.96566
-3.99572
-4.02547
-4.05477
-4.08346
-4.1114
-4.13851
-4.16474
-4.19005
-4.21432
-4.23741
-4.25925
-4.27984
-4.29929
-4.31787
-4.33596
-4.35396
-4.37216
-4.39067
-4.4095
-4.42862
-4.44804
-4.46776
-4.48778
-4.50804
-4.52841
-4.54875
-4.56895
-4.5889
-4.6085
-4.62764
-4.64618
-4.66391
-4.68055
-4.69584
-4.70966
-4.72196
-4.73277
-4.74216
-4.75027
-4.75729
-4.76341
-4.76873
-4.7733
-4.7771
-4.78009
-4.78221
-4.78343
-4.78367
-4.78284
-4.78084
-4.77767
-4.7734
-4.76814
-4.76208
-4.75549
-4.74871
-4.74204
-4.73567
-4.72977
-4.7245
-4.71994
-4.71602
-4.71255
-4.70936
-4.70635
-0.342959
-0.66135
-1.04746
-1.40143
-1.69653
-1.94322
-2.15126
-2.32941
-2.48431
-2.62022
-2.74011
-2.84657
-2.94201
-3.02839
-3.10711
-3.17914
-3.24522
-3.30604
-3.36222
-3.41434
-3.46299
-3.50872
-3.55206
-3.59348
-3.6333
-3.67173
-3.70885
-3.74467
-3.7792
-3.81251
-3.84476
-3.87615
-3.9069
-3.93722
-3.96726
-3.997
-4.02631
-4.05508
-4.08318
-4.1105
-4.13698
-4.16266
-4.18752
-4.21148
-4.23441
-4.25622
-4.27695
-4.29668
-4.31566
-4.33423
-4.35275
-4.37143
-4.39037
-4.40953
-4.4289
-4.44849
-4.46835
-4.48846
-4.50877
-4.52913
-4.54937
-4.56938
-4.58905
-4.60831
-4.62705
-4.64516
-4.66245
-4.67869
-4.69365
-4.70725
-4.71949
-4.73038
-4.73997
-4.74836
-4.75573
-4.7622
-4.76783
-4.77262
-4.77653
-4.77952
-4.78157
-4.78267
-4.7828
-4.78186
-4.77979
-4.77659
-4.77237
-4.76722
-4.7613
-4.75486
-4.74823
-4.74167
-4.73536
-4.72942
-4.72398
-4.71915
-4.7149
-4.71112
-4.70772
-4.70447
-0.836289
-1.04677
-1.30252
-1.56484
-1.8069
-2.0223
-2.21075
-2.37535
-2.52022
-2.64887
-2.76375
-2.86672
-2.95954
-3.0438
-3.12078
-3.19143
-3.2564
-3.31626
-3.37158
-3.42291
-3.47082
-3.51588
-3.5586
-3.5994
-3.63865
-3.6765
-3.71302
-3.74824
-3.7822
-3.81495
-3.84666
-3.87757
-3.90789
-3.93782
-3.96747
-3.9968
-4.02568
-4.05397
-4.08157
-4.10841
-4.13448
-4.15986
-4.18456
-4.2085
-4.23155
-4.25362
-4.27471
-4.2949
-4.31442
-4.33358
-4.35268
-4.3719
-4.39128
-4.41077
-4.43035
-4.45005
-4.46994
-4.49003
-4.51023
-4.5304
-4.55032
-4.56987
-4.58896
-4.60757
-4.62561
-4.64299
-4.65956
-4.67511
-4.6895
-4.70269
-4.71475
-4.72568
-4.73552
-4.74434
-4.75226
-4.75937
-4.76563
-4.77098
-4.77535
-4.77867
-4.78092
-4.78209
-4.78219
-4.78113
-4.77888
-4.7755
-4.77113
-4.7659
-4.75998
-4.75361
-4.7471
-4.74073
-4.73464
-4.72889
-4.7236
-4.71885
-4.71462
-4.71081
-4.70737
-4.70394
-1.27999
-1.39987
-1.56539
-1.75371
-1.94308
-2.1227
-2.2873
-2.43549
-2.56838
-2.68798
-2.79615
-2.89425
-2.98346
-3.06491
-3.13958
-3.20827
-3.27161
-3.33009
-3.38421
-3.43449
-3.48144
-3.52561
-3.56751
-3.60754
-3.64597
-3.683
-3.71869
-3.75308
-3.7862
-3.81817
-3.84917
-3.87944
-3.90917
-3.93855
-3.96766
-3.99644
-4.02474
-4.05244
-4.07947
-4.10581
-4.1315
-4.15665
-4.1813
-4.20535
-4.22867
-4.25115
-4.27278
-4.29362
-4.31385
-4.33371
-4.35346
-4.37323
-4.39302
-4.41277
-4.43246
-4.45217
-4.47199
-4.49194
-4.51192
-4.53172
-4.55113
-4.56999
-4.58829
-4.60603
-4.62315
-4.63956
-4.65516
-4.66982
-4.6835
-4.69623
-4.7081
-4.71915
-4.72936
-4.73878
-4.74749
-4.75546
-4.76258
-4.7687
-4.7737
-4.7775
-4.78003
-4.78131
-4.78134
-4.7801
-4.7776
-4.77395
-4.76936
-4.76402
-4.75812
-4.75189
-4.74565
-4.73965
-4.734
-4.72873
-4.72388
-4.7195
-4.71556
-4.71192
-4.70855
-4.70504
-1.61427
-1.69319
-1.80665
-1.94394
-2.0904
-2.2365
-2.37637
-2.5068
-2.62669
-2.73639
-2.83689
-2.92912
-3.01385
-3.09179
-3.1636
-3.22987
-3.29114
-3.34787
-3.40049
-3.44946
-3.49527
-3.53841
-3.57932
-3.61837
-3.65584
-3.69185
-3.7265
-3.75986
-3.792
-3.82305
-3.85321
-3.8827
-3.91171
-3.94039
-3.96881
-3.99687
-4.02444
-4.05143
-4.07782
-4.10362
-4.12892
-4.15385
-4.17845
-4.20263
-4.22623
-4.24914
-4.27133
-4.29283
-4.31374
-4.33425
-4.35457
-4.37478
-4.39485
-4.41469
-4.43435
-4.45395
-4.47361
-4.49332
-4.51296
-4.53229
-4.55108
-4.56922
-4.58671
-4.60359
-4.61981
-4.63528
-4.64993
-4.66375
-4.67679
-4.68914
-4.70091
-4.71211
-4.72273
-4.73278
-4.74227
-4.7511
-4.75905
-4.76591
-4.77153
-4.77578
-4.77858
-4.77992
-4.77984
-4.77839
-4.77561
-4.77169
-4.76688
-4.76147
-4.75568
-4.74975
-4.74395
-4.73852
-4.73354
-4.72898
-4.72481
-4.72103
-4.71754
-4.71421
-4.71097
-4.70742
-1.88567
-1.94024
-2.02127
-2.12384
-2.23816
-2.35648
-2.47369
-2.58654
-2.69312
-2.79263
-2.88508
-2.97089
-3.0505
-3.12432
-3.19275
-3.25621
-3.31507
-3.36974
-3.42063
-3.46811
-3.51259
-3.55453
-3.59432
-3.63225
-3.66856
-3.70341
-3.73689
-3.76911
-3.80016
-3.83017
-3.85937
-3.88797
-3.91612
-3.94395
-3.97151
-3.99871
-4.02543
-4.05164
-4.07734
-4.1026
-4.12751
-4.1522
-4.1767
-4.20092
-4.2247
-4.24792
-4.27052
-4.29248
-4.31387
-4.33483
-4.35551
-4.37594
-4.39606
-4.41581
-4.43528
-4.45464
-4.47402
-4.4934
-4.5126
-4.5314
-4.54959
-4.5671
-4.58397
-4.60022
-4.61579
-4.63057
-4.64456
-4.65782
-4.67046
-4.68261
-4.69435
-4.7057
-4.71662
-4.72713
-4.73717
-4.7466
-4.75512
-4.76247
-4.76848
-4.77303
-4.77598
-4.7773
-4.77707
-4.77539
-4.77237
-4.76824
-4.76332
-4.75796
-4.75242
-4.74695
-4.74178
-4.73713
-4.73301
-4.72934
-4.72602
-4.72301
-4.72013
-4.7172
-4.71417
-4.71066
-2.11361
-2.15264
-2.21224
-2.29029
-2.38056
-2.47698
-2.57508
-2.67195
-2.76568
-2.85502
-2.93936
-3.01854
-3.09269
-3.162
-3.22666
-3.28694
-3.34315
-3.39557
-3.44451
-3.49031
-3.53332
-3.5739
-3.61238
-3.64903
-3.68405
-3.7176
-3.74981
-3.7808
-3.81067
-3.83958
-3.86773
-3.89531
-3.92248
-3.94933
-3.97591
-4.00214
-4.02796
-4.05337
-4.07843
-4.10317
-4.12768
-4.15208
-4.1764
-4.20053
-4.2243
-4.24758
-4.27031
-4.29244
-4.31404
-4.33518
-4.35594
-4.37632
-4.39626
-4.41574
-4.43487
-4.45387
-4.47287
-4.49181
-4.51052
-4.52879
-4.54649
-4.56359
-4.58012
-4.59608
-4.61137
-4.62587
-4.63961
-4.65268
-4.66525
-4.6774
-4.68918
-4.70062
-4.71168
-4.72235
-4.73258
-4.74217
-4.75081
-4.75823
-4.76428
-4.76882
-4.7717
-4.77288
-4.77245
-4.77059
-4.76743
-4.76324
-4.75838
-4.75326
-4.74818
-4.74337
-4.73904
-4.73533
-4.73224
-4.7296
-4.72726
-4.72509
-4.72292
-4.72049
-4.71774
-4.71435
-2.30837
-2.33778
-2.38313
-2.44354
-2.51543
-2.59452
-2.67695
-2.76007
-2.8421
-2.9217
-2.99804
-3.07059
-3.13915
-3.20373
-3.26441
-3.32133
-3.37468
-3.42465
-3.47149
-3.51545
-3.55681
-3.59586
-3.63287
-3.66805
-3.70164
-3.73379
-3.76464
-3.79432
-3.82296
-3.85069
-3.87771
-3.90419
-3.93027
-3.95602
-3.98153
-4.00677
-4.0317
-4.05637
-4.08082
-4.10507
-4.12918
-4.15325
-4.17728
-4.20115
-4.22469
-4.24777
-4.27035
-4.2924
-4.31394
-4.335
-4.35561
-4.37573
-4.39532
-4.41442
-4.43315
-4.45173
-4.47028
-4.48875
-4.50696
-4.52478
-4.54216
-4.5591
-4.57559
-4.59159
-4.60695
-4.62156
-4.63544
-4.6487
-4.66147
-4.67379
-4.68568
-4.69713
-4.70814
-4.71867
-4.72866
-4.73792
-4.74616
-4.75315
-4.75878
-4.76293
-4.76547
-4.76636
-4.76572
-4.76374
-4.76061
-4.75659
-4.75207
-4.74747
-4.7431
-4.73917
-4.73585
-4.73324
-4.73128
-4.72972
-4.72839
-4.72711
-4.72565
-4.72376
-4.72137
-4.71816
-2.47708
-2.50038
-2.53626
-2.58408
-2.64191
-2.70714
-2.7767
-2.84818
-2.9199
-2.99058
-3.05926
-3.1253
-3.18832
-3.24814
-3.30475
-3.35818
-3.40854
-3.45594
-3.50054
-3.5425
-3.58204
-3.61938
-3.65474
-3.68832
-3.72035
-3.75101
-3.78042
-3.80874
-3.83608
-3.86258
-3.8884
-3.9137
-3.93859
-3.96318
-3.98758
-4.01183
-4.03593
-4.05991
-4.08379
-4.10758
-4.13128
-4.15496
-4.17858
-4.20203
-4.22513
-4.24781
-4.27006
-4.29185
-4.31316
-4.33399
-4.35431
-4.37409
-4.39332
-4.41205
-4.43042
-4.44861
-4.46676
-4.4848
-4.50262
-4.52013
-4.53736
-4.55434
-4.57101
-4.58727
-4.60294
-4.61789
-4.63215
-4.64583
-4.65897
-4.67156
-4.68357
-4.69497
-4.70576
-4.71588
-4.72526
-4.73374
-4.74111
-4.74722
-4.75199
-4.75537
-4.7573
-4.75777
-4.75693
-4.75499
-4.75212
-4.74858
-4.74473
-4.74097
-4.7376
-4.73478
-4.73262
-4.73119
-4.73038
-4.72991
-4.72954
-4.72908
-4.72828
-4.72689
-4.72484
-4.72185
-2.62546
-2.64426
-2.67335
-2.71215
-2.75942
-2.81358
-2.87251
-2.93418
-2.99693
-3.05958
-3.12117
-3.18099
-3.23861
-3.29376
-3.34631
-3.39623
-3.44354
-3.48828
-3.53051
-3.57035
-3.60792
-3.64339
-3.67695
-3.70881
-3.73919
-3.76827
-3.79619
-3.82309
-3.84909
-3.8743
-3.89886
-3.9229
-3.94654
-3.96993
-3.99324
-4.01653
-4.03983
-4.06315
-4.08649
-4.10981
-4.13308
-4.15628
-4.17939
-4.20228
-4.22482
-4.247
-4.26884
-4.2903
-4.31133
-4.33188
-4.35192
-4.37142
-4.39038
-4.40887
-4.42703
-4.445
-4.46289
-4.48068
-4.49828
-4.51568
-4.53294
-4.55008
-4.56702
-4.58358
-4.59958
-4.61491
-4.62959
-4.6437
-4.65722
-4.67005
-4.68212
-4.6934
-4.70385
-4.71337
-4.7219
-4.72931
-4.73549
-4.74038
-4.74399
-4.74635
-4.74749
-4.74749
-4.74654
-4.74482
-4.74249
-4.73977
-4.73695
-4.73438
-4.73227
-4.73075
-4.72986
-4.72964
-4.72993
-4.73045
-4.73093
-4.73115
-4.73086
-4.72984
-4.72805
-4.72525
-2.75753
-2.77255
-2.79627
-2.82824
-2.86754
-2.91303
-2.96323
-3.01656
-3.07157
-3.12709
-3.18221
-3.23625
-3.28874
-3.33938
-3.38798
-3.43444
-3.47869
-3.52071
-3.56051
-3.59811
-3.63359
-3.66707
-3.69873
-3.72879
-3.75743
-3.78486
-3.81123
-3.83668
-3.86131
-3.8852
-3.90845
-3.93119
-3.95356
-3.97578
-3.99803
-4.0204
-4.04292
-4.06559
-4.08838
-4.1112
-4.13395
-4.15658
-4.17907
-4.20131
-4.22324
-4.2449
-4.26632
-4.28744
-4.30819
-4.3285
-4.34833
-4.36768
-4.38656
-4.40504
-4.42323
-4.44124
-4.45913
-4.47692
-4.49455
-4.51205
-4.52948
-4.54684
-4.564
-4.58076
-4.59697
-4.61253
-4.62746
-4.64181
-4.65552
-4.66843
-4.68043
-4.69147
-4.70149
-4.71033
-4.71791
-4.72417
-4.72908
-4.73267
-4.73503
-4.73632
-4.73667
-4.73626
-4.73531
-4.734
-4.73248
-4.73087
-4.72938
-4.72825
-4.72762
-4.72752
-4.72796
-4.7289
-4.73019
-4.73154
-4.73267
-4.73337
-4.73339
-4.73256
-4.73091
-4.72824
-2.87563
-2.88749
-2.90679
-2.93333
-2.9664
-3.00509
-3.04821
-3.09452
-3.14284
-3.19208
-3.24141
-3.29018
-3.33791
-3.3843
-3.42912
-3.47221
-3.51345
-3.55277
-3.59008
-3.62537
-3.65867
-3.69008
-3.71978
-3.74793
-3.77477
-3.8005
-3.82529
-3.84927
-3.87252
-3.89507
-3.91702
-3.9385
-3.95968
-3.98079
-4.00204
-4.02352
-4.04527
-4.06728
-4.08947
-4.1117
-4.13381
-4.15576
-4.17752
-4.19906
-4.22037
-4.2415
-4.26249
-4.28329
-4.30376
-4.32385
-4.34357
-4.36292
-4.38193
-4.40064
-4.41912
-4.43744
-4.45563
-4.4737
-4.49163
-4.50943
-4.52714
-4.54472
-4.562
-4.57881
-4.595
-4.61054
-4.62544
-4.63972
-4.65328
-4.66597
-4.67767
-4.68832
-4.69779
-4.70592
-4.71262
-4.71787
-4.7217
-4.72419
-4.72551
-4.72593
-4.72568
-4.72502
-4.72421
-4.72347
-4.72291
-4.72258
-4.72258
-4.72303
-4.72398
-4.72535
-4.72707
-4.72908
-4.7312
-4.73316
-4.73469
-4.73561
-4.7357
-4.73487
-4.73323
-4.73065
-2.98127
-2.9907
-3.00648
-3.02862
-3.05669
-3.08994
-3.12732
-3.1678
-3.21039
-3.25418
-3.2984
-3.34243
-3.38585
-3.42832
-3.46959
-3.50946
-3.54777
-3.58439
-3.6192
-3.65214
-3.68321
-3.7125
-3.74014
-3.76633
-3.79132
-3.81533
-3.83854
-3.86107
-3.88296
-3.90423
-3.92498
-3.94533
-3.96544
-3.98554
-4.00586
-4.02651
-4.04749
-4.06879
-4.09028
-4.11178
-4.13312
-4.15425
-4.17521
-4.196
-4.21665
-4.23724
-4.25777
-4.27819
-4.29836
-4.31824
-4.33788
-4.35734
-4.37663
-4.39575
-4.41472
-4.43357
-4.45228
-4.47086
-4.48928
-4.50752
-4.52557
-4.54334
-4.56066
-4.57735
-4.59335
-4.60862
-4.62317
-4.63702
-4.65007
-4.66219
-4.67328
-4.6833
-4.69211
-4.69955
-4.70554
-4.71009
-4.71325
-4.7151
-4.71585
-4.71582
-4.71533
-4.71469
-4.7142
-4.7141
-4.71452
-4.71547
-4.71694
-4.71896
-4.72144
-4.72421
-4.72712
-4.73003
-4.73277
-4.73508
-4.73674
-4.7376
-4.73753
-4.73651
-4.73477
-4.73228
-3.07609
-3.08369
-3.09678
-3.11543
-3.13946
-3.16829
-3.20096
-3.23661
-3.27438
-3.31349
-3.35326
-3.39313
-3.43269
-3.47158
-3.50954
-3.54634
-3.58181
-3.61577
-3.64808
-3.67865
-3.70746
-3.73457
-3.76012
-3.78432
-3.80746
-3.82977
-3.85144
-3.87258
-3.89322
-3.91336
-3.93307
-3.95246
-3.97165
-3.99087
-4.01035
-4.03019
-4.05039
-4.0709
-4.09158
-4.11221
-4.13264
-4.15285
-4.17293
-4.19293
-4.21289
-4.23287
-4.25287
-4.27283
-4.29262
-4.31225
-4.33182
-4.35142
-4.37103
-4.39061
-4.41014
-4.42957
-4.44887
-4.46803
-4.48698
-4.50566
-4.52402
-4.54192
-4.55919
-4.57568
-4.59135
-4.60619
-4.62018
-4.63331
-4.64552
-4.65675
-4.66696
-4.67613
-4.68417
-4.69096
-4.69646
-4.70071
-4.70373
-4.70555
-4.70634
-4.70644
-4.70618
-4.70588
-4.70587
-4.70645
-4.70778
-4.70985
-4.71262
-4.71602
-4.71985
-4.72384
-4.72773
-4.73134
-4.73448
-4.73691
-4.73845
-4.73902
-4.73858
-4.73725
-4.73536
-4.73299
-3.16197
-3.16811
-3.17913
-3.19508
-3.21586
-3.24105
-3.26986
-3.30149
-3.33521
-3.37034
-3.40628
-3.44251
-3.4786
-3.51422
-3.54908
-3.58296
-3.61567
-3.64703
-3.67687
-3.70509
-3.73164
-3.75657
-3.78003
-3.80228
-3.82361
-3.84429
-3.86451
-3.88439
-3.90394
-3.92313
-3.942
-3.96059
-3.97902
-3.99748
-4.01619
-4.03525
-4.05464
-4.0743
-4.09406
-4.11371
-4.13313
-4.15236
-4.17152
-4.19069
-4.20992
-4.22922
-4.24861
-4.26801
-4.28736
-4.30668
-4.32613
-4.3458
-4.36567
-4.38563
-4.40558
-4.42545
-4.4452
-4.46478
-4.4841
-4.50306
-4.52157
-4.53947
-4.55659
-4.57282
-4.58812
-4.60246
-4.61579
-4.62808
-4.63932
-4.64951
-4.65869
-4.66691
-4.67414
-4.68036
-4.68559
-4.68991
-4.69327
-4.69563
-4.69706
-4.69785
-4.69829
-4.69867
-4.69932
-4.70059
-4.70269
-4.70563
-4.70939
-4.71384
-4.71872
-4.72365
-4.72828
-4.73238
-4.73572
-4.7381
-4.73938
-4.73955
-4.73867
-4.73698
-4.73496
-4.73277
-3.24071
-3.24561
-3.25499
-3.2688
-3.28697
-3.30917
-3.33475
-3.363
-3.39331
-3.42504
-3.45765
-3.49063
-3.52356
-3.55613
-3.58806
-3.61915
-3.6492
-3.67803
-3.70547
-3.73139
-3.75572
-3.77853
-3.79999
-3.82036
-3.83999
-3.85916
-3.87809
-3.89688
-3.91552
-3.93395
-3.95214
-3.97009
-3.98788
-4.00568
-4.0237
-4.042
-4.06056
-4.0793
-4.09807
-4.11668
-4.13506
-4.15329
-4.17153
-4.18986
-4.20832
-4.22691
-4.24563
-4.26443
-4.28328
-4.30226
-4.32153
-4.34118
-4.36114
-4.38124
-4.40135
-4.42136
-4.44122
-4.46088
-4.48023
-4.49915
-4.51751
-4.53518
-4.552
-4.56788
-4.58278
-4.59663
-4.60934
-4.62086
-4.63123
-4.64049
-4.64874
-4.65609
-4.6626
-4.66837
-4.67351
-4.67812
-4.68212
-4.68537
-4.68787
-4.68977
-4.69128
-4.69261
-4.69407
-4.69604
-4.69876
-4.7023
-4.70667
-4.71178
-4.71733
-4.72288
-4.72801
-4.73241
-4.73584
-4.73812
-4.73914
-4.73895
-4.73768
-4.73572
-4.73363
-4.73171
-3.31373
-3.31758
-3.32559
-3.33764
-3.35364
-3.37333
-3.39615
-3.42152
-3.44886
-3.47761
-3.50722
-3.53722
-3.56721
-3.59689
-3.62604
-3.65446
-3.68196
-3.70836
-3.73351
-3.75723
-3.77946
-3.80027
-3.81985
-3.83849
-3.85658
-3.87442
-3.89223
-3.91011
-3.92802
-3.94584
-3.96348
-3.98092
-3.99816
-4.01537
-4.03273
-4.0503
-4.06802
-4.08583
-4.10359
-4.12114
-4.13848
-4.15572
-4.17304
-4.19054
-4.20822
-4.2261
-4.24415
-4.26236
-4.28074
-4.29938
-4.31843
-4.33796
-4.35782
-4.3778
-4.39773
-4.4175
-4.43707
-4.45639
-4.47536
-4.49381
-4.51164
-4.52873
-4.545
-4.56038
-4.57481
-4.58817
-4.60037
-4.61134
-4.62114
-4.62982
-4.63748
-4.64426
-4.6503
-4.65579
-4.66093
-4.66588
-4.67055
-4.67478
-4.67847
-4.68167
-4.68444
-4.6869
-4.68929
-4.69198
-4.69522
-4.69914
-4.70381
-4.7092
-4.71504
-4.7209
-4.72632
-4.73092
-4.73442
-4.73666
-4.73753
-4.73713
-4.73565
-4.73355
-4.73152
-4.72995
-3.38199
-3.38497
-3.39181
-3.4023
-3.4164
-3.4339
-3.4543
-3.47712
-3.50181
-3.52782
-3.55465
-3.58184
-3.60904
-3.63598
-3.66248
-3.68835
-3.71344
-3.73757
-3.76055
-3.78222
-3.8025
-3.82147
-3.83935
-3.85646
-3.87321
-3.88992
-3.90682
-3.92397
-3.9413
-3.95861
-3.97579
-3.99276
-4.0095
-4.02616
-4.04289
-4.05973
-4.0766
-4.09346
-4.1102
-4.1267
-4.14299
-4.15925
-4.17568
-4.19235
-4.20929
-4.22649
-4.24395
-4.26165
-4.27962
-4.29796
-4.31679
-4.3361
-4.35569
-4.37531
-4.39477
-4.41398
-4.43293
-4.45155
-4.46974
-4.48733
-4.50423
-4.5204
-4.53581
-4.55044
-4.56423
-4.57707
-4.58883
-4.5995
-4.6091
-4.61766
-4.62523
-4.63188
-4.63779
-4.6432
-4.64841
-4.6536
-4.65876
-4.66376
-4.6685
-4.67293
-4.67698
-4.68063
-4.68404
-4.6875
-4.69124
-4.69542
-4.70019
-4.7056
-4.71146
-4.71741
-4.72297
-4.72774
-4.73138
-4.7337
-4.73461
-4.73419
-4.73269
-4.73063
-4.72876
-4.72759
-3.44607
-3.44828
-3.45405
-3.46312
-3.47548
-3.491
-3.50923
-3.52972
-3.55195
-3.57541
-3.5996
-3.62413
-3.64869
-3.67305
-3.69704
-3.72053
-3.74338
-3.76539
-3.78637
-3.80614
-3.82465
-3.84198
-3.85838
-3.8742
-3.88986
-3.90568
-3.92185
-3.93842
-3.95524
-3.9721
-3.98883
-4.00532
-4.02155
-4.03763
-4.05371
-4.06978
-4.08578
-4.10166
-4.11735
-4.13278
-4.14803
-4.16331
-4.17884
-4.19472
-4.21095
-4.22754
-4.24448
-4.26176
-4.27941
-4.29749
-4.31607
-4.33507
-4.35426
-4.37334
-4.39216
-4.41063
-4.42876
-4.44647
-4.46364
-4.4801
-4.49579
-4.51076
-4.52504
-4.53867
-4.55162
-4.56381
-4.57514
-4.58564
-4.59534
-4.60418
-4.61209
-4.61906
-4.62521
-4.63079
-4.63611
-4.6414
-4.64677
-4.65219
-4.65763
-4.66301
-4.66816
-4.67295
-4.67742
-4.68173
-4.68605
-4.69054
-4.6954
-4.70076
-4.70654
-4.71247
-4.71812
-4.72305
-4.72691
-4.72944
-4.73055
-4.73029
-4.72895
-4.72705
-4.72542
-4.72463
-3.50627
-3.50775
-3.5125
-3.52023
-3.531
-3.54471
-3.56096
-3.5793
-3.59924
-3.62031
-3.64204
-3.66409
-3.68619
-3.70814
-3.72983
-3.75113
-3.77191
-3.79197
-3.81112
-3.82919
-3.84613
-3.86206
-3.87724
-3.89204
-3.90686
-3.92199
-3.93759
-3.95365
-3.96998
-3.98633
-4.00253
-4.01847
-4.0341
-4.04953
-4.06487
-4.08012
-4.09518
-4.11003
-4.12463
-4.13895
-4.15312
-4.16741
-4.18206
-4.19716
-4.21273
-4.22875
-4.24522
-4.26213
-4.27945
-4.29723
-4.31548
-4.33406
-4.3527
-4.37114
-4.38921
-4.40688
-4.42414
-4.4409
-4.45699
-4.47226
-4.48668
-4.50036
-4.51341
-4.52592
-4.53791
-4.54933
-4.56017
-4.57051
-4.58037
-4.58964
-4.59813
-4.6057
-4.61238
-4.61834
-4.62384
-4.62915
-4.63447
-4.63994
-4.64565
-4.65157
-4.65752
-4.6633
-4.66882
-4.6741
-4.67919
-4.68421
-4.68934
-4.69477
-4.70052
-4.70641
-4.7121
-4.71717
-4.72124
-4.72404
-4.72544
-4.72548
-4.72441
-4.72277
-4.72139
-4.72094
-3.56285
-3.56359
-3.56736
-3.57385
-3.58318
-3.59527
-3.60973
-3.62612
-3.64398
-3.66286
-3.68236
-3.70215
-3.72201
-3.74179
-3.76139
-3.78071
-3.79961
-3.8179
-3.8354
-3.85196
-3.86757
-3.88235
-3.89659
-3.91063
-3.92482
-3.93941
-3.95449
-3.97002
-3.98577
-4.00149
-4.01701
-4.03224
-4.04713
-4.06179
-4.07629
-4.09061
-4.10466
-4.11841
-4.13186
-4.14505
-4.15813
-4.17143
-4.18521
-4.19956
-4.21447
-4.22992
-4.24591
-4.26238
-4.27928
-4.29662
-4.31436
-4.33233
-4.35027
-4.36793
-4.38519
-4.40206
-4.41849
-4.43436
-4.44947
-4.46367
-4.47698
-4.48955
-4.50155
-4.51306
-4.52414
-4.53478
-4.54506
-4.55511
-4.56498
-4.57453
-4.58348
-4.59164
-4.59894
-4.60541
-4.61119
-4.61653
-4.62169
-4.62695
-4.63257
-4.63863
-4.64505
-4.65163
-4.65818
-4.66458
-4.67071
-4.67657
-4.68227
-4.68798
-4.6938
-4.69965
-4.70528
-4.71035
-4.71452
-4.71752
-4.71922
-4.71961
-4.71889
-4.71754
-4.7164
-4.71621
-3.61618
-3.6162
-3.61904
-3.62445
-3.63254
-3.64323
-3.65611
-3.67077
-3.68677
-3.70371
-3.72122
-3.73901
-3.75689
-3.77475
-3.79251
-3.81006
-3.82727
-3.84397
-3.86
-3.87526
-3.88975
-3.90364
-3.91715
-3.93061
-3.94429
-3.95838
-3.97291
-3.98778
-4.00279
-4.01768
-4.03233
-4.04667
-4.06068
-4.07442
-4.08797
-4.10127
-4.11422
-4.12681
-4.13908
-4.15113
-4.16315
-4.17551
-4.18846
-4.20208
-4.21634
-4.23119
-4.2466
-4.2625
-4.27882
-4.29551
-4.3125
-4.32965
-4.34669
-4.36343
-4.3798
-4.39581
-4.41142
-4.42647
-4.44075
-4.45412
-4.46663
-4.47847
-4.48979
-4.50065
-4.51109
-4.52111
-4.53083
-4.54043
-4.55
-4.5594
-4.56841
-4.57684
-4.58457
-4.59151
-4.59765
-4.60312
-4.60819
-4.61324
-4.61862
-4.6246
-4.63125
-4.63846
-4.64603
-4.65365
-4.66106
-4.66805
-4.67459
-4.68077
-4.68671
-4.69245
-4.69786
-4.7027
-4.70673
-4.70976
-4.71164
-4.71234
-4.71198
-4.71096
-4.71006
-4.71007
-3.66684
-3.66622
-3.66828
-3.6728
-3.67985
-3.68932
-3.70083
-3.71396
-3.72833
-3.74356
-3.75932
-3.77536
-3.79152
-3.80771
-3.82383
-3.83979
-3.85546
-3.87072
-3.88545
-3.89958
-3.91315
-3.92629
-3.93922
-3.95218
-3.96537
-3.97889
-3.99273
-4.00677
-4.02082
-4.03467
-4.04826
-4.06155
-4.07452
-4.08723
-4.09972
-4.11191
-4.1237
-4.13512
-4.14624
-4.15721
-4.16827
-4.17978
-4.192
-4.20495
-4.21857
-4.23278
-4.24754
-4.26275
-4.27832
-4.29417
-4.31023
-4.32635
-4.34232
-4.358
-4.37335
-4.38841
-4.40313
-4.41736
-4.43089
-4.44363
-4.45565
-4.46714
-4.4782
-4.48883
-4.49897
-4.50863
-4.5179
-4.52696
-4.53592
-4.54471
-4.55322
-4.5614
-4.56918
-4.57639
-4.58289
-4.58866
-4.59388
-4.59891
-4.60419
-4.61011
-4.61693
-4.62469
-4.63318
-4.64203
-4.65079
-4.65904
-4.66655
-4.67326
-4.6793
-4.68479
-4.68974
-4.69407
-4.69768
-4.70049
-4.70238
-4.70331
-4.70329
-4.70263
-4.702
-4.70221
-3.71553
-3.71442
-3.71591
-3.7197
-3.72587
-3.73427
-3.74453
-3.75628
-3.76916
-3.78285
-3.79705
-3.81155
-3.82619
-3.84087
-3.85549
-3.86996
-3.88421
-3.89814
-3.91167
-3.92479
-3.93753
-3.95001
-3.9624
-3.97483
-3.98744
-4.00027
-4.01324
-4.02625
-4.03913
-4.05177
-4.06415
-4.07625
-4.08806
-4.09963
-4.11098
-4.122
-4.13263
-4.1429
-4.15297
-4.16301
-4.17328
-4.18412
-4.19573
-4.20811
-4.22113
-4.2347
-4.24878
-4.26325
-4.27801
-4.29297
-4.30802
-4.32304
-4.33786
-4.35238
-4.36662
-4.38062
-4.39435
-4.40768
-4.42046
-4.43263
-4.44433
-4.45568
-4.46673
-4.47737
-4.48749
-4.49701
-4.506
-4.51457
-4.5228
-4.53069
-4.53828
-4.54572
-4.55307
-4.56022
-4.56697
-4.57316
-4.57885
-4.58425
-4.58976
-4.59585
-4.60293
-4.61118
-4.62046
-4.63035
-4.64029
-4.64969
-4.65806
-4.66522
-4.67123
-4.67628
-4.68052
-4.68406
-4.68699
-4.68935
-4.69112
-4.6922
-4.69255
-4.69231
-4.69204
-4.69251
-3.76289
-3.76146
-3.76253
-3.76572
-3.77106
-3.77842
-3.78746
-3.79786
-3.80932
-3.82156
-3.83431
-3.84737
-3.86057
-3.8738
-3.88696
-3.90001
-3.91287
-3.92552
-3.93793
-3.95008
-3.96203
-3.97386
-3.98566
-3.99748
-4.00939
-4.02135
-4.03327
-4.04507
-4.05665
-4.06794
-4.07899
-4.08981
-4.1004
-4.11076
-4.12091
-4.13076
-4.14026
-4.14951
-4.15869
-4.168
-4.17769
-4.18804
-4.19919
-4.21109
-4.22357
-4.23656
-4.25
-4.26379
-4.27781
-4.29194
-4.30606
-4.32005
-4.33379
-4.3472
-4.36034
-4.37327
-4.38598
-4.39838
-4.41036
-4.42195
-4.43329
-4.44447
-4.45546
-4.46608
-4.47617
-4.48563
-4.49447
-4.5027
-4.51032
-4.51734
-4.52391
-4.53034
-4.53691
-4.54366
-4.55043
-4.55707
-4.56346
-4.56963
-4.5758
-4.5824
-4.58992
-4.59861
-4.60842
-4.61899
-4.62971
-4.63986
-4.6488
-4.65615
-4.66192
-4.66634
-4.66968
-4.67225
-4.67434
-4.67615
-4.67774
-4.679
-4.67977
-4.68006
-4.68025
-4.68105
-3.80922
-3.8076
-3.80834
-3.81092
-3.81535
-3.8216
-3.82935
-3.83836
-3.84838
-3.85916
-3.87046
-3.88206
-3.8938
-3.90556
-3.91727
-3.9289
-3.94043
-3.95185
-3.96317
-3.9744
-3.98557
-3.99672
-4.00786
-4.01897
-4.03003
-4.04097
-4.0517
-4.06218
-4.07235
-4.08223
-4.0919
-4.10141
-4.11072
-4.11985
-4.12881
-4.13753
-4.14601
-4.15439
-4.16288
-4.17167
-4.18096
-4.19096
-4.20175
-4.21322
-4.2252
-4.23765
-4.25053
-4.26376
-4.27717
-4.29062
-4.30399
-4.31716
-4.33003
-4.34255
-4.35479
-4.36684
-4.37867
-4.39023
-4.40147
-4.41246
-4.42333
-4.43414
-4.44478
-4.45507
-4.46485
-4.47407
-4.48271
-4.49073
-4.49802
-4.50448
-4.51028
-4.5158
-4.52148
-4.52758
-4.53416
-4.54113
-4.54831
-4.55549
-4.56265
-4.57008
-4.57817
-4.58722
-4.59724
-4.60798
-4.6189
-4.62924
-4.63826
-4.64547
-4.65082
-4.65451
-4.65693
-4.65852
-4.65978
-4.66109
-4.66256
-4.66407
-4.66535
-4.66623
-4.66696
-4.66809
-3.85439
-3.8526
-3.85295
-3.8548
-3.85821
-3.8632
-3.86956
-3.87709
-3.88559
-3.89484
-3.9046
-3.91468
-3.9249
-3.93518
-3.94546
-3.95572
-3.96599
-3.97628
-3.9866
-3.99697
-4.00739
-4.01783
-4.02825
-4.03855
-4.04866
-4.05847
-4.06792
-4.07702
-4.08576
-4.09423
-4.10253
-4.11073
-4.11879
-4.12672
-4.13455
-4.14224
-4.14983
-4.15751
-4.1655
-4.17392
-4.18291
-4.19261
-4.20303
-4.21405
-4.22553
-4.23745
-4.24983
-4.26256
-4.27548
-4.2884
-4.30122
-4.3138
-4.32608
-4.33803
-4.34972
-4.36122
-4.37249
-4.38349
-4.39418
-4.40464
-4.41498
-4.42522
-4.4352
-4.44473
-4.45376
-4.46234
-4.47053
-4.47829
-4.48543
-4.49174
-4.49725
-4.50228
-4.50731
-4.51279
-4.51904
-4.52618
-4.53403
-4.54222
-4.55048
-4.55884
-4.56752
-4.57675
-4.5866
-4.59697
-4.60746
-4.6174
-4.62603
-4.63282
-4.63764
-4.64068
-4.64233
-4.64315
-4.64379
-4.64476
-4.64623
-4.64806
-4.64987
-4.65134
-4.65258
-4.65399
-3.89788
-3.89582
-3.89565
-3.8966
-3.89884
-3.90247
-3.90734
-3.9133
-3.9202
-3.92784
-3.93601
-3.94452
-3.95324
-3.9621
-3.97107
-3.98013
-3.98931
-3.99863
-4.0081
-4.01772
-4.02742
-4.03716
-4.04681
-4.05624
-4.06532
-4.07396
-4.08212
-4.08984
-4.0972
-4.1043
-4.1113
-4.11824
-4.12511
-4.13191
-4.13871
-4.14551
-4.15237
-4.1595
-4.16708
-4.17521
-4.18391
-4.19326
-4.20325
-4.21374
-4.22466
-4.23602
-4.24787
-4.26013
-4.27258
-4.28505
-4.29742
-4.3096
-4.32153
-4.33321
-4.34467
-4.35596
-4.36702
-4.37777
-4.38817
-4.39825
-4.4081
-4.41769
-4.42683
-4.43537
-4.44331
-4.45085
-4.45819
-4.46542
-4.47239
-4.47883
-4.48457
-4.48971
-4.49461
-4.49978
-4.50576
-4.5129
-4.52113
-4.53004
-4.53916
-4.54827
-4.55737
-4.56654
-4.57588
-4.58544
-4.59501
-4.60409
-4.61199
-4.61821
-4.62256
-4.62515
-4.62635
-4.62675
-4.62708
-4.62791
-4.62948
-4.63164
-4.63391
-4.63586
-4.63745
-4.63901
-3.939
-3.93654
-3.93567
-3.93561
-3.93661
-3.93884
-3.9422
-3.94659
-3.95187
-3.9579
-3.9645
-3.97152
-3.97888
-3.98652
-3.9944
-4.0025
-4.01083
-4.0194
-4.02819
-4.03716
-4.04622
-4.05526
-4.06413
-4.07265
-4.08068
-4.08815
-4.09503
-4.10144
-4.10748
-4.1133
-4.11906
-4.12484
-4.1306
-4.13639
-4.14229
-4.14832
-4.15458
-4.16125
-4.1685
-4.17633
-4.1847
-4.19363
-4.20309
-4.21298
-4.22327
-4.23403
-4.24531
-4.25703
-4.26897
-4.28096
-4.29289
-4.30473
-4.31645
-4.328
-4.3394
-4.35064
-4.36165
-4.37232
-4.38256
-4.39238
-4.40182
-4.41083
-4.41922
-4.42682
-4.43369
-4.44006
-4.44628
-4.45265
-4.45922
-4.46581
-4.4721
-4.47791
-4.4833
-4.48864
-4.49454
-4.50154
-4.50975
-4.51884
-4.5283
-4.53775
-4.54696
-4.55585
-4.56448
-4.57302
-4.58145
-4.58947
-4.59653
-4.60217
-4.60619
-4.6086
-4.60969
-4.61001
-4.6103
-4.61116
-4.61286
-4.61523
-4.61777
-4.61996
-4.62168
-4.62319
-3.97728
-3.9743
-3.97262
-3.97154
-3.97134
-3.97225
-3.97418
-3.97708
-3.98084
-3.98537
-3.99054
-3.99628
-4.00252
-4.00919
-4.01624
-4.02364
-4.03135
-4.03936
-4.04761
-4.05602
-4.06447
-4.07282
-4.08089
-4.08848
-4.09547
-4.10178
-4.10743
-4.11257
-4.11736
-4.12196
-4.12657
-4.13127
-4.13604
-4.14094
-4.14606
-4.15146
-4.15721
-4.1635
-4.17042
-4.17792
-4.1859
-4.19435
-4.20324
-4.21251
-4.22215
-4.23228
-4.24296
-4.25409
-4.26546
-4.27691
-4.2884
-4.29991
-4.31142
-4.32285
-4.33414
-4.34525
-4.3561
-4.36657
-4.37657
-4.38605
-4.39507
-4.40358
-4.41145
-4.41849
-4.42468
-4.43019
-4.43539
-4.44077
-4.44668
-4.4532
-4.46004
-4.46675
-4.47304
-4.47896
-4.48501
-4.49178
-4.49955
-4.5082
-4.51737
-4.52667
-4.53571
-4.54423
-4.55218
-4.55977
-4.56712
-4.5741
-4.58034
-4.58548
-4.5893
-4.59174
-4.59296
-4.59344
-4.59386
-4.59481
-4.59655
-4.59894
-4.60145
-4.60356
-4.60514
-4.60642
-4.01261
-4.00908
-4.00663
-4.00463
-4.0034
-4.00315
-4.00384
-4.00541
-4.00783
-4.01105
-4.01503
-4.01971
-4.02504
-4.03096
-4.03739
-4.04426
-4.0515
-4.05905
-4.06682
-4.07469
-4.08252
-4.09016
-4.0974
-4.10404
-4.10997
-4.11513
-4.11956
-4.12347
-4.12704
-4.1305
-4.13404
-4.13777
-4.14167
-4.1458
-4.15028
-4.15513
-4.16044
-4.16635
-4.17292
-4.18005
-4.1876
-4.19555
-4.20388
-4.21254
-4.22157
-4.2311
-4.24119
-4.25176
-4.26259
-4.27354
-4.28462
-4.29586
-4.30717
-4.31841
-4.32944
-4.34017
-4.35055
-4.36051
-4.36996
-4.37886
-4.38728
-4.39526
-4.40275
-4.40962
-4.41573
-4.42103
-4.42573
-4.43035
-4.43554
-4.44168
-4.44872
-4.45614
-4.46331
-4.46995
-4.47625
-4.48272
-4.48977
-4.49755
-4.50596
-4.51474
-4.52344
-4.53163
-4.53912
-4.54604
-4.55255
-4.55864
-4.56414
-4.56882
-4.57249
-4.57501
-4.57645
-4.57717
-4.57774
-4.57873
-4.58037
-4.58253
-4.58471
-4.58645
-4.58766
-4.58855
-4.04536
-4.04137
-4.03831
-4.03558
-4.03353
-4.03234
-4.03197
-4.03241
-4.03366
-4.03576
-4.03871
-4.04248
-4.04704
-4.0523
-4.05819
-4.06457
-4.07136
-4.07844
-4.08568
-4.09296
-4.10011
-4.10698
-4.11334
-4.119
-4.12385
-4.12784
-4.13108
-4.13378
-4.13621
-4.1386
-4.14119
-4.14408
-4.14725
-4.15074
-4.15465
-4.159
-4.16386
-4.16937
-4.17554
-4.18224
-4.18932
-4.19675
-4.20454
-4.21267
-4.22116
-4.23015
-4.23975
-4.24985
-4.26026
-4.27085
-4.28167
-4.29274
-4.30394
-4.31499
-4.32565
-4.33578
-4.34541
-4.35453
-4.36314
-4.37119
-4.37875
-4.38597
-4.39298
-4.3998
-4.40623
-4.41198
-4.41693
-4.42138
-4.42606
-4.43164
-4.43837
-4.44591
-4.45353
-4.46065
-4.46716
-4.47334
-4.47963
-4.48641
-4.4939
-4.50203
-4.51038
-4.5184
-4.5257
-4.53227
-4.5382
-4.54357
-4.54836
-4.55251
-4.55592
-4.55843
-4.56002
-4.56091
-4.56158
-4.5625
-4.56388
-4.56561
-4.56725
-4.56843
-4.56913
-4.56959
-4.07615
-4.07187
-4.0684
-4.06516
-4.06247
-4.0605
-4.05921
-4.05863
-4.05883
-4.05989
-4.06186
-4.06475
-4.06852
-4.07312
-4.07841
-4.08425
-4.09049
-4.09699
-4.10361
-4.11021
-4.11661
-4.12265
-4.1281
-4.13277
-4.13654
-4.13941
-4.1415
-4.1431
-4.1445
-4.14598
-4.14778
-4.15
-4.15257
-4.15551
-4.15889
-4.16274
-4.1671
-4.17212
-4.1778
-4.18401
-4.19057
-4.19746
-4.20472
-4.21233
-4.22033
-4.22887
-4.23805
-4.2478
-4.25793
-4.26834
-4.27905
-4.29008
-4.30123
-4.31215
-4.32244
-4.33195
-4.34074
-4.34894
-4.35662
-4.36374
-4.37033
-4.37657
-4.38281
-4.3893
-4.39601
-4.40249
-4.40825
-4.4132
-4.41781
-4.42284
-4.42885
-4.43581
-4.44319
-4.45035
-4.45692
-4.46291
-4.46866
-4.47464
-4.48135
-4.48893
-4.49702
-4.505
-4.51232
-4.51876
-4.5243
-4.52902
-4.53304
-4.53649
-4.5394
-4.54167
-4.54322
-4.54417
-4.54487
-4.54566
-4.54671
-4.54792
-4.54893
-4.54947
-4.54965
-4.54969
-4.10558
-4.10118
-4.09745
-4.09381
-4.09055
-4.08783
-4.08566
-4.08408
-4.08324
-4.08326
-4.08423
-4.08619
-4.08914
-4.09299
-4.09759
-4.10277
-4.10834
-4.11416
-4.12007
-4.12592
-4.13155
-4.13677
-4.14135
-4.14508
-4.14787
-4.14973
-4.15082
-4.15149
-4.15208
-4.15286
-4.15408
-4.15578
-4.15787
-4.16032
-4.16319
-4.16649
-4.17029
-4.17473
-4.17984
-4.18547
-4.19143
-4.19774
-4.20442
-4.2115
-4.21901
-4.22711
-4.2359
-4.24533
-4.25525
-4.26553
-4.27617
-4.28714
-4.29821
-4.30897
-4.31896
-4.32795
-4.33603
-4.34346
-4.35039
-4.35681
-4.36264
-4.36798
-4.37324
-4.37898
-4.38547
-4.39239
-4.39903
-4.40484
-4.40981
-4.4145
-4.41959
-4.42546
-4.43198
-4.43871
-4.44518
-4.45115
-4.45672
-4.46234
-4.46861
-4.47584
-4.48379
-4.49179
-4.49917
-4.50553
-4.5107
-4.51473
-4.51785
-4.52037
-4.52252
-4.52429
-4.52562
-4.52656
-4.52729
-4.52802
-4.52881
-4.52954
-4.52992
-4.52984
-4.52954
-4.52917
-4.13395
-4.12949
-4.12552
-4.12144
-4.11755
-4.11404
-4.11094
-4.10835
-4.10645
-4.10542
-4.10541
-4.10646
-4.10858
-4.11165
-4.11551
-4.11995
-4.12479
-4.12987
-4.13506
-4.1402
-4.14512
-4.14962
-4.15345
-4.15639
-4.15836
-4.1594
-4.15972
-4.15972
-4.15974
-4.16006
-4.1609
-4.16223
-4.16392
-4.1659
-4.16823
-4.17095
-4.17413
-4.17793
-4.1824
-4.18736
-4.19265
-4.19828
-4.20432
-4.21082
-4.21782
-4.22545
-4.23382
-4.24288
-4.25249
-4.26253
-4.27293
-4.28359
-4.29431
-4.3047
-4.31431
-4.32288
-4.33045
-4.33733
-4.34381
-4.34992
-4.35547
-4.36037
-4.36488
-4.36967
-4.37536
-4.38201
-4.389
-4.3955
-4.40098
-4.40554
-4.40979
-4.41439
-4.41973
-4.42574
-4.43203
-4.43816
-4.44396
-4.44969
-4.45592
-4.46302
-4.47085
-4.4788
-4.48613
-4.49229
-4.49697
-4.50016
-4.50221
-4.50361
-4.50481
-4.50595
-4.50702
-4.50799
-4.5089
-4.50976
-4.51046
-4.51084
-4.51068
-4.50999
-4.50918
-4.50835
-4.1612
-4.15658
-4.15227
-4.14762
-4.143
-4.13863
-4.13458
-4.13101
-4.12815
-4.1262
-4.12533
-4.12561
-4.12699
-4.12935
-4.1325
-4.13623
-4.14036
-4.14476
-4.1493
-4.15383
-4.15816
-4.16206
-4.16528
-4.16759
-4.16893
-4.16937
-4.16917
-4.16875
-4.16845
-4.16853
-4.16912
-4.17017
-4.17147
-4.17298
-4.17475
-4.17684
-4.17937
-4.18249
-4.18624
-4.19047
-4.19501
-4.19991
-4.20525
-4.21114
-4.21762
-4.22479
-4.23269
-4.24126
-4.25038
-4.25994
-4.26979
-4.27978
-4.2897
-4.29932
-4.30831
-4.31641
-4.32354
-4.32998
-4.3361
-4.34213
-4.34789
-4.35302
-4.35743
-4.36156
-4.3662
-4.37184
-4.37832
-4.38485
-4.39057
-4.39508
-4.3987
-4.40222
-4.40642
-4.41168
-4.41782
-4.42429
-4.43065
-4.43688
-4.44336
-4.45046
-4.4581
-4.46579
-4.47281
-4.47851
-4.48248
-4.48469
-4.48556
-4.4858
-4.48605
-4.48663
-4.48757
-4.48879
-4.49011
-4.49131
-4.4921
-4.49225
-4.49157
-4.49025
-4.48882
-4.48739
-4.18707
-4.18213
-4.17729
-4.17197
-4.16658
-4.16139
-4.15651
-4.15214
-4.14854
-4.14594
-4.14449
-4.14422
-4.14506
-4.14684
-4.14937
-4.15246
-4.15596
-4.15976
-4.16373
-4.16774
-4.17155
-4.17494
-4.17764
-4.17943
-4.18027
-4.1803
-4.17979
-4.17916
-4.17872
-4.17866
-4.17906
-4.17981
-4.1807
-4.18167
-4.18283
-4.18427
-4.18611
-4.18851
-4.19149
-4.19491
-4.19867
-4.20281
-4.20747
-4.21277
-4.21878
-4.22554
-4.23297
-4.24096
-4.2494
-4.25822
-4.26728
-4.27631
-4.28508
-4.29352
-4.30156
-4.30901
-4.31569
-4.32165
-4.32728
-4.33306
-4.33908
-4.34487
-4.34988
-4.35399
-4.35778
-4.36206
-4.36723
-4.37296
-4.37837
-4.38274
-4.38598
-4.3888
-4.3922
-4.39692
-4.40302
-4.40995
-4.41704
-4.42394
-4.43081
-4.4379
-4.44519
-4.45231
-4.45866
-4.4636
-4.46668
-4.46785
-4.46763
-4.46688
-4.46642
-4.4667
-4.46778
-4.46947
-4.47138
-4.47304
-4.47398
-4.47389
-4.47262
-4.47053
-4.46832
-4.46617
-4.2114
-4.20598
-4.20054
-4.19456
-4.18851
-4.18269
-4.17723
-4.17238
-4.16839
-4.16547
-4.16374
-4.16316
-4.16362
-4.16494
-4.16693
-4.16943
-4.17232
-4.17553
-4.17893
-4.18237
-4.18563
-4.18848
-4.19065
-4.19195
-4.19241
-4.19215
-4.19148
-4.19077
-4.19026
-4.19008
-4.19024
-4.19061
-4.19099
-4.19135
-4.19185
-4.1926
-4.19373
-4.19535
-4.19752
-4.20009
-4.20303
-4.20643
-4.21047
-4.21524
-4.22081
-4.22719
-4.2342
-4.24156
-4.24919
-4.25714
-4.26531
-4.27335
-4.28091
-4.28802
-4.29492
-4.30164
-4.30789
-4.31338
-4.31833
-4.32342
-4.32918
-4.33539
-4.34118
-4.34577
-4.34917
-4.35218
-4.35569
-4.36001
-4.3646
-4.36864
-4.37173
-4.3743
-4.37735
-4.38184
-4.38802
-4.39543
-4.40322
-4.41078
-4.41798
-4.42491
-4.43158
-4.43781
-4.44317
-4.44715
-4.44929
-4.44959
-4.44858
-4.44723
-4.44644
-4.44673
-4.44817
-4.45043
-4.45293
-4.45498
-4.45594
-4.45544
-4.45343
-4.45042
-4.44731
-4.44435
-4.2344
-4.22846
-4.22251
-4.21604
-4.20956
-4.20339
-4.19767
-4.19265
-4.18858
-4.18563
-4.18382
-4.18306
-4.18319
-4.18405
-4.18545
-4.18729
-4.18948
-4.19197
-4.19466
-4.1974
-4.19999
-4.20219
-4.20379
-4.20464
-4.20478
-4.20435
-4.20363
-4.2029
-4.20234
-4.20198
-4.20181
-4.2017
-4.20148
-4.20119
-4.201
-4.20105
-4.20143
-4.20228
-4.20359
-4.20527
-4.20737
-4.21007
-4.21352
-4.21776
-4.22286
-4.22881
-4.23535
-4.24206
-4.2488
-4.25578
-4.26309
-4.27033
-4.27696
-4.28293
-4.28873
-4.29478
-4.30078
-4.30608
-4.31044
-4.31449
-4.31923
-4.32499
-4.33098
-4.33596
-4.33926
-4.34133
-4.34332
-4.3461
-4.34966
-4.3533
-4.35641
-4.35911
-4.36223
-4.36674
-4.37307
-4.38082
-4.3891
-4.3971
-4.40441
-4.41095
-4.41677
-4.42188
-4.4261
-4.42909
-4.43048
-4.43024
-4.42889
-4.42738
-4.4266
-4.4271
-4.42891
-4.43161
-4.43448
-4.43666
-4.4374
-4.43632
-4.43343
-4.42942
-4.42541
-4.42169
-4.25661
-4.25026
-4.24401
-4.23731
-4.23064
-4.22436
-4.21862
-4.21366
-4.20968
-4.20677
-4.20489
-4.20389
-4.2036
-4.20384
-4.2045
-4.20549
-4.2068
-4.2084
-4.21021
-4.21211
-4.2139
-4.21541
-4.21646
-4.21692
-4.21687
-4.21641
-4.21574
-4.21506
-4.21444
-4.21387
-4.21332
-4.21268
-4.21184
-4.2109
-4.21004
-4.2094
-4.20906
-4.20911
-4.20957
-4.21037
-4.21162
-4.21361
-4.21648
-4.22014
-4.22459
-4.22988
-4.23579
-4.24177
-4.24752
-4.25341
-4.2598
-4.26641
-4.27247
-4.27767
-4.28258
-4.28803
-4.294
-4.29956
-4.30381
-4.30698
-4.31023
-4.31455
-4.31968
-4.32436
-4.32743
-4.32887
-4.32975
-4.3313
-4.33397
-4.33731
-4.34062
-4.34371
-4.34714
-4.3518
-4.35817
-4.36601
-4.37443
-4.38251
-4.38964
-4.3956
-4.40046
-4.40444
-4.40761
-4.40982
-4.41077
-4.41038
-4.40908
-4.4077
-4.40707
-4.40771
-4.40965
-4.41246
-4.41535
-4.41736
-4.41768
-4.41592
-4.41219
-4.4073
-4.40255
-4.39823
-4.27862
-4.27205
-4.26573
-4.25898
-4.25228
-4.246
-4.24033
-4.23548
-4.23156
-4.22861
-4.22652
-4.22509
-4.22416
-4.22359
-4.22332
-4.22331
-4.2236
-4.22418
-4.22504
-4.22605
-4.22708
-4.22797
-4.22859
-4.22885
-4.2288
-4.22848
-4.22798
-4.22742
-4.22678
-4.226
-4.22505
-4.2239
-4.22248
-4.22093
-4.21947
-4.21817
-4.21712
-4.21642
-4.21609
-4.21605
-4.21646
-4.21772
-4.21998
-4.22296
-4.22651
-4.23081
-4.2358
-4.24089
-4.24559
-4.25021
-4.25546
-4.26136
-4.26704
-4.27177
-4.27595
-4.28073
-4.28659
-4.29264
-4.29736
-4.30024
-4.30217
-4.30458
-4.30796
-4.31147
-4.31389
-4.3148
-4.31502
-4.31583
-4.31796
-4.32119
-4.32482
-4.32839
-4.33219
-4.33692
-4.34313
-4.35069
-4.35885
-4.36668
-4.37342
-4.37874
-4.38276
-4.38582
-4.38823
-4.38997
-4.39077
-4.39048
-4.38938
-4.38814
-4.38752
-4.38804
-4.38978
-4.39234
-4.39493
-4.39657
-4.39642
-4.39407
-4.38969
-4.3842
-4.37897
-4.37422
-4.30071
-4.29407
-4.28778
-4.28103
-4.27432
-4.26805
-4.26242
-4.25759
-4.25363
-4.25048
-4.24799
-4.24596
-4.24425
-4.24276
-4.24148
-4.24044
-4.23972
-4.23935
-4.23932
-4.23957
-4.23997
-4.24044
-4.24085
-4.24113
-4.24127
-4.24124
-4.24102
-4.24061
-4.23996
-4.23897
-4.23764
-4.23599
-4.23401
-4.23189
-4.22985
-4.22794
-4.2262
-4.2248
-4.2238
-4.22303
-4.22263
-4.22311
-4.22468
-4.2269
-4.22937
-4.23234
-4.2361
-4.24019
-4.24387
-4.24718
-4.25103
-4.25592
-4.26112
-4.26552
-4.26905
-4.27293
-4.27819
-4.28433
-4.28961
-4.29272
-4.29394
-4.2947
-4.2961
-4.29799
-4.2994
-4.29978
-4.29962
-4.30008
-4.30196
-4.30521
-4.30914
-4.31313
-4.31718
-4.32181
-4.32757
-4.33452
-4.34211
-4.34947
-4.35579
-4.36064
-4.36409
-4.36659
-4.36856
-4.37004
-4.37079
-4.37056
-4.36951
-4.3682
-4.36734
-4.36746
-4.36874
-4.37085
-4.37304
-4.37431
-4.37381
-4.37111
-4.36637
-4.36057
-4.35506
-4.34997
-4.32268
-4.31598
-4.30968
-4.30287
-4.29612
-4.28985
-4.28424
-4.27939
-4.27531
-4.27189
-4.26895
-4.2663
-4.26381
-4.26145
-4.25926
-4.25731
-4.25571
-4.25453
-4.25379
-4.25345
-4.25343
-4.25367
-4.25406
-4.25451
-4.25494
-4.25523
-4.25527
-4.25497
-4.25423
-4.25297
-4.25121
-4.24902
-4.24645
-4.24371
-4.24108
-4.23857
-4.23617
-4.23411
-4.23252
-4.23116
-4.23001
-4.22963
-4.2304
-4.23181
-4.23316
-4.23464
-4.23695
-4.24
-4.24285
-4.24508
-4.2475
-4.25111
-4.25563
-4.25976
-4.26281
-4.26563
-4.26961
-4.2749
-4.28004
-4.28329
-4.28425
-4.28399
-4.28386
-4.28427
-4.28469
-4.28459
-4.28422
-4.28449
-4.2862
-4.28941
-4.29348
-4.29768
-4.30176
-4.30609
-4.31121
-4.31737
-4.32425
-4.33113
-4.33718
-4.34184
-4.34507
-4.34728
-4.34892
-4.35012
-4.35063
-4.3502
-4.34892
-4.34729
-4.346
-4.34563
-4.34642
-4.34813
-4.35003
-4.3511
-4.35045
-4.34763
-4.34276
-4.33677
-4.33102
-4.32554
-4.34401
-4.33717
-4.33076
-4.32386
-4.3171
-4.31092
-4.30543
-4.30065
-4.29655
-4.29296
-4.28967
-4.2865
-4.28338
-4.2803
-4.27734
-4.27463
-4.27229
-4.27043
-4.26909
-4.26828
-4.26795
-4.26805
-4.26848
-4.26908
-4.26973
-4.27022
-4.27036
-4.27001
-4.26904
-4.26738
-4.2651
-4.26228
-4.25901
-4.25557
-4.2523
-4.24921
-4.24618
-4.24345
-4.2413
-4.23946
-4.23762
-4.23626
-4.23603
-4.23658
-4.2369
-4.23696
-4.23774
-4.23973
-4.24202
-4.24364
-4.24496
-4.24728
-4.25097
-4.25489
-4.25777
-4.25975
-4.26212
-4.26565
-4.26956
-4.27222
-4.27281
-4.27195
-4.2709
-4.27037
-4.27015
-4.26976
-4.26927
-4.26938
-4.27082
-4.27377
-4.27768
-4.28179
-4.2857
-4.2896
-4.29403
-4.29941
-4.30568
-4.31224
-4.31824
-4.32293
-4.3261
-4.32805
-4.32925
-4.32988
-4.32981
-4.32886
-4.32715
-4.32514
-4.32349
-4.32278
-4.32329
-4.32479
-4.32656
-4.32757
-4.32689
-4.32402
-4.31903
-4.31282
-4.30671
-4.30074
-4.36421
-4.35719
-4.35065
-4.34376
-4.3372
-4.33135
-4.32621
-4.32175
-4.31782
-4.31423
-4.31075
-4.30721
-4.30355
-4.29983
-4.29617
-4.29272
-4.28965
-4.28711
-4.28518
-4.2839
-4.28324
-4.28315
-4.28352
-4.28414
-4.28481
-4.28529
-4.28534
-4.28478
-4.28345
-4.28128
-4.27837
-4.27487
-4.27087
-4.26665
-4.2627
-4.25908
-4.25548
-4.25208
-4.24934
-4.24704
-4.24455
-4.24211
-4.24066
-4.2402
-4.23963
-4.23846
-4.23775
-4.23858
-4.24043
-4.24187
-4.24261
-4.24387
-4.24666
-4.25033
-4.25331
-4.25494
-4.256
-4.25753
-4.25946
-4.26071
-4.26045
-4.25898
-4.25736
-4.25633
-4.25582
-4.25538
-4.25488
-4.25479
-4.2558
-4.2582
-4.26163
-4.26539
-4.26898
-4.27246
-4.27634
-4.28115
-4.28701
-4.29343
-4.29947
-4.3042
-4.3072
-4.30867
-4.30911
-4.30883
-4.30789
-4.30628
-4.30418
-4.30199
-4.30029
-4.29958
-4.30008
-4.30153
-4.30319
-4.30407
-4.30322
-4.30015
-4.29491
-4.28833
-4.28176
-4.27529
-4.3832
-4.37609
-4.36958
-4.36298
-4.35693
-4.3517
-4.3472
-4.34325
-4.33966
-4.33617
-4.33254
-4.32862
-4.32439
-4.31996
-4.31548
-4.31117
-4.30727
-4.30396
-4.30137
-4.29956
-4.29851
-4.29815
-4.29832
-4.2988
-4.29934
-4.29967
-4.29952
-4.29868
-4.29696
-4.29426
-4.29072
-4.28658
-4.2819
-4.27694
-4.27234
-4.26827
-4.26425
-4.26021
-4.25676
-4.25393
-4.25085
-4.24734
-4.24447
-4.24281
-4.2414
-4.23928
-4.23722
-4.23675
-4.23796
-4.23934
-4.2399
-4.24039
-4.24216
-4.24523
-4.24816
-4.24971
-4.25002
-4.25
-4.25007
-4.2497
-4.24829
-4.24603
-4.24383
-4.24239
-4.24173
-4.24133
-4.24086
-4.24053
-4.24098
-4.24264
-4.24538
-4.24863
-4.25189
-4.25509
-4.25866
-4.26316
-4.2688
-4.27509
-4.28103
-4.28552
-4.28801
-4.28865
-4.28801
-4.28664
-4.28482
-4.28271
-4.2805
-4.27851
-4.27714
-4.2767
-4.27731
-4.27865
-4.28001
-4.28044
-4.2791
-4.27557
-4.26988
-4.26289
-4.25593
-4.24908
-4.40144
-4.39444
-4.38825
-4.38224
-4.37696
-4.37255
-4.36878
-4.3654
-4.3621
-4.35861
-4.35471
-4.35027
-4.3453
-4.33997
-4.33452
-4.32923
-4.3244
-4.32028
-4.31702
-4.31469
-4.31325
-4.31259
-4.31254
-4.31283
-4.3132
-4.31337
-4.31301
-4.31192
-4.30988
-4.30673
-4.30262
-4.29793
-4.29275
-4.2872
-4.282
-4.27757
-4.27329
-4.26867
-4.26438
-4.26086
-4.25723
-4.25279
-4.24849
-4.24547
-4.2432
-4.2404
-4.23729
-4.23549
-4.23575
-4.23685
-4.2373
-4.23718
-4.23779
-4.23966
-4.24182
-4.24293
-4.24265
-4.24165
-4.2405
-4.239
-4.2367
-4.23374
-4.23091
-4.22897
-4.22802
-4.22754
-4.22701
-4.22639
-4.22621
-4.22706
-4.22905
-4.23181
-4.23485
-4.23799
-4.24149
-4.24584
-4.25124
-4.2572
-4.26267
-4.26649
-4.26807
-4.2676
-4.26582
-4.26346
-4.26102
-4.25876
-4.25684
-4.25539
-4.25454
-4.25442
-4.25498
-4.2559
-4.25655
-4.25614
-4.25401
-4.24985
-4.24374
-4.23648
-4.22937
-4.22233
-4.41961
-4.41297
-4.40733
-4.40206
-4.39757
-4.39392
-4.39075
-4.38773
-4.38453
-4.38085
-4.37649
-4.37135
-4.36552
-4.35921
-4.35274
-4.34648
-4.34078
-4.33596
-4.33216
-4.32945
-4.32772
-4.32684
-4.32659
-4.32671
-4.32694
-4.32696
-4.32642
-4.3251
-4.32279
-4.31926
-4.31463
-4.30947
-4.30395
-4.298
-4.29225
-4.28743
-4.28293
-4.27782
-4.27258
-4.26814
-4.26391
-4.25878
-4.25327
-4.24889
-4.24572
-4.24246
-4.23871
-4.23583
-4.23501
-4.23551
-4.23569
-4.23502
-4.23441
-4.23464
-4.23522
-4.23504
-4.23371
-4.2318
-4.22991
-4.22792
-4.22533
-4.22208
-4.2188
-4.2163
-4.21486
-4.21407
-4.21327
-4.21226
-4.21146
-4.21154
-4.21288
-4.21529
-4.21829
-4.22155
-4.22509
-4.22925
-4.23416
-4.2394
-4.24395
-4.2467
-4.24714
-4.24557
-4.24283
-4.23982
-4.23716
-4.23514
-4.23376
-4.23294
-4.23254
-4.23247
-4.2326
-4.23267
-4.23222
-4.23073
-4.22774
-4.22304
-4.21673
-4.2095
-4.20248
-4.19539
-4.4382
-4.43205
-4.42697
-4.42231
-4.41841
-4.41524
-4.41237
-4.40946
-4.40615
-4.40216
-4.39729
-4.39148
-4.38484
-4.37766
-4.37032
-4.36327
-4.35693
-4.35163
-4.3475
-4.34454
-4.34262
-4.34154
-4.34108
-4.34098
-4.34099
-4.34079
-4.33998
-4.33832
-4.33568
-4.33177
-4.32662
-4.32097
-4.31521
-4.309
-4.30273
-4.29736
-4.29253
-4.28693
-4.28071
-4.27514
-4.27018
-4.26454
-4.25818
-4.25261
-4.24852
-4.24488
-4.24085
-4.23734
-4.23562
-4.23538
-4.23508
-4.23383
-4.23215
-4.23079
-4.22952
-4.22753
-4.22458
-4.22138
-4.21867
-4.21639
-4.21389
-4.21074
-4.2073
-4.20434
-4.20231
-4.20099
-4.19975
-4.19825
-4.19685
-4.19632
-4.19719
-4.19943
-4.20253
-4.20593
-4.20941
-4.21312
-4.21719
-4.22128
-4.22456
-4.22608
-4.22543
-4.223
-4.21968
-4.21641
-4.21385
-4.2122
-4.21135
-4.21094
-4.21064
-4.21022
-4.20954
-4.20848
-4.20682
-4.20428
-4.2006
-4.19566
-4.18944
-4.18246
-4.1756
-4.16843
-4.45719
-4.45148
-4.44676
-4.44239
-4.43874
-4.43575
-4.43298
-4.43007
-4.42666
-4.42246
-4.41724
-4.41095
-4.40373
-4.39592
-4.38797
-4.3804
-4.37365
-4.36803
-4.36366
-4.36046
-4.35826
-4.35685
-4.35601
-4.3555
-4.35508
-4.35448
-4.3532
-4.35098
-4.34786
-4.34354
-4.33787
-4.33171
-4.32573
-4.3194
-4.31265
-4.30654
-4.30115
-4.29502
-4.28786
-4.28107
-4.27521
-4.26909
-4.26218
-4.25573
-4.25077
-4.24668
-4.24251
-4.2387
-4.23635
-4.23536
-4.23436
-4.2324
-4.22981
-4.22727
-4.22463
-4.22115
-4.21664
-4.21197
-4.20814
-4.20531
-4.20276
-4.19974
-4.19624
-4.19289
-4.19026
-4.18832
-4.18654
-4.18455
-4.18268
-4.18172
-4.18233
-4.18452
-4.1877
-4.19109
-4.19422
-4.19714
-4.20001
-4.20269
-4.20458
-4.20494
-4.20347
-4.20053
-4.19697
-4.19369
-4.19127
-4.18987
-4.18921
-4.18882
-4.18823
-4.18716
-4.18555
-4.1834
-4.1807
-4.17737
-4.17329
-4.16832
-4.16233
-4.15556
-4.14873
-4.14132
-4.47621
-4.4707
-4.46607
-4.46172
-4.45811
-4.45521
-4.45256
-4.44977
-4.44645
-4.44227
-4.43695
-4.43043
-4.42285
-4.41462
-4.40626
-4.39829
-4.39121
-4.38528
-4.38055
-4.37693
-4.37421
-4.37222
-4.37076
-4.36958
-4.3685
-4.3673
-4.3654
-4.36246
-4.35872
-4.35405
-4.34802
-4.34142
-4.33524
-4.32891
-4.32179
-4.31488
-4.30868
-4.30194
-4.29396
-4.28606
-4.27923
-4.27258
-4.26529
-4.25824
-4.25257
-4.24795
-4.2435
-4.23938
-4.23647
-4.23467
-4.23273
-4.22974
-4.2261
-4.22263
-4.21926
-4.21512
-4.20982
-4.20413
-4.19925
-4.19562
-4.19264
-4.18942
-4.18566
-4.18183
-4.17857
-4.17601
-4.17372
-4.17137
-4.16922
-4.16806
-4.16853
-4.17065
-4.17372
-4.17678
-4.17922
-4.18104
-4.18254
-4.18379
-4.18443
-4.18388
-4.18187
-4.17868
-4.17503
-4.1717
-4.16921
-4.16769
-4.16682
-4.16609
-4.16501
-4.1633
-4.16093
-4.15799
-4.15456
-4.15069
-4.14633
-4.14131
-4.13537
-4.12859
-4.12156
-4.1138
-4.49489
-4.48941
-4.48471
-4.48033
-4.4768
-4.4741
-4.47174
-4.46927
-4.46623
-4.46221
-4.4569
-4.45021
-4.44234
-4.43374
-4.42499
-4.41663
-4.40914
-4.40275
-4.39749
-4.39322
-4.38976
-4.38699
-4.38476
-4.38281
-4.38094
-4.37904
-4.37652
-4.37288
-4.36854
-4.36363
-4.35752
-4.35068
-4.34434
-4.33803
-4.33069
-4.32301
-4.31589
-4.30842
-4.29977
-4.29101
-4.28332
-4.2761
-4.26848
-4.26107
-4.25494
-4.24987
-4.24496
-4.24028
-4.23659
-4.23381
-4.23069
-4.22635
-4.22132
-4.21673
-4.21275
-4.20845
-4.2031
-4.19713
-4.19168
-4.18737
-4.18377
-4.18
-4.17566
-4.17115
-4.16718
-4.16403
-4.16139
-4.1589
-4.15671
-4.15549
-4.15584
-4.1577
-4.16035
-4.16273
-4.1642
-4.1648
-4.16497
-4.16497
-4.16462
-4.16341
-4.16102
-4.15762
-4.15375
-4.1501
-4.1472
-4.1452
-4.14387
-4.14272
-4.14126
-4.13919
-4.1364
-4.13295
-4.12895
-4.12451
-4.11969
-4.11434
-4.10816
-4.10114
-4.09383
-4.08572
-4.5133
-4.50783
-4.50314
-4.49887
-4.49557
-4.4932
-4.49122
-4.48909
-4.48627
-4.48229
-4.47685
-4.46988
-4.46163
-4.45263
-4.44347
-4.43472
-4.42678
-4.41986
-4.41397
-4.40898
-4.40473
-4.40115
-4.39818
-4.39549
-4.39283
-4.39023
-4.38717
-4.38297
-4.3781
-4.37305
-4.36705
-4.36016
-4.35363
-4.34722
-4.33965
-4.33128
-4.32321
-4.31492
-4.30564
-4.29627
-4.28797
-4.28029
-4.27236
-4.26472
-4.25838
-4.25307
-4.24773
-4.24228
-4.23753
-4.23359
-4.22926
-4.22358
-4.21708
-4.21112
-4.20619
-4.20151
-4.19616
-4.19022
-4.18458
-4.17983
-4.17566
-4.17124
-4.16616
-4.16086
-4.15619
-4.15257
-4.14977
-4.14734
-4.14526
-4.144
-4.14406
-4.14539
-4.14729
-4.14874
-4.14914
-4.14859
-4.14764
-4.14664
-4.1455
-4.14373
-4.14094
-4.13713
-4.13275
-4.12845
-4.12484
-4.12223
-4.12048
-4.11913
-4.11763
-4.11551
-4.11251
-4.10856
-4.10381
-4.09852
-4.09289
-4.08693
-4.08032
-4.07304
-4.06555
-4.05719
-4.53194
-4.52664
-4.52213
-4.51809
-4.51505
-4.51294
-4.51114
-4.50908
-4.50615
-4.50192
-4.49609
-4.4887
-4.48007
-4.47073
-4.4613
-4.45228
-4.44403
-4.43668
-4.43024
-4.4246
-4.41963
-4.41527
-4.41158
-4.4082
-4.40474
-4.40138
-4.39779
-4.39311
-4.38775
-4.38247
-4.37656
-4.36965
-4.36282
-4.35604
-4.34803
-4.33898
-4.33001
-4.32089
-4.31097
-4.30111
-4.29245
-4.28449
-4.27633
-4.26848
-4.26201
-4.25661
-4.25098
-4.24477
-4.23886
-4.23366
-4.22827
-4.22166
-4.21418
-4.20712
-4.20116
-4.19572
-4.1899
-4.18365
-4.17768
-4.1725
-4.1678
-4.16277
-4.15701
-4.15104
-4.14583
-4.14196
-4.13917
-4.1369
-4.13489
-4.13343
-4.13293
-4.13344
-4.13436
-4.13481
-4.13422
-4.13273
-4.13088
-4.12907
-4.12719
-4.12477
-4.12133
-4.11681
-4.11162
-4.10648
-4.10216
-4.09909
-4.0972
-4.09597
-4.09465
-4.09255
-4.08919
-4.08445
-4.07859
-4.07211
-4.06546
-4.0588
-4.05185
-4.04447
-4.03693
-4.02837
-4.55138
-4.54638
-4.54208
-4.53818
-4.53519
-4.53301
-4.53101
-4.5286
-4.52523
-4.52048
-4.51418
-4.50643
-4.4976
-4.48821
-4.4788
-4.46979
-4.46143
-4.4538
-4.44688
-4.44062
-4.4349
-4.42968
-4.42513
-4.42095
-4.4166
-4.4123
-4.40805
-4.40289
-4.39702
-4.39136
-4.38533
-4.37828
-4.37104
-4.36365
-4.35498
-4.34521
-4.3355
-4.32568
-4.31517
-4.30488
-4.296
-4.288
-4.27976
-4.27167
-4.26491
-4.25926
-4.25329
-4.24637
-4.23932
-4.23287
-4.22652
-4.21938
-4.21159
-4.20418
-4.19771
-4.19163
-4.18512
-4.17814
-4.1714
-4.16548
-4.16011
-4.15448
-4.14821
-4.14185
-4.13641
-4.1325
-4.12982
-4.12764
-4.12549
-4.12353
-4.12221
-4.1217
-4.12158
-4.12109
-4.1197
-4.11748
-4.11489
-4.11228
-4.10953
-4.10619
-4.1018
-4.09632
-4.0902
-4.08432
-4.07953
-4.07633
-4.07459
-4.0736
-4.07238
-4.06999
-4.06587
-4.05996
-4.05272
-4.04496
-4.03736
-4.03019
-4.0231
-4.01576
-4.00818
-3.99931
-4.57179
-4.56704
-4.56278
-4.55871
-4.55542
-4.55282
-4.55028
-4.54728
-4.54331
-4.53807
-4.53145
-4.52361
-4.51492
-4.50582
-4.49671
-4.48788
-4.47948
-4.47153
-4.46401
-4.45696
-4.45032
-4.44401
-4.43832
-4.43315
-4.42779
-4.42246
-4.41742
-4.41178
-4.40547
-4.39938
-4.39303
-4.3857
-4.37803
-4.37003
-4.36065
-4.3502
-4.33992
-4.32968
-4.31881
-4.30823
-4.29923
-4.2913
-4.28312
-4.27482
-4.26754
-4.26124
-4.2546
-4.24685
-4.23872
-4.23108
-4.22373
-4.21605
-4.20816
-4.20085
-4.19445
-4.18824
-4.18131
-4.17361
-4.16594
-4.15905
-4.15284
-4.14663
-4.14003
-4.13354
-4.12813
-4.1243
-4.12167
-4.11935
-4.11675
-4.11402
-4.11169
-4.11012
-4.10907
-4.10782
-4.1058
-4.10296
-4.09962
-4.09606
-4.09219
-4.08765
-4.0821
-4.07559
-4.06871
-4.06238
-4.05749
-4.05442
-4.05285
-4.05188
-4.05033
-4.04719
-4.04194
-4.03468
-4.02614
-4.01732
-4.00906
-4.0016
-3.99446
-3.98708
-3.9793
-3.96994
-4.59289
-4.58819
-4.58366
-4.57913
-4.57531
-4.57213
-4.569
-4.56541
-4.56097
-4.55543
-4.54876
-4.54111
-4.53277
-4.52409
-4.5153
-4.50657
-4.49798
-4.4895
-4.48112
-4.47302
-4.46525
-4.45768
-4.45068
-4.4444
-4.4381
-4.43186
-4.42611
-4.42007
-4.41348
-4.40707
-4.40033
-4.3926
-4.38449
-4.37599
-4.36603
-4.35502
-4.34433
-4.33391
-4.32298
-4.31233
-4.30328
-4.29542
-4.28734
-4.27886
-4.27095
-4.26371
-4.25603
-4.2473
-4.23819
-4.22955
-4.22127
-4.21286
-4.20453
-4.19707
-4.19067
-4.18447
-4.17739
-4.16923
-4.16083
-4.1531
-4.14616
-4.13949
-4.13274
-4.12631
-4.121
-4.11718
-4.11437
-4.11159
-4.10827
-4.10459
-4.10125
-4.09877
-4.09697
-4.09514
-4.0926
-4.0891
-4.08485
-4.08008
-4.07484
-4.06894
-4.06223
-4.05491
-4.0476
-4.04118
-4.03637
-4.03337
-4.03168
-4.03025
-4.0279
-4.0237
-4.01727
-4.00886
-3.99934
-3.98981
-3.9811
-3.97338
-3.96604
-3.95837
-3.95018
-3.94022
-4.61425
-4.60941
-4.60445
-4.59939
-4.59507
-4.59141
-4.58782
-4.5838
-4.57903
-4.57334
-4.56671
-4.55927
-4.55124
-4.54284
-4.53418
-4.52532
-4.51631
-4.50715
-4.49779
-4.48852
-4.47957
-4.47078
-4.46254
-4.45522
-4.44818
-4.44131
-4.43503
-4.42864
-4.42183
-4.41512
-4.40793
-4.39961
-4.39094
-4.38193
-4.37151
-4.36005
-4.34902
-4.33847
-4.32763
-4.3171
-4.30807
-4.30017
-4.29201
-4.28329
-4.27479
-4.26661
-4.25785
-4.24815
-4.23827
-4.22904
-4.22024
-4.21127
-4.20232
-4.19422
-4.18726
-4.18061
-4.17314
-4.16454
-4.15562
-4.14737
-4.14005
-4.13322
-4.1265
-4.12016
-4.11483
-4.11077
-4.10745
-4.10394
-4.09974
-4.09515
-4.09096
-4.08778
-4.08543
-4.08313
-4.08
-4.07568
-4.07025
-4.06405
-4.05731
-4.0501
-4.04249
-4.03471
-4.02729
-4.02092
-4.01609
-4.01281
-4.01049
-4.00817
-4.00481
-3.99962
-3.9923
-3.98314
-3.97298
-3.96289
-3.95368
-3.94548
-3.93764
-3.92947
-3.92081
-3.91027
-4.63579
-4.63079
-4.62548
-4.62003
-4.61535
-4.61133
-4.60734
-4.60291
-4.59779
-4.59186
-4.58514
-4.57775
-4.56984
-4.56153
-4.55286
-4.54377
-4.53431
-4.5245
-4.51426
-4.5039
-4.49386
-4.48402
-4.4747
-4.46645
-4.45876
-4.45142
-4.44468
-4.43782
-4.43056
-4.42336
-4.41552
-4.4064
-4.39691
-4.38723
-4.37634
-4.36455
-4.35326
-4.34257
-4.3318
-4.32142
-4.31243
-4.30432
-4.29576
-4.28653
-4.27742
-4.26848
-4.2589
-4.24846
-4.2381
-4.22866
-4.21983
-4.21083
-4.2016
-4.1929
-4.18509
-4.17753
-4.1692
-4.15993
-4.15051
-4.14197
-4.13457
-4.12783
-4.12124
-4.11488
-4.10927
-4.10464
-4.10054
-4.09617
-4.09113
-4.0858
-4.08102
-4.07735
-4.07455
-4.07171
-4.06782
-4.0624
-4.05558
-4.04783
-4.03968
-4.03144
-4.02326
-4.01531
-4.00789
-4.00141
-3.99619
-3.99216
-3.98887
-3.98555
-3.98133
-3.97549
-3.96766
-3.958
-3.94728
-3.93651
-3.92655
-3.91761
-3.90912
-3.90045
-3.8914
-3.88038
-4.65789
-4.65283
-4.64732
-4.64162
-4.6366
-4.63211
-4.62756
-4.62254
-4.61686
-4.61052
-4.60358
-4.59614
-4.58829
-4.58007
-4.57145
-4.56225
-4.55247
-4.54215
-4.53118
-4.51982
-4.50869
-4.49783
-4.48748
-4.47825
-4.46979
-4.4619
-4.45461
-4.44705
-4.43899
-4.43099
-4.4223
-4.4123
-4.4019
-4.39142
-4.38005
-4.3681
-4.35679
-4.3461
-4.33537
-4.3251
-4.31607
-4.30761
-4.29837
-4.28833
-4.27843
-4.26883
-4.25871
-4.24784
-4.23717
-4.22759
-4.21883
-4.20999
-4.20085
-4.19192
-4.18351
-4.17508
-4.16585
-4.15581
-4.14593
-4.13722
-4.12988
-4.12326
-4.11667
-4.11006
-4.10387
-4.09844
-4.09346
-4.08828
-4.08259
-4.07678
-4.07163
-4.06757
-4.06426
-4.06067
-4.05573
-4.04898
-4.04066
-4.03148
-4.02221
-4.01328
-4.0048
-3.99672
-3.98909
-3.98213
-3.97611
-3.97109
-3.96683
-3.96274
-3.95802
-3.95184
-3.94364
-3.93345
-3.92197
-3.91029
-3.89942
-3.8897
-3.88067
-3.87165
-3.86229
-3.85083
-4.6811
-4.67599
-4.67026
-4.66416
-4.65857
-4.65333
-4.64793
-4.64211
-4.63578
-4.62903
-4.62193
-4.61456
-4.60691
-4.59894
-4.59049
-4.5813
-4.57124
-4.5604
-4.54865
-4.53621
-4.52384
-4.51181
-4.5004
-4.49015
-4.48079
-4.47218
-4.46424
-4.45589
-4.44689
-4.4379
-4.42833
-4.41758
-4.40647
-4.3953
-4.38351
-4.37157
-4.36055
-4.35014
-4.33957
-4.32931
-4.32008
-4.31109
-4.30106
-4.29008
-4.2793
-4.26904
-4.25854
-4.24749
-4.23665
-4.22682
-4.21776
-4.20867
-4.19933
-4.19014
-4.18133
-4.17235
-4.16255
-4.15208
-4.14198
-4.13324
-4.12594
-4.11928
-4.11242
-4.10525
-4.09827
-4.09195
-4.08619
-4.08042
-4.07434
-4.06827
-4.06283
-4.05832
-4.05427
-4.04963
-4.04339
-4.03521
-4.0255
-4.01519
-4.00514
-3.99577
-3.987
-3.97856
-3.97035
-3.96256
-3.95557
-3.94965
-3.94471
-3.94021
-3.93524
-3.92875
-3.92003
-3.90906
-3.89662
-3.88398
-3.8723
-3.86204
-3.85268
-3.84339
-3.83368
-3.82167
-4.70567
-4.70029
-4.69404
-4.68719
-4.68067
-4.67443
-4.66807
-4.66147
-4.65464
-4.64769
-4.64065
-4.63353
-4.62619
-4.61847
-4.61015
-4.60086
-4.59036
-4.57877
-4.56607
-4.55246
-4.53878
-4.52554
-4.51315
-4.50203
-4.49183
-4.48249
-4.47389
-4.46482
-4.45495
-4.44497
-4.43451
-4.42317
-4.41164
-4.40001
-4.38785
-4.37593
-4.36526
-4.35528
-4.34494
-4.33458
-4.32487
-4.31514
-4.30425
-4.29245
-4.28094
-4.27013
-4.25936
-4.2483
-4.2375
-4.22751
-4.21796
-4.20815
-4.19798
-4.18803
-4.17856
-4.16909
-4.15902
-4.14851
-4.13851
-4.12988
-4.12254
-4.11557
-4.10813
-4.10015
-4.0923
-4.08522
-4.07889
-4.0728
-4.06655
-4.06028
-4.05446
-4.04923
-4.04413
-4.03819
-4.03055
-4.02105
-4.01026
-3.99916
-3.98856
-3.97875
-3.96944
-3.96029
-3.9512
-3.9425
-3.93471
-3.92822
-3.92294
-3.9182
-3.9129
-3.90585
-3.89632
-3.88441
-3.87107
-3.85774
-3.84559
-3.83502
-3.8254
-3.81571
-3.80547
-3.79278
-4.73134
-4.72533
-4.71819
-4.71027
-4.70266
-4.69541
-4.68823
-4.68106
-4.67396
-4.66698
-4.66009
-4.65317
-4.64602
-4.63835
-4.6299
-4.62028
-4.60916
-4.59669
-4.58301
-4.56835
-4.55356
-4.53932
-4.5262
-4.51449
-4.50365
-4.49358
-4.4842
-4.47437
-4.46369
-4.45272
-4.44125
-4.42927
-4.41741
-4.40548
-4.393
-4.38094
-4.37039
-4.36061
-4.35036
-4.33975
-4.32934
-4.31861
-4.30679
-4.29433
-4.28239
-4.27127
-4.26034
-4.24931
-4.23867
-4.22873
-4.21891
-4.20843
-4.19734
-4.18638
-4.17604
-4.16601
-4.15573
-4.14531
-4.13551
-4.12695
-4.11938
-4.11186
-4.10362
-4.09476
-4.08614
-4.07852
-4.0719
-4.06567
-4.05928
-4.05269
-4.04618
-4.0399
-4.03347
-4.02614
-4.01725
-4.00675
-3.99521
-3.98352
-3.97236
-3.96184
-3.95166
-3.94154
-3.93155
-3.92216
-3.91394
-3.90719
-3.90167
-3.89653
-3.89057
-3.88265
-3.8722
-3.85949
-3.84561
-3.83194
-3.81956
-3.80871
-3.79863
-3.78833
-3.77743
-3.76403
-4.75764
-4.75075
-4.74257
-4.73352
-4.72489
-4.71677
-4.70891
-4.70129
-4.69394
-4.68684
-4.67991
-4.67298
-4.66578
-4.65795
-4.64923
-4.63922
-4.62752
-4.61428
-4.59979
-4.58439
-4.56885
-4.55387
-4.54017
-4.52797
-4.51651
-4.50554
-4.49506
-4.48417
-4.4726
-4.46063
-4.44807
-4.4353
-4.42311
-4.41105
-4.39844
-4.38623
-4.3755
-4.36551
-4.35503
-4.34402
-4.33282
-4.32103
-4.30824
-4.29523
-4.28309
-4.27187
-4.26081
-4.24965
-4.23894
-4.22891
-4.21888
-4.20801
-4.19636
-4.18478
-4.1739
-4.16351
-4.15313
-4.14278
-4.13302
-4.12428
-4.11622
-4.10794
-4.09884
-4.08922
-4.08006
-4.07216
-4.06542
-4.05908
-4.0524
-4.04516
-4.03762
-4.03
-4.02217
-4.0136
-4.00378
-3.99261
-3.98053
-3.96822
-3.95623
-3.94468
-3.93341
-3.92234
-3.91172
-3.902
-3.89363
-3.88668
-3.88071
-3.87481
-3.86788
-3.85901
-3.84781
-3.83469
-3.82061
-3.8068
-3.79414
-3.78279
-3.77204
-3.76105
-3.74953
-3.73554
-4.78437
-4.77657
-4.76744
-4.75739
-4.74779
-4.73881
-4.73021
-4.72198
-4.71415
-4.70672
-4.69955
-4.69247
-4.68516
-4.67723
-4.66831
-4.65805
-4.64596
-4.63213
-4.61696
-4.60099
-4.58491
-4.56929
-4.55489
-4.54201
-4.52978
-4.51774
-4.50586
-4.49363
-4.48108
-4.46829
-4.45486
-4.44141
-4.42895
-4.41693
-4.40453
-4.39242
-4.38143
-4.37088
-4.35976
-4.34814
-4.33623
-4.32357
-4.30999
-4.29652
-4.28423
-4.27298
-4.26179
-4.25034
-4.23916
-4.22852
-4.21783
-4.2064
-4.19437
-4.18262
-4.17173
-4.16142
-4.15112
-4.14076
-4.1308
-4.12159
-4.11281
-4.1037
-4.09385
-4.08369
-4.07425
-4.06625
-4.05942
-4.0528
-4.04549
-4.03724
-4.02838
-4.01938
-4.01034
-4.0009
-3.99051
-3.97886
-3.96617
-3.95297
-3.93984
-3.92707
-3.91478
-3.90308
-3.89221
-3.88244
-3.87393
-3.86651
-3.8597
-3.85275
-3.84481
-3.83519
-3.82363
-3.81039
-3.79623
-3.78218
-3.76902
-3.75701
-3.74561
-3.73406
-3.7221
-3.7076
-4.81159
-4.80297
-4.79301
-4.78195
-4.77127
-4.76121
-4.75162
-4.74256
-4.73412
-4.72629
-4.71894
-4.71183
-4.70461
-4.69672
-4.68771
-4.67721
-4.66476
-4.65032
-4.63441
-4.61779
-4.60122
-4.58501
-4.56983
-4.55605
-4.54293
-4.52989
-4.51666
-4.50303
-4.4895
-4.4761
-4.46221
-4.44841
-4.43578
-4.42383
-4.41173
-4.39988
-4.38864
-4.37726
-4.36512
-4.35261
-4.33998
-4.32671
-4.31269
-4.29898
-4.2866
-4.27526
-4.26391
-4.25215
-4.2404
-4.22891
-4.21722
-4.20489
-4.19233
-4.18047
-4.16974
-4.15965
-4.14945
-4.13892
-4.12851
-4.1186
-4.10902
-4.09916
-4.08875
-4.07829
-4.06876
-4.06068
-4.0536
-4.04637
-4.03808
-4.02856
-4.01837
-4.00822
-3.99838
-3.98845
-3.97767
-3.96547
-3.95187
-3.93746
-3.92302
-3.90916
-3.8962
-3.88427
-3.87341
-3.86358
-3.85464
-3.84637
-3.83845
-3.83042
-3.82171
-3.8117
-3.80001
-3.78668
-3.77229
-3.75779
-3.74408
-3.73154
-3.71973
-3.7078
-3.69545
-3.68041
-4.83935
-4.82985
-4.81894
-4.80667
-4.79467
-4.78336
-4.77272
-4.76288
-4.75398
-4.74597
-4.73864
-4.73167
-4.72459
-4.71672
-4.70744
-4.69644
-4.68341
-4.66831
-4.65161
-4.63434
-4.61736
-4.60082
-4.58506
-4.57036
-4.55627
-4.5423
-4.52792
-4.51302
-4.49843
-4.48435
-4.47014
-4.45626
-4.44349
-4.43137
-4.41924
-4.4074
-4.39578
-4.38348
-4.37015
-4.35656
-4.34313
-4.3294
-4.31525
-4.30159
-4.2892
-4.27765
-4.26598
-4.25387
-4.24171
-4.22964
-4.2172
-4.20418
-4.1912
-4.17923
-4.16856
-4.15846
-4.14802
-4.13701
-4.12591
-4.11523
-4.10492
-4.09451
-4.08377
-4.07319
-4.06357
-4.05526
-4.04761
-4.03943
-4.02991
-4.01912
-4.00785
-3.99697
-3.98673
-3.9765
-3.96522
-3.95214
-3.93732
-3.92156
-3.90596
-3.89138
-3.87817
-3.86628
-3.8554
-3.84518
-3.83541
-3.82602
-3.81701
-3.80819
-3.79904
-3.78883
-3.77697
-3.76335
-3.74856
-3.73364
-3.71959
-3.70683
-3.69478
-3.68246
-3.66958
-3.65391
-4.86728
-4.85666
-4.84456
-4.83092
-4.81761
-4.80522
-4.79379
-4.78347
-4.77437
-4.76634
-4.75904
-4.75205
-4.74486
-4.73673
-4.72691
-4.71515
-4.70141
-4.68578
-4.6686
-4.65089
-4.63367
-4.61702
-4.60092
-4.58533
-4.57006
-4.55493
-4.53936
-4.52327
-4.50758
-4.49258
-4.47793
-4.46406
-4.45129
-4.43886
-4.42632
-4.41404
-4.40178
-4.38858
-4.37428
-4.35983
-4.34572
-4.3316
-4.31746
-4.30401
-4.29168
-4.2798
-4.26751
-4.25475
-4.24205
-4.22956
-4.21682
-4.20366
-4.19072
-4.17887
-4.16817
-4.15775
-4.14669
-4.13486
-4.12293
-4.11153
-4.1007
-4.08997
-4.07908
-4.06839
-4.05854
-4.04968
-4.04112
-4.03177
-4.02104
-4.00926
-3.99735
-3.98615
-3.97567
-3.96499
-3.95286
-3.93854
-3.92234
-3.90539
-3.88905
-3.87419
-3.861
-3.84908
-3.83784
-3.82683
-3.81597
-3.80552
-3.79573
-3.78645
-3.77701
-3.7665
-3.75424
-3.74019
-3.72509
-3.71003
-3.69596
-3.68312
-3.67076
-3.65786
-3.64429
-3.62801
-4.89485
-4.88291
-4.86951
-4.85467
-4.84041
-4.82735
-4.81548
-4.80486
-4.79553
-4.78734
-4.77982
-4.77245
-4.7648
-4.75619
-4.7458
-4.73331
-4.71894
-4.70302
-4.68577
-4.66792
-4.65045
-4.63356
-4.61704
-4.60052
-4.58389
-4.56726
-4.5503
-4.53312
-4.51658
-4.50081
-4.48572
-4.47193
-4.45934
-4.44675
-4.43371
-4.42067
-4.40746
-4.39333
-4.37839
-4.36354
-4.34911
-4.33477
-4.32064
-4.30737
-4.29505
-4.28277
-4.26967
-4.25597
-4.24244
-4.22935
-4.21634
-4.20324
-4.19056
-4.17889
-4.16804
-4.15705
-4.1451
-4.13233
-4.1196
-4.10768
-4.09655
-4.08568
-4.07467
-4.06373
-4.05335
-4.04363
-4.03396
-4.02347
-4.01182
-3.99948
-3.98732
-3.97593
-3.96504
-3.95353
-3.94016
-3.92445
-3.90704
-3.88933
-3.87269
-3.8578
-3.84454
-3.83224
-3.82022
-3.80817
-3.79631
-3.78514
-3.77491
-3.76531
-3.75547
-3.74441
-3.73161
-3.71725
-3.70214
-3.68723
-3.67324
-3.6602
-3.64734
-3.63377
-3.61955
-3.60278
-4.92185
-4.90863
-4.89416
-4.8785
-4.86368
-4.85021
-4.83796
-4.82691
-4.81708
-4.80841
-4.80046
-4.79257
-4.7843
-4.77517
-4.76437
-4.75137
-4.73647
-4.72027
-4.70304
-4.68518
-4.66735
-4.64994
-4.63276
-4.61531
-4.59743
-4.57935
-4.56099
-4.54287
-4.52583
-4.50973
-4.49448
-4.48074
-4.46819
-4.45544
-4.4419
-4.42793
-4.41348
-4.39823
-4.38269
-4.36771
-4.35329
-4.33895
-4.32481
-4.31153
-4.29901
-4.28624
-4.27244
-4.25797
-4.24374
-4.23011
-4.21678
-4.20359
-4.19094
-4.17917
-4.16786
-4.15603
-4.14308
-4.12944
-4.11614
-4.10394
-4.09272
-4.08175
-4.07049
-4.05901
-4.0478
-4.03702
-4.02627
-4.01493
-4.00279
-3.99025
-3.97794
-3.96617
-3.95445
-3.9417
-3.92691
-3.90997
-3.89178
-3.87374
-3.85703
-3.84201
-3.82829
-3.81517
-3.80214
-3.78917
-3.77669
-3.76516
-3.75464
-3.74457
-3.73404
-3.72229
-3.70907
-3.69471
-3.67983
-3.66512
-3.65105
-3.63766
-3.62431
-3.6102
-3.59553
-3.57837
-4.94857
-4.9343
-4.91905
-4.9028
-4.88751
-4.87353
-4.86076
-4.84914
-4.83865
-4.82938
-4.82102
-4.81274
-4.80386
-4.79406
-4.78276
-4.76934
-4.75392
-4.73729
-4.71994
-4.7021
-4.68403
-4.66607
-4.64814
-4.62984
-4.61099
-4.59169
-4.57207
-4.55304
-4.53555
-4.5193
-4.50407
-4.49024
-4.47729
-4.46394
-4.44972
-4.43483
-4.41916
-4.40278
-4.38661
-4.37149
-4.35716
-4.34292
-4.32881
-4.31533
-4.30229
-4.28877
-4.27428
-4.25938
-4.24499
-4.23131
-4.21794
-4.20466
-4.19179
-4.17954
-4.16743
-4.1546
-4.14072
-4.12642
-4.11285
-4.10063
-4.08939
-4.07821
-4.06641
-4.0541
-4.04185
-4.03005
-4.01852
-4.00676
-3.99447
-3.98181
-3.96911
-3.95649
-3.94351
-3.92931
-3.91328
-3.89554
-3.877
-3.85885
-3.84192
-3.82633
-3.8117
-3.79756
-3.78367
-3.77019
-3.75748
-3.74572
-3.7347
-3.72382
-3.71242
-3.70008
-3.68673
-3.67256
-3.65791
-3.64324
-3.62899
-3.61536
-3.60177
-3.58733
-3.57227
-3.55468
-4.97537
-4.96017
-4.94417
-4.92729
-4.91142
-4.89684
-4.88354
-4.87152
-4.8606
-4.85079
-4.84195
-4.83325
-4.82368
-4.81288
-4.80072
-4.78678
-4.77099
-4.75405
-4.7366
-4.71883
-4.70068
-4.68231
-4.66361
-4.64437
-4.62458
-4.60416
-4.58337
-4.56342
-4.54531
-4.5288
-4.51363
-4.49969
-4.48607
-4.47174
-4.45661
-4.44089
-4.42438
-4.40732
-4.39078
-4.37555
-4.3612
-4.34697
-4.33282
-4.31903
-4.30526
-4.29073
-4.27537
-4.26007
-4.24572
-4.23227
-4.21906
-4.20573
-4.1925
-4.17958
-4.16656
-4.15279
-4.13818
-4.12354
-4.10996
-4.09783
-4.0865
-4.07486
-4.06224
-4.0489
-4.03565
-4.02312
-4.01123
-3.99938
-3.98701
-3.97397
-3.96041
-3.9465
-3.93206
-3.91661
-3.89975
-3.88165
-3.86296
-3.8445
-3.82687
-3.81026
-3.79454
-3.77957
-3.76528
-3.75169
-3.73882
-3.72656
-3.71464
-3.70273
-3.69054
-3.67788
-3.66459
-3.65058
-3.63599
-3.62127
-3.60701
-3.59343
-3.57982
-3.5651
-3.5495
-3.53138
-5.00219
-4.98599
-4.96909
-4.95149
-4.9352
-4.92026
-4.90666
-4.89452
-4.88346
-4.8731
-4.8634
-4.85386
-4.8434
-4.83149
-4.8183
-4.80382
-4.78794
-4.77102
-4.7536
-4.73581
-4.71747
-4.69851
-4.67889
-4.65855
-4.63772
-4.61627
-4.59454
-4.57396
-4.55535
-4.53856
-4.52341
-4.50935
-4.49503
-4.47959
-4.46337
-4.44676
-4.42964
-4.41236
-4.39588
-4.38067
-4.36615
-4.35165
-4.33722
-4.32302
-4.30853
-4.29309
-4.27696
-4.2613
-4.24691
-4.23352
-4.22021
-4.20654
-4.19274
-4.17905
-4.1652
-4.15071
-4.13569
-4.12099
-4.10754
-4.09543
-4.08377
-4.07138
-4.05775
-4.04341
-4.02946
-4.01663
-4.00473
-3.99286
-3.98014
-3.96624
-3.95138
-3.93602
-3.92034
-3.90408
-3.88686
-3.86857
-3.84951
-3.83026
-3.81148
-3.79368
-3.77712
-3.76182
-3.74754
-3.73389
-3.72052
-3.70727
-3.69417
-3.68128
-3.66858
-3.6558
-3.64251
-3.62846
-3.61383
-3.59922
-3.58524
-3.5719
-3.55824
-3.54309
-3.52687
-3.50821
-5.0287
-5.01144
-4.99364
-4.9755
-4.95921
-4.94445
-4.93078
-4.91846
-4.90718
-4.89619
-4.88528
-4.87444
-4.86296
-4.85016
-4.83617
-4.82124
-4.80529
-4.7884
-4.77094
-4.75292
-4.73413
-4.71433
-4.6936
-4.67216
-4.65039
-4.6282
-4.606
-4.58516
-4.56631
-4.54923
-4.53382
-4.5193
-4.50412
-4.48755
-4.47016
-4.4525
-4.43469
-4.41728
-4.40104
-4.38596
-4.37118
-4.35615
-4.34111
-4.32626
-4.31109
-4.29509
-4.27871
-4.26309
-4.24881
-4.23527
-4.22148
-4.20709
-4.19249
-4.17804
-4.16354
-4.14862
-4.13346
-4.11884
-4.10548
-4.09318
-4.08089
-4.06753
-4.0529
-4.03783
-4.0236
-4.01083
-3.99901
-3.98688
-3.97335
-3.95816
-3.94187
-3.9253
-3.90887
-3.89229
-3.87489
-3.8562
-3.83627
-3.81576
-3.7957
-3.77702
-3.76018
-3.74498
-3.73071
-3.71656
-3.70212
-3.68756
-3.67334
-3.65979
-3.64678
-3.63379
-3.62025
-3.60602
-3.59146
-3.57719
-3.56359
-3.55042
-3.53661
-3.52099
-3.5043
-3.4852
-5.05476
-5.03668
-5.01836
-4.99999
-4.98398
-4.96968
-4.95607
-4.94326
-4.93142
-4.9198
-4.90782
-4.89559
-4.88295
-4.86933
-4.85469
-4.83931
-4.82311
-4.80601
-4.78827
-4.76985
-4.75057
-4.72995
-4.70807
-4.68552
-4.66283
-4.64001
-4.61762
-4.59677
-4.57774
-4.56029
-4.54427
-4.52879
-4.51248
-4.49489
-4.47663
-4.45814
-4.43975
-4.42219
-4.40613
-4.39113
-4.37606
-4.36041
-4.34458
-4.32886
-4.3129
-4.29645
-4.28013
-4.26486
-4.25079
-4.23701
-4.22252
-4.20723
-4.19179
-4.1767
-4.16179
-4.14669
-4.13152
-4.11696
-4.10347
-4.09067
-4.07751
-4.06317
-4.04778
-4.0324
-4.01824
-4.00565
-3.9937
-3.98086
-3.96612
-3.94954
-3.93209
-3.91484
-3.89817
-3.88146
-3.86368
-3.84409
-3.82285
-3.80099
-3.78001
-3.76106
-3.74437
-3.72924
-3.71447
-3.69919
-3.68334
-3.66755
-3.65256
-3.63857
-3.62515
-3.61163
-3.59762
-3.58324
-3.56891
-3.55503
-3.54171
-3.52862
-3.51473
-3.49885
-3.48187
-3.46246
-5.08071
-5.06215
-5.0438
-5.02542
-5.0095
-4.9956
-4.98224
-4.96901
-4.95643
-4.94416
-4.93134
-4.91782
-4.90381
-4.88907
-4.87364
-4.85774
-4.84128
-4.82393
-4.80578
-4.78681
-4.76693
-4.74551
-4.72245
-4.69864
-4.67484
-4.65132
-4.62878
-4.60802
-4.58895
-4.57123
-4.55451
-4.53784
-4.52024
-4.50177
-4.48303
-4.46424
-4.44569
-4.42816
-4.41214
-4.39692
-4.38133
-4.36503
-4.34849
-4.33199
-4.31532
-4.29847
-4.28215
-4.26705
-4.2529
-4.23854
-4.22313
-4.20689
-4.19075
-4.17525
-4.16015
-4.14497
-4.12974
-4.11501
-4.10107
-4.0875
-4.07342
-4.0583
-4.04253
-4.02721
-4.01328
-4.00068
-3.98818
-3.97427
-3.95821
-3.94052
-3.92246
-3.90507
-3.88837
-3.87135
-3.85271
-3.83179
-3.80917
-3.78637
-3.76512
-3.74635
-3.72976
-3.71414
-3.69821
-3.68145
-3.66433
-3.64773
-3.63222
-3.61764
-3.60339
-3.58903
-3.57452
-3.56012
-3.54604
-3.53244
-3.51934
-3.50645
-3.49272
-3.47681
-3.45962
-3.44
-5.10692
-5.08795
-5.06978
-5.05161
-5.03567
-5.02197
-5.0092
-4.99611
-4.98284
-4.9696
-4.95571
-4.94087
-4.92538
-4.90937
-4.893
-4.87657
-4.85989
-4.84236
-4.82369
-4.80396
-4.78306
-4.76062
-4.73647
-4.71149
-4.68663
-4.6625
-4.63993
-4.61927
-4.60016
-4.58221
-4.56483
-4.54694
-4.52799
-4.50858
-4.48941
-4.47055
-4.45218
-4.43491
-4.41884
-4.40305
-4.38658
-4.36945
-4.35229
-4.33536
-4.31839
-4.30145
-4.28516
-4.26995
-4.25525
-4.23989
-4.22334
-4.2062
-4.18955
-4.17386
-4.15868
-4.14336
-4.12786
-4.11262
-4.09796
-4.08352
-4.06867
-4.05313
-4.03736
-4.02225
-4.00839
-3.9954
-3.98198
-3.96687
-3.94976
-3.93152
-3.91339
-3.89608
-3.87918
-3.86138
-3.84145
-3.81917
-3.7956
-3.77252
-3.75146
-3.73281
-3.71574
-3.69895
-3.68152
-3.6635
-3.64559
-3.62846
-3.61224
-3.59655
-3.58108
-3.56582
-3.55097
-3.5366
-3.52267
-3.50925
-3.49645
-3.48399
-3.47062
-3.45479
-3.43754
-3.4179
-5.13328
-5.11368
-5.09563
-5.07812
-5.06272
-5.0493
-5.0371
-5.02446
-5.01066
-4.99606
-4.98064
-4.96432
-4.94749
-4.9304
-4.9132
-4.89612
-4.87895
-4.86106
-4.84172
-4.82111
-4.79901
-4.77535
-4.75027
-4.72452
-4.69893
-4.67438
-4.65177
-4.63104
-4.61162
-4.59314
-4.57492
-4.55589
-4.53585
-4.51566
-4.49603
-4.47705
-4.45892
-4.442
-4.42587
-4.40938
-4.39182
-4.37367
-4.35584
-4.33858
-4.32156
-4.30474
-4.28854
-4.27302
-4.25746
-4.24088
-4.22316
-4.20528
-4.18836
-4.17262
-4.15732
-4.14165
-4.12554
-4.10952
-4.094
-4.07884
-4.06356
-4.04795
-4.03233
-4.01731
-4.00316
-3.98941
-3.97494
-3.95887
-3.94124
-3.92296
-3.90499
-3.88758
-3.87
-3.851
-3.82974
-3.80653
-3.78268
-3.75979
-3.73884
-3.7197
-3.70147
-3.68321
-3.66458
-3.64585
-3.62746
-3.60956
-3.59202
-3.57476
-3.558
-3.54208
-3.52701
-3.51256
-3.49859
-3.48534
-3.47299
-3.46113
-3.4483
-3.43277
-3.41587
-3.39666
-5.1593
-5.13914
-5.12115
-5.10479
-5.09087
-5.07807
-5.06601
-5.05348
-5.03922
-5.02333
-5.00627
-4.98839
-4.97025
-4.95218
-4.93418
-4.91635
-4.89842
-4.87985
-4.85977
-4.83823
-4.81503
-4.79007
-4.764
-4.73769
-4.71173
-4.68698
-4.66425
-4.64325
-4.62331
-4.60405
-4.58477
-4.56469
-4.54397
-4.52348
-4.50369
-4.48463
-4.46662
-4.44981
-4.43343
-4.41616
-4.39759
-4.37857
-4.36014
-4.34253
-4.32535
-4.30846
-4.29204
-4.27588
-4.25922
-4.24137
-4.22265
-4.20429
-4.18728
-4.17149
-4.15588
-4.13954
-4.12253
-4.1056
-4.08936
-4.07379
-4.05844
-4.04295
-4.02738
-4.0121
-3.9973
-3.98264
-3.96733
-3.95076
-3.93309
-3.91498
-3.89697
-3.87899
-3.8603
-3.84004
-3.81788
-3.79438
-3.7707
-3.74789
-3.72644
-3.70615
-3.6865
-3.66713
-3.64791
-3.62881
-3.60966
-3.5903
-3.57091
-3.55206
-3.53437
-3.51799
-3.50256
-3.48771
-3.47355
-3.4605
-3.44875
-3.4377
-3.42581
-3.41113
-3.39514
-3.3769
-5.18435
-5.16446
-5.14682
-5.13155
-5.1196
-5.10798
-5.0959
-5.08301
-5.06821
-5.05132
-5.03285
-5.01338
-4.99372
-4.97445
-4.95562
-4.93707
-4.91838
-4.89888
-4.87795
-4.85529
-4.83091
-4.80475
-4.7776
-4.75063
-4.72454
-4.69998
-4.67726
-4.65589
-4.63534
-4.61514
-4.59463
-4.57347
-4.55226
-4.53177
-4.51211
-4.49316
-4.47518
-4.45813
-4.44103
-4.42273
-4.40325
-4.3837
-4.36505
-4.34729
-4.32989
-4.31264
-4.29557
-4.2784
-4.26045
-4.24141
-4.22196
-4.20337
-4.18637
-4.1704
-4.15417
-4.13686
-4.11882
-4.10108
-4.08444
-4.06884
-4.05363
-4.03818
-4.02234
-4.00643
-3.99082
-3.97541
-3.95967
-3.94306
-3.92553
-3.90739
-3.88886
-3.86985
-3.84998
-3.82884
-3.80639
-3.78302
-3.75937
-3.73604
-3.71344
-3.69179
-3.67113
-3.65131
-3.63185
-3.61203
-3.59135
-3.56999
-3.54882
-3.52886
-3.51052
-3.49348
-3.47719
-3.46161
-3.44721
-3.43452
-3.42361
-3.41384
-3.40347
-3.39024
-3.37561
-3.35886
-5.20745
-5.18936
-5.1729
-5.15845
-5.14824
-5.13837
-5.12685
-5.11358
-5.098
-5.07997
-5.0601
-5.03912
-5.01789
-4.99725
-4.97746
-4.95817
-4.93876
-4.91814
-4.89611
-4.87223
-4.84652
-4.8193
-4.7914
-4.76384
-4.73759
-4.71322
-4.69051
-4.66877
-4.64757
-4.62642
-4.60467
-4.58246
-4.56075
-4.54024
-4.52075
-4.50204
-4.48415
-4.46669
-4.44855
-4.42897
-4.40855
-4.38864
-4.36998
-4.35219
-4.33454
-4.31673
-4.29875
-4.28038
-4.26117
-4.24115
-4.22126
-4.20264
-4.1856
-4.16919
-4.15204
-4.13359
-4.1146
-4.09639
-4.07975
-4.06437
-4.04925
-4.03352
-4.01704
-4.00033
-3.98404
-3.96828
-3.95252
-3.93603
-3.91844
-3.89977
-3.88027
-3.86013
-3.83942
-3.818
-3.79564
-3.77226
-3.74804
-3.72355
-3.69963
-3.67707
-3.65609
-3.63614
-3.61604
-3.59471
-3.57198
-3.54875
-3.52638
-3.50564
-3.48636
-3.46799
-3.45037
-3.43397
-3.41949
-3.40739
-3.39768
-3.38964
-3.38127
-3.3699
-3.35719
-3.34264
-5.22736
-5.21264
-5.1988
-5.18572
-5.1771
-5.16922
-5.15889
-5.1455
-5.12889
-5.10935
-5.0879
-5.06546
-5.04279
-5.0207
-4.9997
-4.97949
-4.95923
-4.93759
-4.91424
-4.8891
-4.86217
-4.83401
-4.80555
-4.77769
-4.75133
-4.72692
-4.7039
-4.68156
-4.65959
-4.63751
-4.6148
-4.59191
-4.56991
-4.54929
-4.52977
-4.51111
-4.49317
-4.4752
-4.45601
-4.43528
-4.4141
-4.39392
-4.37518
-4.35717
-4.339
-4.32037
-4.30134
-4.28178
-4.26149
-4.24081
-4.22073
-4.20214
-4.18487
-4.16772
-4.14942
-4.12987
-4.11024
-4.09198
-4.07565
-4.06048
-4.04515
-4.02876
-4.01143
-3.99403
-3.97743
-3.96173
-3.94612
-3.92955
-3.91141
-3.89177
-3.87118
-3.85025
-3.82927
-3.80793
-3.78553
-3.76154
-3.73615
-3.71035
-3.68559
-3.66282
-3.64183
-3.62134
-3.59979
-3.57643
-3.55185
-3.52742
-3.50422
-3.48233
-3.46129
-3.44099
-3.42195
-3.40495
-3.39055
-3.37915
-3.37078
-3.36465
-3.35865
-3.34971
-3.33984
-3.32866
-5.24339
-5.2332
-5.22371
-5.2137
-5.20725
-5.20121
-5.19203
-5.1786
-5.16095
-5.13975
-5.1165
-5.09251
-5.06842
-5.04482
-5.0223
-5.00091
-4.97949
-4.95692
-4.93232
-4.90579
-4.87768
-4.84877
-4.81995
-4.79194
-4.76553
-4.74089
-4.71731
-4.69419
-4.67127
-4.64811
-4.62457
-4.60136
-4.57939
-4.55874
-4.53902
-4.52008
-4.50168
-4.48288
-4.46266
-4.44112
-4.41964
-4.39947
-4.38064
-4.36216
-4.34315
-4.32349
-4.30335
-4.28274
-4.26167
-4.24064
-4.22053
-4.20185
-4.18408
-4.16591
-4.14643
-4.12602
-4.10617
-4.08821
-4.07223
-4.057
-4.04106
-4.02375
-4.00563
-3.98791
-3.97143
-3.95597
-3.94032
-3.92321
-3.90408
-3.88336
-3.862
-3.84083
-3.81996
-3.79859
-3.77559
-3.75042
-3.72373
-3.69714
-3.67225
-3.64957
-3.62816
-3.60632
-3.58282
-3.55769
-3.532
-3.50677
-3.48228
-3.45828
-3.43482
-3.41259
-3.39243
-3.37486
-3.36031
-3.3493
-3.34211
-3.33804
-3.33498
-3.32953
-3.32376
-3.31752
-5.25602
-5.2513
-5.2475
-5.24243
-5.2393
-5.23509
-5.22672
-5.2131
-5.19439
-5.17145
-5.14618
-5.12037
-5.09473
-5.06957
-5.0453
-5.02229
-4.99938
-4.97549
-4.94977
-4.92204
-4.89275
-4.86299
-4.83384
-4.80596
-4.7797
-4.75478
-4.73053
-4.70655
-4.68256
-4.65822
-4.63383
-4.61042
-4.5886
-4.56804
-4.5482
-4.52888
-4.50972
-4.48979
-4.46845
-4.44633
-4.42486
-4.40491
-4.38595
-4.36682
-4.34682
-4.32607
-4.30493
-4.28352
-4.26199
-4.24081
-4.22066
-4.20168
-4.1831
-4.16378
-4.14326
-4.12239
-4.10271
-4.08517
-4.0693
-4.05359
-4.0367
-4.01848
-3.99993
-3.98232
-3.96618
-3.9508
-3.93469
-3.9166
-3.89636
-3.87487
-3.85329
-3.83229
-3.81147
-3.78957
-3.76542
-3.73899
-3.71152
-3.68484
-3.66015
-3.63719
-3.61457
-3.59093
-3.5658
-3.53968
-3.51325
-3.4867
-3.45989
-3.43314
-3.40738
-3.38361
-3.36224
-3.3435
-3.32806
-3.31695
-3.31081
-3.30922
-3.30995
-3.30902
-3.30876
-3.30947
-5.26585
-5.26818
-5.27104
-5.27212
-5.27352
-5.27159
-5.26385
-5.24966
-5.22958
-5.20468
-5.17709
-5.14906
-5.12155
-5.09466
-5.06864
-5.04357
-5.01894
-4.99336
-4.9661
-4.93722
-4.90719
-4.87688
-4.84735
-4.81943
-4.79317
-4.76789
-4.74298
-4.71824
-4.69332
-4.668
-4.64296
-4.61935
-4.5975
-4.57684
-4.5568
-4.5371
-4.51717
-4.49616
-4.47389
-4.45142
-4.4301
-4.41027
-4.39097
-4.37099
-4.34994
-4.32821
-4.30631
-4.28441
-4.26264
-4.24139
-4.22105
-4.20148
-4.18188
-4.16145
-4.14021
-4.11926
-4.09992
-4.08263
-4.06646
-4.04987
-4.03195
-4.0131
-3.99455
-3.97732
-3.96143
-3.94575
-3.92874
-3.90953
-3.88849
-3.86678
-3.84543
-3.8246
-3.80339
-3.78047
-3.75511
-3.7279
-3.70037
-3.67396
-3.64915
-3.6252
-3.60099
-3.5759
-3.54992
-3.52318
-3.49548
-3.46656
-3.43686
-3.40763
-3.38009
-3.35462
-3.33113
-3.31016
-3.29308
-3.28151
-3.27641
-3.27756
-3.28262
-3.28718
-3.2943
-3.30459
-5.27218
-5.28479
-5.29593
-5.30408
-5.31086
-5.31162
-5.3043
-5.28896
-5.26689
-5.23954
-5.20922
-5.17853
-5.14878
-5.11995
-5.0922
-5.06497
-5.03805
-5.01058
-4.98182
-4.95175
-4.921
-4.89034
-4.86061
-4.83255
-4.806
-4.78011
-4.75444
-4.72887
-4.7031
-4.67714
-4.65188
-4.62826
-4.60625
-4.58519
-4.56462
-4.54429
-4.52352
-4.50164
-4.47887
-4.45644
-4.43541
-4.41555
-4.39562
-4.37463
-4.35257
-4.33009
-4.30772
-4.28559
-4.26371
-4.2423
-4.22152
-4.20111
-4.18043
-4.1591
-4.1375
-4.11671
-4.09764
-4.08022
-4.06331
-4.04564
-4.02689
-4.00783
-3.9896
-3.97274
-3.95674
-3.9403
-3.92222
-3.90217
-3.88086
-3.85941
-3.83835
-3.81732
-3.79529
-3.7713
-3.74521
-3.71793
-3.6907
-3.66433
-3.63879
-3.61354
-3.58813
-3.56237
-3.53592
-3.50805
-3.47808
-3.44631
-3.41415
-3.3831
-3.3536
-3.32533
-3.2985
-3.27449
-3.25526
-3.2427
-3.23808
-3.24153
-3.25125
-3.26279
-3.27982
-3.3033
-5.27354
-5.30184
-5.32427
-5.34058
-5.35309
-5.35641
-5.34893
-5.3316
-5.3066
-5.27604
-5.24251
-5.20877
-5.17625
-5.14518
-5.11528
-5.08615
-5.05703
-5.02737
-4.99685
-4.96555
-4.93413
-4.90325
-4.87354
-4.84538
-4.81834
-4.79169
-4.76518
-4.73866
-4.71196
-4.68549
-4.66029
-4.63689
-4.6148
-4.59327
-4.57202
-4.55081
-4.52906
-4.5064
-4.48343
-4.46132
-4.44061
-4.42053
-4.39978
-4.37774
-4.35484
-4.33188
-4.30932
-4.2871
-4.26509
-4.24334
-4.22187
-4.20049
-4.17885
-4.15693
-4.13524
-4.11463
-4.09552
-4.07752
-4.05959
-4.04095
-4.02173
-4.00282
-3.98497
-3.96816
-3.95161
-3.93421
-3.91527
-3.89488
-3.87379
-3.85269
-3.83162
-3.81001
-3.78712
-3.76249
-3.73633
-3.70936
-3.68227
-3.65543
-3.62894
-3.60281
-3.57699
-3.55096
-3.52359
-3.49368
-3.46109
-3.42706
-3.39323
-3.36023
-3.32764
-3.29537
-3.26452
-3.23695
-3.21463
-3.19966
-3.19412
-3.19925
-3.21422
-3.23439
-3.26425
-3.30588
-5.26978
-5.32088
-5.35858
-5.38441
-5.40255
-5.4075
-5.39859
-5.37796
-5.3489
-5.31427
-5.27687
-5.23941
-5.20339
-5.16959
-5.13741
-5.10619
-5.07494
-5.04326
-5.01108
-4.97861
-4.94648
-4.91535
-4.88571
-4.85746
-4.82992
-4.8026
-4.77537
-4.74798
-4.72042
-4.69353
-4.66836
-4.64503
-4.62275
-4.60078
-4.5789
-4.55684
-4.53417
-4.51092
-4.48795
-4.4662
-4.44563
-4.42508
-4.40339
-4.3804
-4.3569
-4.33374
-4.31116
-4.28887
-4.26659
-4.24426
-4.22194
-4.19962
-4.17727
-4.15505
-4.13338
-4.11273
-4.09319
-4.07428
-4.05531
-4.036
-4.0167
-3.99806
-3.98034
-3.96317
-3.9458
-3.92757
-3.90824
-3.88799
-3.86724
-3.84624
-3.8248
-3.80256
-3.77918
-3.75452
-3.72866
-3.70187
-3.67452
-3.64707
-3.62008
-3.59385
-3.56802
-3.54135
-3.51231
-3.48015
-3.44565
-3.41026
-3.37475
-3.33879
-3.30208
-3.26541
-3.23018
-3.19789
-3.17054
-3.15107
-3.14295
-3.14904
-3.16939
-3.19932
-3.24549
-3.31152
-5.26285
-5.34512
-5.40247
-5.43898
-5.46195
-5.46667
-5.45419
-5.42835
-5.39361
-5.35359
-5.31141
-5.2697
-5.23009
-5.19276
-5.15774
-5.12424
-5.09104
-5.05766
-5.02417
-4.99087
-4.95822
-4.92686
-4.89717
-4.86863
-4.84052
-4.81258
-4.78473
-4.75667
-4.72864
-4.70165
-4.67653
-4.65302
-4.63023
-4.60763
-4.58504
-4.5622
-4.53883
-4.51528
-4.49252
-4.47108
-4.45039
-4.42912
-4.40643
-4.38267
-4.35886
-4.33572
-4.31318
-4.29072
-4.26795
-4.24486
-4.22167
-4.1986
-4.17581
-4.15346
-4.13171
-4.1107
-4.09038
-4.07048
-4.05072
-4.0311
-4.0119
-3.99337
-3.9754
-3.95755
-3.93942
-3.92077
-3.90148
-3.88151
-3.86088
-3.83963
-3.81774
-3.7952
-3.77189
-3.74752
-3.72183
-3.6949
-3.66722
-3.63963
-3.61286
-3.58694
-3.56084
-3.53296
-3.50218
-3.46857
-3.43313
-3.39656
-3.35861
-3.31895
-3.27806
-3.2369
-3.1962
-3.15714
-3.12243
-3.09623
-3.08349
-3.08849
-3.11291
-3.15343
-3.21998
-3.31787
-5.2567
-5.38024
-5.46158
-5.50877
-5.53437
-5.53577
-5.51662
-5.48269
-5.43982
-5.39278
-5.34504
-5.29863
-5.25505
-5.21435
-5.17633
-5.1402
-5.10502
-5.0702
-5.03579
-5.00205
-4.96929
-4.938
-4.90823
-4.87928
-4.85056
-4.82195
-4.79335
-4.76465
-4.7364
-4.70963
-4.6847
-4.66095
-4.63755
-4.61417
-4.59076
-4.5671
-4.54316
-4.51955
-4.49709
-4.47583
-4.45474
-4.43257
-4.40895
-4.38467
-4.3608
-4.33778
-4.31521
-4.29238
-4.26894
-4.24503
-4.22109
-4.19753
-4.17452
-4.15203
-4.12997
-4.10829
-4.08705
-4.06632
-4.04611
-4.02643
-4.00727
-3.98851
-3.96995
-3.95141
-3.93284
-3.91417
-3.89509
-3.87519
-3.85434
-3.83272
-3.81067
-3.78829
-3.7653
-3.74111
-3.71533
-3.68822
-3.66065
-3.63357
-3.60743
-3.58164
-3.55487
-3.52585
-3.49414
-3.46012
-3.42413
-3.38594
-3.34517
-3.30212
-3.25735
-3.21094
-3.16302
-3.11521
-3.0709
-3.03513
-3.0141
-3.01406
-3.03992
-3.09083
-3.18127
-3.3213
-5.25866
-5.43565
-5.54432
-5.59991
-5.62353
-5.61629
-5.58553
-5.53974
-5.48626
-5.43045
-5.37571
-5.32428
-5.2767
-5.23297
-5.19231
-5.1538
-5.1168
-5.0808
-5.04574
-5.01182
-4.97929
-4.94834
-4.91861
-4.88937
-4.86022
-4.83108
-4.80175
-4.77242
-4.744
-4.71741
-4.69254
-4.66847
-4.64448
-4.62039
-4.59618
-4.57176
-4.54739
-4.52382
-4.50161
-4.48029
-4.45858
-4.43545
-4.41106
-4.38649
-4.36273
-4.33982
-4.31706
-4.29366
-4.26942
-4.24475
-4.22029
-4.19648
-4.17333
-4.15056
-4.12791
-4.10539
-4.08334
-4.06209
-4.04171
-4.02199
-4.0026
-3.98329
-3.96405
-3.94505
-3.92642
-3.90793
-3.88888
-3.86871
-3.84746
-3.82569
-3.80386
-3.78188
-3.7591
-3.73481
-3.70889
-3.68201
-3.65513
-3.62892
-3.60329
-3.57737
-3.55008
-3.52072
-3.48912
-3.45523
-3.41864
-3.37884
-3.33591
-3.29017
-3.24129
-3.18851
-3.13211
-3.07394
-3.01737
-2.96786
-2.93304
-2.92214
-2.94421
-3.00218
-3.11943
-3.31401
-5.28253
-5.52626
-5.66275
-5.72035
-5.73325
-5.70874
-5.65957
-5.5972
-5.52994
-5.46342
-5.401
-5.344
-5.29252
-5.2462
-5.20365
-5.16369
-5.12566
-5.08914
-5.05397
-5.02023
-4.98818
-4.95768
-4.928
-4.89856
-4.86919
-4.83969
-4.80989
-4.78024
-4.75185
-4.72533
-4.70023
-4.67561
-4.65097
-4.6262
-4.60126
-4.57621
-4.55157
-4.52812
-4.50602
-4.48439
-4.46185
-4.4378
-4.41285
-4.38823
-4.36464
-4.34172
-4.31854
-4.29441
-4.26939
-4.24415
-4.2194
-4.19546
-4.1721
-4.14883
-4.12541
-4.10209
-4.07948
-4.05801
-4.03757
-4.01764
-3.9977
-3.97768
-3.95792
-3.93881
-3.92035
-3.9019
-3.88254
-3.86186
-3.84034
-3.81877
-3.79738
-3.77566
-3.7528
-3.72835
-3.70263
-3.67648
-3.65059
-3.62515
-3.59984
-3.57398
-3.5469
-3.51815
-3.48733
-3.45383
-3.41696
-3.37649
-3.33249
-3.2845
-3.23123
-3.17178
-3.10634
-3.03612
-2.96406
-2.8956
-2.83964
-2.80887
-2.81741
-2.87507
-3.01904
-3.27975
-5.35384
-5.67594
-5.83358
-5.87863
-5.86599
-5.81209
-5.73545
-5.65042
-5.5663
-5.48773
-5.41724
-5.35495
-5.30027
-5.25202
-5.20852
-5.16828
-5.13039
-5.09442
-5.06003
-5.02722
-4.99611
-4.96622
-4.93671
-4.9072
-4.87761
-4.84772
-4.81756
-4.78791
-4.75977
-4.73331
-4.70784
-4.68257
-4.65722
-4.63173
-4.60609
-4.58053
-4.55576
-4.53242
-4.51025
-4.48806
-4.46461
-4.43976
-4.41448
-4.38995
-4.36647
-4.34336
-4.31957
-4.29463
-4.26894
-4.24334
-4.21848
-4.19442
-4.17067
-4.1467
-4.12248
-4.09855
-4.07568
-4.05416
-4.03358
-4.01314
-3.99245
-3.97179
-3.95181
-3.93284
-3.91449
-3.89576
-3.87581
-3.85467
-3.83318
-3.81202
-3.79096
-3.76919
-3.74611
-3.72176
-3.69669
-3.67151
-3.64649
-3.62165
-3.59682
-3.57163
-3.54556
-3.51807
-3.48846
-3.45591
-3.41983
-3.38003
-3.33602
-3.28638
-3.22937
-3.16398
-3.08952
-3.00591
-2.91496
-2.82137
-2.73499
-2.67138
-2.65062
-2.69198
-2.85365
-3.1919
-5.52054
-5.92267
-6.07861
-6.08315
-6.02147
-5.921
-5.80593
-5.69241
-5.58868
-5.4979
-5.42017
-5.35423
-5.29806
-5.24943
-5.20639
-5.16718
-5.13067
-5.09626
-5.06355
-5.03245
-5.00277
-4.97381
-4.94483
-4.91559
-4.88591
-4.85565
-4.82522
-4.79563
-4.76768
-4.74114
-4.71523
-4.68934
-4.66331
-4.63711
-4.61078
-4.58481
-4.55998
-4.53668
-4.51423
-4.49129
-4.46694
-4.44146
-4.41605
-4.39165
-4.36817
-4.34464
-4.3201
-4.29439
-4.2682
-4.24244
-4.21754
-4.19323
-4.16889
-4.14412
-4.1192
-4.09493
-4.07202
-4.05046
-4.02949
-4.00831
-3.98683
-3.96577
-3.94586
-3.92709
-3.90857
-3.88922
-3.8686
-3.84725
-3.82604
-3.80522
-3.78415
-3.76212
-3.739
-3.71513
-3.6909
-3.66652
-3.64217
-3.61803
-3.59417
-3.57025
-3.54573
-3.51998
-3.4922
-3.46162
-3.42772
-3.39
-3.3472
-3.29738
-3.2386
-3.16901
-3.08643
-2.98908
-2.87647
-2.75179
-2.62416
-2.5096
-2.43425
-2.42935
-2.58422
-2.99934
-5.87298
-6.3249
-6.42415
-6.33903
-6.19288
-6.02387
-5.85892
-5.712
-5.58817
-5.48674
-5.40449
-5.33796
-5.28328
-5.23709
-5.19685
-5.16059
-5.127
-5.0953
-5.06514
-5.03635
-5.00841
-4.98057
-4.95238
-4.92364
-4.89408
-4.8637
-4.83325
-4.80381
-4.77588
-4.74901
-4.72252
-4.696
-4.66933
-4.64242
-4.61549
-4.58919
-4.56431
-4.5409
-4.51795
-4.49416
-4.46898
-4.44307
-4.41765
-4.39335
-4.36968
-4.34553
-4.32018
-4.29381
-4.26731
-4.24151
-4.2165
-4.19177
-4.16668
-4.14113
-4.11572
-4.09134
-4.06848
-4.0467
-4.02508
-4.00302
-3.98092
-3.95977
-3.94007
-3.92128
-3.90222
-3.88208
-3.86097
-3.83966
-3.81873
-3.79792
-3.77656
-3.75434
-3.73149
-3.70826
-3.68467
-3.66084
-3.63718
-3.61407
-3.59156
-3.56924
-3.54663
-3.52317
-3.49808
-3.4706
-3.44028
-3.40622
-3.36653
-3.31907
-3.26164
-3.19092
-3.10278
-2.99319
-2.85865
-2.69864
-2.51736
-2.32892
-2.16243
-2.05977
-2.15012
-2.60614
-6.57866
-6.97006
-6.89663
-6.64143
-6.36252
-6.09983
-5.87533
-5.69431
-5.55382
-5.44667
-5.36527
-5.30295
-5.25401
-5.21395
-5.17953
-5.14863
-5.11981
-5.09225
-5.06569
-5.03982
-5.01395
-4.98748
-4.96019
-4.93193
-4.90249
-4.87214
-4.84188
-4.81264
-4.78458
-4.75722
-4.73007
-4.70289
-4.67551
-4.64789
-4.6204
-4.59386
-4.56887
-4.54514
-4.5215
-4.49681
-4.47092
-4.44474
-4.41937
-4.39503
-4.37095
-4.34606
-4.3199
-4.29302
-4.26638
-4.24055
-4.2153
-4.18994
-4.16401
-4.13779
-4.11212
-4.0878
-4.06489
-4.04263
-4.02014
-3.99726
-3.97483
-3.95379
-3.93419
-3.915
-3.89514
-3.87428
-3.85294
-3.83174
-3.81078
-3.78965
-3.76796
-3.74577
-3.72331
-3.70049
-3.67722
-3.65388
-3.63109
-3.60919
-3.5881
-3.56758
-3.54726
-3.52659
-3.50488
-3.48169
-3.45638
-3.42763
-3.39363
-3.35226
-3.30028
-3.23294
-3.14453
-3.02791
-2.8751
-2.67837
-2.43339
-2.14573
-1.83846
-1.55549
-1.46012
-1.83997
-7.93903
-7.9742
-7.50978
-6.96613
-6.49527
-6.1157
-5.82885
-5.62082
-5.47381
-5.37131
-5.29978
-5.24894
-5.21142
-5.18181
-5.15652
-5.13337
-5.111
-5.0888
-5.06661
-5.04406
-5.02053
-4.9957
-4.96946
-4.94163
-4.91223
-4.88195
-4.85185
-4.82262
-4.79422
-4.76624
-4.73838
-4.71045
-4.68228
-4.65391
-4.6259
-4.59909
-4.57385
-4.54958
-4.52506
-4.49946
-4.47298
-4.44665
-4.42126
-4.3967
-4.37201
-4.34628
-4.31941
-4.29218
-4.26547
-4.23953
-4.21382
-4.18766
-4.16092
-4.13422
-4.1085
-4.08421
-4.061
-4.03797
-4.01455
-3.99109
-3.96858
-3.94763
-3.92777
-3.90785
-3.88712
-3.86574
-3.84427
-3.82295
-3.80163
-3.78001
-3.75808
-3.73598
-3.71368
-3.69091
-3.66778
-3.64493
-3.623
-3.60223
-3.58252
-3.56381
-3.54592
-3.52837
-3.51066
-3.49254
-3.47344
-3.45202
-3.42677
-3.39547
-3.35402
-3.29699
-3.21698
-3.10308
-2.94158
-2.71457
-2.40321
-1.99274
-1.48451
-0.900297
-0.396342
-0.394882
-10.5949
-9.49433
-8.22833
-7.24264
-6.52569
-6.02309
-5.68928
-5.47532
-5.34179
-5.26032
-5.21108
-5.18091
-5.16123
-5.14648
-5.13329
-5.11976
-5.10498
-5.08873
-5.07101
-5.05158
-5.03019
-5.00681
-4.98138
-4.95381
-4.92442
-4.89414
-4.86397
-4.8344
-4.80534
-4.77655
-4.74785
-4.71904
-4.68996
-4.66081
-4.63229
-4.60511
-4.57937
-4.55426
-4.52872
-4.50225
-4.47532
-4.44885
-4.42332
-4.39828
-4.37279
-4.34621
-4.31877
-4.29134
-4.26456
-4.2383
-4.21191
-4.18488
-4.15748
-4.13055
-4.10483
-4.08037
-4.05652
-4.03258
-4.00841
-3.98464
-3.9621
-3.94096
-3.92046
-3.89965
-3.87817
-3.85637
-3.83462
-3.81287
-3.79093
-3.76879
-3.7466
-3.72438
-3.70182
-3.67874
-3.65558
-3.63314
-3.61182
-3.59173
-3.57309
-3.55604
-3.54034
-3.52571
-3.5121
-3.49943
-3.48725
-3.47478
-3.46089
-3.44326
-3.41817
-3.3801
-3.31994
-3.22446
-3.07335
-2.83679
-2.47394
-1.93435
-1.17017
-0.128315
1.20018
2.37298
-16.0808
-11.623
-8.70936
-7.14321
-6.21869
-5.6695
-5.36322
-5.20263
-5.12575
-5.09514
-5.08845
-5.09247
-5.09951
-5.1054
-5.108
-5.10641
-5.10062
-5.09109
-5.07809
-5.06179
-5.0424
-5.02019
-4.99524
-4.96773
-4.93828
-4.90791
-4.87744
-4.84723
-4.81728
-4.78753
-4.75784
-4.728
-4.69794
-4.66803
-4.63895
-4.61125
-4.58474
-4.5586
-4.532
-4.50479
-4.47753
-4.4509
-4.42504
-4.39934
-4.37298
-4.34569
-4.3179
-4.29036
-4.26339
-4.23662
-4.20942
-4.18165
-4.15385
-4.12683
-4.101
-4.07608
-4.05145
-4.0267
-4.00204
-3.97811
-3.95543
-3.93383
-3.91251
-3.89083
-3.86875
-3.84657
-3.82437
-3.80196
-3.77935
-3.75678
-3.73428
-3.71158
-3.68845
-3.66504
-3.6419
-3.61963
-3.5986
-3.57905
-3.56134
-3.5457
-3.53204
-3.52038
-3.51109
-3.50444
-3.50045
-3.49906
-3.49977
-3.50128
-3.50121
-3.49476
-3.47408
-3.42617
-3.32723
-3.13935
-2.79911
-2.20558
-1.2218
0.419313
3.42515
7.99544
-25.3859
-13.6616
-8.16406
-6.14396
-5.27719
-4.89886
-4.77088
-4.76257
-4.80553
-4.86603
-4.92751
-4.98195
-5.02608
-5.05917
-5.08159
-5.09439
-5.09907
-5.097
-5.0891
-5.07609
-5.05868
-5.03742
-5.01264
-4.98488
-4.95505
-4.92416
-4.89294
-4.86172
-4.83061
-4.79963
-4.76867
-4.73755
-4.70632
-4.67545
-4.64558
-4.61703
-4.58949
-4.56222
-4.53465
-4.50681
-4.47922
-4.4523
-4.42593
-4.39951
-4.37242
-4.34463
-4.31661
-4.28891
-4.26156
-4.2341
-4.20612
-4.17775
-4.14964
-4.12246
-4.09629
-4.07072
-4.04529
-4.01988
-3.99487
-3.97077
-3.94777
-3.92551
-3.90338
-3.88097
-3.85832
-3.8356
-3.81274
-3.78965
-3.76646
-3.74338
-3.72035
-3.69706
-3.67337
-3.64961
-3.62643
-3.60426
-3.58338
-3.56426
-3.54744
-3.53315
-3.52153
-3.51308
-3.50867
-3.50907
-3.51488
-3.52704
-3.54662
-3.57399
-3.60872
-3.64992
-3.69418
-3.73223
-3.74785
-3.70627
-3.53682
-3.10595
-2.16664
-0.0471669
5.56427
17.402
0
0
0
0
0
0
0
0
0
0
0
0
0
0
0
0
0
0
0
0
0
0
0
0
0
0
0
0
0
0
0
0
0
0
0
0
0
0
0
0
0
0
0
0
0
0
0
0
0
0
0
0
0
0
0
0
0
0
0
0
0
0
0
0
0
0
0
0
0
0
0
0
0
0
0
0
0
0
0
0
0
0
0
0
0
0
0
0
0
0
0
0
0
0
0
0
0
0
0
0
)
;

boundaryField
{
    obstacleFixedWalls
    {
        type            zeroGradient;
    }
    obstacleFrontAndBack
    {
        type            empty;
    }
    movingWall
    {
        type            zeroGradient;
    }
    fixedWalls
    {
        type            zeroGradient;
    }
    frontAndBack
    {
        type            empty;
    }
}


// ************************************************************************* //
