/*--------------------------------*- C++ -*----------------------------------*\
  =========                 |
  \\      /  F ield         | OpenFOAM: The Open Source CFD Toolbox
   \\    /   O peration     | Website:  https://openfoam.org
    \\  /    A nd           | Version:  11
     \\/     M anipulation  |
\*---------------------------------------------------------------------------*/
FoamFile
{
    format      ascii;
    class       volScalarField;
    location    "1.3";
    object      p;
}
// * * * * * * * * * * * * * * * * * * * * * * * * * * * * * * * * * * * * * //

dimensions      [0 2 -2 0 0 0 0];

internalField   nonuniform List<scalar> 
10100
(
6.02375e-08
-0.000274511
-0.000480111
0.000379012
0.00219794
0.00459958
0.00726261
0.0100044
0.0127015
0.0152829
0.0177252
0.0200097
0.0221492
0.0241728
0.0260799
0.0278686
0.0295433
0.0310874
0.0325307
0.033903
0.0352139
0.0364783
0.0377358
0.0390084
0.040317
0.0416919
0.0431542
0.0447191
0.0464047
0.0482242
0.0501788
0.0522631
0.054468
0.0567788
0.0591814
0.0616702
0.0642461
0.0669039
0.0696338
0.0724381
0.0753234
0.0782834
0.0813008
0.0843536
0.0874279
0.0905227
0.0936393
0.0967821
0.0999586
0.103161
0.106367
0.109553
0.11271
0.115845
0.118973
0.122094
0.125192
0.128256
0.131275
0.134235
0.137125
0.139941
0.142684
0.145368
0.148005
0.150589
0.153095
0.155502
0.157802
0.159986
0.162039
0.163946
0.165702
0.167298
0.168724
0.169977
0.17105
0.171932
0.17261
0.173092
0.173401
0.173548
0.173529
0.173335
0.172975
0.172472
0.171846
0.171104
0.170247
0.169274
0.1682
0.167053
0.165877
0.164716
0.163613
0.162603
0.161732
0.161075
0.16076
0.160939
4.78014e-06
0.00145127
0.00254255
0.00411125
0.0061754
0.00844044
0.0107853
0.0131141
0.0153915
0.0175835
0.0196754
0.0216747
0.0235794
0.0253849
0.0271097
0.0287633
0.0303297
0.031807
0.0332072
0.03454
0.0358287
0.0371031
0.0383856
0.0397083
0.0410871
0.0425292
0.0440486
0.0456578
0.0473671
0.0491868
0.0511246
0.0531835
0.0553583
0.0576331
0.0599938
0.0624388
0.0649697
0.0675806
0.0702658
0.0730253
0.0758614
0.0787668
0.0817244
0.0847212
0.0877484
0.0907934
0.0938538
0.0969424
0.100064
0.10321
0.10636
0.109482
0.112563
0.115623
0.118673
0.121705
0.124711
0.127689
0.130621
0.133487
0.136277
0.138991
0.141628
0.144208
0.14675
0.14924
0.151644
0.153948
0.156154
0.158253
0.160223
0.162051
0.163741
0.165286
0.166675
0.167901
0.16896
0.169838
0.170525
0.171032
0.171383
0.171589
0.171638
0.171515
0.171234
0.170823
0.170308
0.169691
0.168963
0.168127
0.1672
0.166217
0.16522
0.164247
0.163331
0.1625
0.161785
0.161249
0.161003
0.161157
0.000468873
0.00317355
0.0051258
0.00720383
0.0094402
0.0116394
0.0137567
0.0158024
0.0177696
0.019654
0.0214641
0.0232237
0.0249145
0.0265352
0.0281003
0.0296105
0.0310665
0.0324732
0.0338104
0.035107
0.0363737
0.0376322
0.0389216
0.0402645
0.0416679
0.0431433
0.0446979
0.0463361
0.0480668
0.049898
0.051835
0.0538828
0.0560399
0.0582927
0.0606266
0.06304
0.0655344
0.0681054
0.070754
0.0734827
0.0762841
0.0791478
0.0820598
0.0850086
0.0879908
0.0909952
0.0940137
0.0970626
0.10015
0.103253
0.106347
0.109412
0.112436
0.115433
0.118418
0.121383
0.124317
0.127222
0.130085
0.132875
0.135577
0.138196
0.140745
0.143244
0.145703
0.148109
0.150433
0.152659
0.154792
0.156823
0.158729
0.160496
0.162128
0.163628
0.16499
0.166199
0.167246
0.168119
0.168815
0.16935
0.169743
0.169996
0.170094
0.170026
0.169811
0.169481
0.169059
0.168543
0.16792
0.16719
0.166378
0.165519
0.164653
0.163809
0.163011
0.162279
0.161635
0.161136
0.160876
0.160919
0.00238099
0.00567336
0.00808791
0.0103874
0.0125988
0.0146354
0.016517
0.0182985
0.0200028
0.0216276
0.0231972
0.0247197
0.026211
0.0276664
0.0290716
0.0304473
0.0317899
0.0330918
0.0343638
0.0356119
0.0368523
0.0381027
0.0393925
0.0407405
0.0421567
0.0436451
0.0452078
0.0468585
0.0486072
0.0504504
0.0523903
0.0544354
0.0565815
0.0588149
0.0611271
0.0635165
0.0659815
0.0685181
0.071132
0.0738322
0.0766079
0.0794405
0.0823191
0.0852327
0.0881731
0.0911369
0.0941257
0.0971508
0.100212
0.103282
0.106329
0.109339
0.112314
0.115264
0.118193
0.121097
0.123974
0.126823
0.12962
0.132335
0.134959
0.1375
0.139973
0.142397
0.144784
0.147115
0.149364
0.151523
0.153598
0.155576
0.157424
0.159133
0.160717
0.162185
0.163526
0.164719
0.165756
0.166631
0.167346
0.167914
0.168347
0.168642
0.168781
0.16876
0.168601
0.168343
0.168003
0.167568
0.167022
0.166372
0.165647
0.164884
0.164112
0.16335
0.162617
0.16193
0.16131
0.160806
0.160483
0.160371
0.00555947
0.0088853
0.0113697
0.013614
0.0156833
0.0174826
0.0191195
0.0206459
0.0221103
0.0235223
0.02488
0.0262072
0.027517
0.0288091
0.0300874
0.0313431
0.0325828
0.033792
0.0349923
0.0361888
0.0373963
0.0386332
0.0399191
0.0412719
0.0426968
0.0441888
0.045754
0.0474076
0.0491561
0.0509975
0.0529362
0.0549756
0.0571057
0.0593158
0.0616037
0.0639668
0.0664005
0.0689054
0.0714883
0.0741542
0.0768955
0.079697
0.0825449
0.0854264
0.0883297
0.0912524
0.0942093
0.0972146
0.100251
0.10328
0.106282
0.109249
0.112177
0.115078
0.117956
0.120807
0.123631
0.126428
0.129167
0.13181
0.134356
0.136827
0.139239
0.1416
0.143916
0.146176
0.148361
0.150465
0.152489
0.154413
0.156208
0.157867
0.159412
0.160855
0.162179
0.163362
0.164392
0.165273
0.16601
0.166612
0.167083
0.167413
0.167587
0.167607
0.167503
0.167309
0.167035
0.166662
0.166176
0.16559
0.164936
0.164248
0.163546
0.162841
0.162145
0.161475
0.160852
0.16032
0.15991
0.159624
0.00956437
0.0124819
0.0147472
0.0167617
0.0185606
0.0201194
0.0214957
0.0227859
0.0240246
0.0252368
0.02643
0.0275969
0.0287572
0.0299134
0.0310675
0.0322266
0.0333827
0.0345246
0.0356597
0.0368174
0.0380006
0.0392204
0.0404971
0.0418489
0.0432757
0.0447681
0.0463339
0.0479859
0.0497264
0.0515573
0.0534851
0.05551
0.0576214
0.0598083
0.0620668
0.0643959
0.0667957
0.0692703
0.071825
0.0744563
0.0771578
0.0799241
0.0827386
0.0855805
0.0884451
0.0913361
0.0942635
0.0972383
0.100241
0.10323
0.10619
0.109117
0.112007
0.114861
0.117688
0.120492
0.123275
0.126025
0.128706
0.131285
0.133771
0.136189
0.138551
0.140856
0.143111
0.145314
0.147449
0.14951
0.151489
0.153364
0.15511
0.156729
0.158246
0.159673
0.160988
0.162162
0.163188
0.164075
0.164833
0.165465
0.165966
0.166322
0.166526
0.166586
0.166532
0.166392
0.166166
0.165837
0.165394
0.164857
0.164261
0.163633
0.162984
0.162312
0.161628
0.160952
0.160309
0.159731
0.159221
0.158752
0.0139723
0.0162806
0.0181356
0.0198176
0.0213124
0.0225776
0.0237225
0.0247797
0.0258049
0.0268289
0.0278539
0.028885
0.0299228
0.0309617
0.0320088
0.0330814
0.0341558
0.035238
0.0363304
0.0374525
0.0386142
0.0398243
0.0410969
0.0424429
0.0438607
0.0453474
0.0469107
0.0485567
0.050287
0.0521065
0.0540199
0.0560253
0.0581158
0.0602803
0.0625087
0.0648022
0.0671673
0.069608
0.072129
0.0747281
0.0773941
0.0801201
0.0828928
0.0856907
0.0885117
0.091369
0.0942699
0.09721
0.100168
0.103115
0.106039
0.108932
0.111783
0.114595
0.117382
0.12015
0.122895
0.125601
0.128233
0.130763
0.133207
0.13559
0.137915
0.140176
0.142382
0.14454
0.146642
0.14867
0.150611
0.152442
0.154149
0.155742
0.157245
0.158662
0.159967
0.161132
0.162154
0.163047
0.163821
0.164474
0.164994
0.16537
0.1656
0.165697
0.165688
0.16559
0.165396
0.165092
0.164677
0.164179
0.163631
0.163051
0.162435
0.161774
0.161082
0.160385
0.159705
0.159066
0.15845
0.157802
0.0184944
0.0201035
0.0214832
0.0227858
0.0239515
0.0249311
0.0258178
0.026665
0.0274939
0.0283291
0.0291954
0.0300905
0.0310065
0.0319446
0.0329039
0.0338864
0.0348969
0.0359232
0.0369771
0.0380683
0.0392108
0.0404129
0.0416817
0.043021
0.0444293
0.0459082
0.0474626
0.0490976
0.0508182
0.0526282
0.0545278
0.0565138
0.0585817
0.0607225
0.0629233
0.065183
0.0675141
0.0699212
0.0724036
0.0749632
0.0775941
0.0802811
0.0830043
0.0857511
0.0885293
0.0913504
0.094214
0.0971118
0.100025
0.102932
0.105823
0.108684
0.1115
0.114276
0.117033
0.119775
0.122489
0.125156
0.127748
0.130247
0.13267
0.135034
0.137333
0.139561
0.141734
0.143864
0.145944
0.147949
0.149858
0.151654
0.153335
0.154915
0.156412
0.157822
0.159116
0.160268
0.161282
0.162176
0.162959
0.163622
0.164152
0.164541
0.164793
0.164924
0.164952
0.164881
0.164701
0.164406
0.164009
0.163542
0.163034
0.162487
0.161883
0.161215
0.1605
0.159772
0.159048
0.158343
0.157618
0.156802
0.0229347
0.0238539
0.0247285
0.0256411
0.0264819
0.02718
0.0278165
0.0284489
0.0290895
0.0297622
0.0304751
0.0312265
0.0320231
0.0328611
0.0337322
0.0346345
0.0355839
0.0365618
0.0375791
0.0386463
0.0397714
0.0409621
0.0422234
0.0435542
0.0449544
0.0464257
0.0479688
0.0495922
0.0513046
0.0531046
0.0549906
0.056962
0.0590099
0.0611221
0.0632934
0.0655258
0.0678253
0.0701956
0.0726407
0.0751622
0.0777511
0.0803917
0.083066
0.0857652
0.0885003
0.0912799
0.0940985
0.0969487
0.0998185
0.102691
0.105552
0.108384
0.111169
0.113918
0.116654
0.119376
0.122064
0.124699
0.127263
0.12975
0.132168
0.134521
0.136802
0.139009
0.141163
0.143281
0.14535
0.147338
0.149223
0.150995
0.152662
0.154239
0.155735
0.157137
0.158414
0.159549
0.160552
0.161443
0.162224
0.162886
0.163414
0.16381
0.164082
0.164243
0.164295
0.164234
0.164052
0.163756
0.163372
0.162932
0.162453
0.161922
0.161313
0.160623
0.15988
0.159118
0.158348
0.157575
0.156742
0.155771
0.0271699
0.0274493
0.0278318
0.0283508
0.0288818
0.0293157
0.0297203
0.0301356
0.0305993
0.0311168
0.0316809
0.0323013
0.0329823
0.033716
0.0344937
0.0353264
0.0362078
0.0371411
0.0381237
0.0391678
0.0402796
0.0414585
0.0427063
0.0440258
0.0454177
0.0468802
0.0484137
0.050027
0.0517297
0.0535205
0.0553938
0.0573483
0.0593771
0.0614656
0.063607
0.0658089
0.0680789
0.0704167
0.0728262
0.0753101
0.0778565
0.080449
0.0830757
0.0857329
0.0884288
0.0911652
0.0939352
0.0967383
0.0995703
0.102414
0.105249
0.108054
0.110815
0.113548
0.11627
0.118973
0.121637
0.124247
0.126799
0.129286
0.131707
0.134054
0.13632
0.138514
0.140663
0.142781
0.144846
0.146822
0.148689
0.15045
0.152116
0.153696
0.15519
0.156577
0.157833
0.158951
0.159944
0.160827
0.161598
0.162245
0.162764
0.163163
0.163454
0.163637
0.163701
0.163636
0.163445
0.163148
0.162777
0.162358
0.161894
0.161361
0.160735
0.160019
0.159249
0.158452
0.157634
0.156791
0.155851
0.154737
0.0311307
0.0308364
0.0307687
0.0309163
0.0311293
0.031323
0.0315079
0.031728
0.0320147
0.0323714
0.0328031
0.0333036
0.0338688
0.0345006
0.0351941
0.0359571
0.036775
0.0376577
0.0386065
0.0396289
0.0407258
0.0418898
0.0431215
0.0444304
0.0458132
0.0472609
0.0487831
0.0503923
0.0520863
0.0538612
0.0557202
0.05766
0.0596673
0.0617309
0.0638481
0.066023
0.0682618
0.0705677
0.072946
0.0753961
0.0779017
0.0804496
0.0830361
0.0856596
0.0883199
0.0910124
0.0937357
0.0964996
0.0993033
0.102123
0.104933
0.107716
0.110464
0.11319
0.115902
0.118586
0.121228
0.123824
0.126375
0.12887
0.131293
0.133631
0.135885
0.138077
0.140234
0.14236
0.144423
0.14639
0.14825
0.150011
0.151684
0.153269
0.154754
0.156122
0.157361
0.158469
0.159457
0.160328
0.161079
0.161705
0.162212
0.162616
0.162922
0.163116
0.16318
0.163106
0.162907
0.162614
0.162255
0.161847
0.161381
0.160833
0.160184
0.159446
0.158651
0.157821
0.15695
0.15603
0.154982
0.153734
0.0347751
0.0339881
0.0335266
0.0333159
0.0332273
0.0331754
0.0331628
0.0332039
0.033317
0.0335233
0.0338258
0.0342079
0.0346664
0.0352034
0.0358214
0.0365101
0.0372742
0.0381073
0.0390214
0.0400197
0.0410941
0.0422408
0.0434606
0.044756
0.0461242
0.047561
0.0490733
0.0506721
0.0523565
0.05412
0.055962
0.0578817
0.059869
0.0619131
0.0640083
0.0661572
0.0683689
0.0706487
0.0729984
0.0754135
0.0778817
0.0803969
0.0829563
0.0855512
0.0881753
0.0908269
0.0935136
0.0962499
0.0990316
0.10183
0.104619
0.107387
0.110133
0.112858
0.115559
0.118224
0.120851
0.123446
0.126005
0.128507
0.130926
0.133254
0.135504
0.137705
0.139877
0.142012
0.144075
0.146038
0.1479
0.149672
0.151355
0.15294
0.154413
0.155767
0.157
0.15811
0.159096
0.159952
0.160676
0.161278
0.161778
0.162188
0.162502
0.162697
0.162752
0.162668
0.162467
0.16218
0.161827
0.161415
0.160933
0.160361
0.159691
0.158937
0.158122
0.157255
0.156323
0.155318
0.154166
0.152799
0.0381018
0.0368813
0.0360578
0.0355332
0.0351596
0.034871
0.0346676
0.0345376
0.0344974
0.0345659
0.034738
0.0350064
0.0353664
0.0358142
0.0363551
0.0369763
0.0376844
0.0384724
0.0393508
0.0403207
0.041369
0.0424929
0.0437002
0.0449857
0.0463378
0.0477616
0.049269
0.0508603
0.0525302
0.0542787
0.0561082
0.0580138
0.0599835
0.0620079
0.0640835
0.0662139
0.0684063
0.0706624
0.0729822
0.075365
0.0778057
0.0803005
0.0828404
0.0854091
0.0880001
0.0906201
0.0932829
0.0960003
0.0987623
0.101541
0.104316
0.107083
0.109833
0.112556
0.115245
0.117897
0.120521
0.123126
0.125694
0.128195
0.130605
0.132926
0.135183
0.137402
0.139591
0.141731
0.143794
0.145762
0.147637
0.149421
0.15111
0.152689
0.154154
0.155507
0.156749
0.157871
0.158855
0.159692
0.16039
0.160973
0.161467
0.16188
0.162194
0.162379
0.162421
0.16233
0.162131
0.161846
0.161488
0.161059
0.160551
0.159954
0.159267
0.158502
0.157668
0.156758
0.155756
0.154666
0.153418
0.151944
0.0411231
0.0394956
0.0383414
0.0375398
0.036905
0.0363945
0.0360043
0.0357211
0.0355435
0.0354828
0.0355364
0.0356995
0.0359644
0.0363298
0.0367893
0.0373451
0.0379918
0.0387396
0.03958
0.0405078
0.0415299
0.0426413
0.0438308
0.045095
0.0464377
0.0478613
0.0493627
0.0509397
0.0525967
0.0543374
0.056159
0.0580525
0.0600082
0.0620195
0.0640829
0.0661997
0.0683748
0.0706082
0.0729016
0.0752604
0.0776842
0.0801663
0.0826898
0.0852356
0.0878027
0.090405
0.0930556
0.0957588
0.0985029
0.101268
0.104043
0.106817
0.109573
0.112292
0.114971
0.117619
0.120254
0.122872
0.125444
0.127936
0.130339
0.132664
0.134938
0.137175
0.139372
0.141512
0.143576
0.145556
0.147445
0.149237
0.150922
0.152496
0.153964
0.155332
0.156594
0.157728
0.158709
0.159528
0.160206
0.160777
0.161269
0.161679
0.161982
0.162152
0.162183
0.162091
0.161896
0.161608
0.161234
0.160778
0.16024
0.159619
0.158917
0.158137
0.157278
0.156318
0.155244
0.154074
0.15274
0.151174
0.0438144
0.0418302
0.040378
0.0393078
0.0384525
0.0377367
0.0371734
0.0367492
0.0364438
0.0362616
0.0362108
0.036283
0.0364614
0.0367393
0.0371197
0.0376144
0.0382039
0.0388929
0.0396865
0.0405831
0.0415796
0.0426679
0.0438381
0.0450905
0.0464295
0.047849
0.0493405
0.0509075
0.0525588
0.054295
0.0561093
0.0579949
0.0599444
0.0619509
0.0640085
0.066115
0.0682735
0.070486
0.0727603
0.0751069
0.0775237
0.0799966
0.0825059
0.0850376
0.0875965
0.0901954
0.0928405
0.0955322
0.0982652
0.101031
0.103816
0.106601
0.109359
0.112075
0.114752
0.117411
0.120062
0.122688
0.125254
0.127738
0.130142
0.132481
0.134771
0.137018
0.139215
0.141352
0.143421
0.145411
0.147307
0.149096
0.150775
0.15235
0.153833
0.155226
0.156509
0.157653
0.15863
0.159439
0.16011
0.16068
0.161171
0.161574
0.161864
0.162022
0.16205
0.161964
0.161773
0.161477
0.161079
0.160591
0.160021
0.159374
0.158649
0.157847
0.156952
0.155937
0.154797
0.153557
0.152145
0.150497
0.0461493
0.0438745
0.0421511
0.0408463
0.039784
0.0388956
0.0381826
0.0376176
0.0371904
0.0369056
0.0367612
0.0367394
0.0368344
0.037038
0.0373514
0.0377715
0.0383029
0.0389368
0.0396801
0.040542
0.0415122
0.0425759
0.0437291
0.0449763
0.0463122
0.0477219
0.0492016
0.050763
0.0524134
0.0541467
0.055956
0.0578389
0.0597897
0.0617988
0.0638551
0.0659531
0.0680972
0.0702961
0.0725634
0.0749085
0.0773229
0.0797893
0.0822929
0.0848264
0.0873926
0.0899959
0.0926386
0.0953256
0.0980613
0.10084
0.103642
0.106434
0.109192
0.111911
0.1146
0.117275
0.119937
0.122563
0.125122
0.127606
0.13002
0.132375
0.134675
0.136923
0.139116
0.141251
0.143322
0.145316
0.147209
0.148991
0.150666
0.152252
0.153758
0.155177
0.15648
0.157632
0.158611
0.159424
0.160103
0.160682
0.161177
0.161575
0.161855
0.162008
0.162042
0.161968
0.16178
0.161471
0.161046
0.160524
0.159919
0.15924
0.158485
0.157647
0.156707
0.155637
0.154437
0.153136
0.151656
0.149931
0.0481155
0.0455964
0.0436505
0.0421401
0.0408947
0.0398533
0.0389963
0.0383159
0.0377861
0.0373979
0.0371605
0.0370623
0.0370812
0.0372105
0.0374597
0.0378175
0.0382849
0.0388633
0.0395658
0.0403942
0.0413328
0.0423724
0.0435157
0.0447598
0.0460863
0.0474806
0.0489506
0.0505105
0.05216
0.0538895
0.0556972
0.0575851
0.059545
0.06156
0.0636149
0.0657064
0.067845
0.0700436
0.0723142
0.0746613
0.0770751
0.0795427
0.0820551
0.0846044
0.0871848
0.0897948
0.092441
0.0951361
0.0978876
0.100686
0.103501
0.106299
0.109062
0.111793
0.1145
0.11719
0.119856
0.122479
0.125039
0.127534
0.129967
0.132336
0.134641
0.136886
0.139076
0.141211
0.143282
0.145273
0.14716
0.148938
0.150618
0.152222
0.153752
0.155191
0.156509
0.157671
0.158664
0.159496
0.160196
0.160793
0.161295
0.16169
0.161965
0.16212
0.162167
0.162106
0.161922
0.161599
0.161147
0.160588
0.159945
0.159226
0.158431
0.157548
0.156555
0.155431
0.154174
0.152818
0.151279
0.149481
0.0496922
0.0469866
0.044871
0.0431733
0.0417606
0.0405838
0.039606
0.038816
0.0381939
0.0377254
0.0374059
0.0372328
0.0371877
0.0372604
0.0374427
0.0377406
0.0381502
0.038683
0.0393492
0.0401412
0.04105
0.042075
0.0432129
0.0444461
0.0457539
0.0471348
0.0486017
0.0501596
0.0518028
0.0535287
0.0553426
0.0572436
0.059214
0.061232
0.0632858
0.0653789
0.0675243
0.0697317
0.0720081
0.0743577
0.0767762
0.0792562
0.0817883
0.0843579
0.0869528
0.0895729
0.0922328
0.0949484
0.0977226
0.10054
0.103368
0.106176
0.108954
0.111705
0.114431
0.11713
0.119799
0.122426
0.124998
0.127515
0.12997
0.132354
0.134665
0.136912
0.139105
0.141242
0.143313
0.1453
0.147185
0.148966
0.150661
0.152283
0.153831
0.155282
0.156609
0.157786
0.158802
0.159663
0.160393
0.16101
0.16152
0.161913
0.162185
0.162347
0.162409
0.162363
0.162181
0.161847
0.161369
0.160777
0.160093
0.159328
0.158483
0.157545
0.156494
0.155312
0.154
0.152594
0.151
0.149132
0.0509067
0.048056
0.0457903
0.0439483
0.042391
0.0410818
0.0400003
0.0391176
0.0384119
0.0378716
0.0374894
0.037256
0.0371558
0.0371746
0.0372993
0.0375426
0.0379083
0.0384031
0.039029
0.0397872
0.0406798
0.0416989
0.0428249
0.0440373
0.045329
0.0467055
0.0481702
0.0497196
0.0513549
0.0530846
0.0549122
0.0568253
0.0587999
0.0608189
0.0628781
0.0649828
0.0671412
0.0693579
0.0716393
0.0739948
0.0764263
0.0789262
0.0814798
0.084068
0.0866782
0.0893153
0.091999
0.0947426
0.0975416
0.100378
0.103222
0.10605
0.108852
0.111627
0.11437
0.117079
0.119756
0.122397
0.124993
0.127538
0.13002
0.132422
0.134745
0.137003
0.139205
0.141349
0.143423
0.145411
0.147302
0.149095
0.150807
0.152445
0.154002
0.155457
0.156789
0.157983
0.159026
0.159921
0.160681
0.161318
0.161833
0.162224
0.162497
0.16267
0.16275
0.162718
0.162539
0.162194
0.161696
0.161074
0.160351
0.159539
0.158638
0.157638
0.156523
0.155278
0.153911
0.152458
0.150809
0.148874
0.0517902
0.0488091
0.0464294
0.0444642
0.0427828
0.0413675
0.040188
0.039221
0.0384475
0.0378471
0.0374136
0.0371318
0.036982
0.0369448
0.0370257
0.0372265
0.0375545
0.0380112
0.0386027
0.0393428
0.0402289
0.0412376
0.0423448
0.0435416
0.0448294
0.0462048
0.0476608
0.0492
0.0508366
0.052579
0.0544183
0.0563342
0.0583083
0.0603332
0.0624068
0.064528
0.0666984
0.0689223
0.0712111
0.0735797
0.0760307
0.0785516
0.0811233
0.0837282
0.0863575
0.0890194
0.0917332
0.0945071
0.0973316
0.10019
0.103059
0.105915
0.108747
0.111547
0.114304
0.117024
0.119718
0.122382
0.125009
0.127587
0.130097
0.132522
0.134867
0.137145
0.139366
0.141522
0.143605
0.145603
0.147508
0.149319
0.151048
0.152698
0.154256
0.15571
0.157048
0.158259
0.159333
0.160262
0.16105
0.161704
0.162226
0.16262
0.1629
0.163086
0.163183
0.163163
0.162984
0.16263
0.162118
0.161475
0.160721
0.159863
0.158904
0.157837
0.156652
0.155342
0.153922
0.152422
0.15072
0.148715
0.0523479
0.0492617
0.0467896
0.0447292
0.0429421
0.0414371
0.0401786
0.0391415
0.0383087
0.0376603
0.0371822
0.036854
0.0366551
0.0365733
0.0366161
0.0367801
0.0370705
0.037495
0.0380702
0.0388046
0.0396812
0.0406734
0.0417682
0.0429648
0.0442554
0.0456246
0.0470703
0.0486095
0.0502589
0.0520137
0.0538549
0.0557677
0.0577459
0.059786
0.0618794
0.0640166
0.0661977
0.0684323
0.0707367
0.0731261
0.0755994
0.0781391
0.0807263
0.0833492
0.0860036
0.0886961
0.0914414
0.0942441
0.0970945
0.0999794
0.102879
0.105769
0.108632
0.111453
0.114226
0.11696
0.119676
0.12237
0.125031
0.12764
0.13018
0.132635
0.135011
0.13732
0.139565
0.141741
0.143841
0.145858
0.147786
0.149623
0.151371
0.153029
0.15459
0.156045
0.157392
0.158626
0.15973
0.160693
0.161509
0.162181
0.162715
0.163118
0.16341
0.163611
0.163718
0.163699
0.163515
0.163153
0.162633
0.16198
0.161203
0.160304
0.159286
0.15815
0.156893
0.155519
0.154049
0.152504
0.150752
0.148671
0.0525961
0.0494384
0.0468818
0.0447517
0.0428863
0.0413023
0.039982
0.0388923
0.0380092
0.0373154
0.0367915
0.0364182
0.0361742
0.036057
0.0360602
0.0361885
0.036448
0.0368555
0.0374259
0.0381521
0.0390134
0.0399954
0.041093
0.042297
0.0435858
0.0449468
0.0463931
0.0479468
0.0496109
0.0513684
0.053205
0.05512
0.0571138
0.0591766
0.06129
0.0634426
0.06564
0.0678966
0.0702282
0.0726443
0.07514
0.0776975
0.0803021
0.0829486
0.0856339
0.0883594
0.0911345
0.0939632
0.0968402
0.0997566
0.102691
0.105614
0.108505
0.111347
0.114136
0.116891
0.119633
0.122359
0.12505
0.127689
0.130261
0.132754
0.135171
0.13752
0.139797
0.141997
0.144121
0.146169
0.148133
0.150003
0.151776
0.15345
0.155018
0.156483
0.157847
0.159106
0.160242
0.161235
0.162077
0.162771
0.163323
0.163743
0.164048
0.164256
0.164361
0.164331
0.164133
0.163763
0.163241
0.162583
0.161787
0.160849
0.159772
0.158566
0.157241
0.15581
0.154292
0.152706
0.150903
0.148741
0.0525763
0.0493619
0.0467447
0.0445575
0.0426339
0.0409877
0.0396162
0.0384832
0.0375568
0.0368157
0.0362436
0.0358261
0.0355437
0.0353872
0.0353516
0.0354504
0.0356937
0.036094
0.0366542
0.0373643
0.0382153
0.0392007
0.0403072
0.0415119
0.0427946
0.0441577
0.045621
0.0471935
0.0488626
0.0506147
0.0524521
0.0543833
0.0564026
0.0584888
0.0606212
0.0627952
0.0650224
0.0673164
0.0696846
0.0721304
0.0746494
0.0772291
0.0798595
0.0825381
0.0852589
0.0880172
0.0908202
0.0936753
0.0965831
0.0995357
0.102507
0.105461
0.108378
0.111242
0.114055
0.116837
0.119609
0.122363
0.125081
0.127749
0.130357
0.132895
0.135362
0.137756
0.140069
0.142299
0.144457
0.146547
0.148558
0.150473
0.152281
0.153977
0.155565
0.157049
0.158437
0.159723
0.160885
0.161903
0.162772
0.163491
0.164067
0.164506
0.164821
0.165027
0.165116
0.165062
0.164845
0.164466
0.163942
0.163278
0.162461
0.161481
0.160347
0.159076
0.15769
0.156207
0.154645
0.153018
0.151157
0.148913
0.0523105
0.0490659
0.0464026
0.0441676
0.0422017
0.040511
0.0390933
0.0379166
0.0369465
0.0361591
0.035543
0.0350816
0.0347589
0.0345599
0.0344957
0.0345769
0.0348106
0.0351982
0.0357389
0.0364357
0.0372876
0.0382798
0.0393862
0.0405844
0.0418695
0.0432514
0.044737
0.0463177
0.0479823
0.0497342
0.0515878
0.0535461
0.055591
0.0576978
0.0598543
0.0620641
0.0643379
0.0666801
0.0690893
0.071567
0.0741154
0.0767289
0.0793984
0.0821177
0.0848765
0.0876682
0.0905021
0.0933899
0.0963353
0.0993281
0.102336
0.105321
0.108265
0.111159
0.114006
0.116824
0.119627
0.122406
0.125148
0.127847
0.130498
0.133087
0.135606
0.138046
0.140397
0.142663
0.144864
0.147007
0.149075
0.151042
0.152893
0.154624
0.15624
0.157754
0.159169
0.160478
0.16166
0.162699
0.163593
0.164342
0.164947
0.165406
0.165729
0.165923
0.165986
0.165902
0.165664
0.165276
0.164747
0.164071
0.163227
0.162205
0.161017
0.159692
0.158255
0.156726
0.15512
0.153444
0.151518
0.149188
0.0518126
0.0485655
0.0458653
0.0435938
0.0415952
0.0398683
0.0384054
0.037184
0.0361709
0.0353401
0.0346801
0.0341754
0.0338115
0.033582
0.0335002
0.0335682
0.0337857
0.0341524
0.0346773
0.0353705
0.036224
0.0372121
0.0383104
0.03951
0.0408137
0.0422197
0.0437162
0.0452935
0.0469575
0.0487258
0.0506073
0.0525912
0.0546552
0.056785
0.0589796
0.0612426
0.0635733
0.0659658
0.0684168
0.0709332
0.0735245
0.0761872
0.0789078
0.0816741
0.0844738
0.087304
0.0901783
0.0931095
0.0960986
0.0991317
0.102175
0.105193
0.108174
0.111112
0.114005
0.116864
0.119696
0.122497
0.125265
0.128003
0.130704
0.133348
0.135917
0.138399
0.140788
0.143098
0.145352
0.147556
0.149686
0.151709
0.153608
0.155382
0.157039
0.158589
0.160033
0.161362
0.162559
0.163618
0.164539
0.165322
0.165959
0.16644
0.166767
0.166946
0.166981
0.166868
0.166607
0.166206
0.165666
0.16497
0.164096
0.163035
0.161804
0.160436
0.158959
0.157387
0.155736
0.154004
0.152007
0.149584
0.0511071
0.0478662
0.0451457
0.0428408
0.0408069
0.0390454
0.0375419
0.0362772
0.0352208
0.0343473
0.033642
0.0330979
0.0327027
0.0324571
0.0323592
0.0324091
0.0326056
0.0329559
0.033475
0.0341653
0.0350095
0.0359862
0.0370842
0.038301
0.0396282
0.0410458
0.04254
0.0441171
0.0457977
0.0475946
0.0495013
0.0515017
0.0535847
0.0557503
0.0579997
0.0603247
0.0627114
0.0651515
0.0676491
0.0702178
0.0728682
0.0755919
0.0783697
0.0811872
0.0840352
0.0869158
0.0898438
0.0928271
0.0958616
0.0989328
0.102012
0.105074
0.108106
0.111101
0.114047
0.116949
0.119813
0.12264
0.125442
0.128226
0.130982
0.133679
0.136294
0.138816
0.141247
0.143609
0.145925
0.148194
0.150385
0.152463
0.154415
0.156241
0.15795
0.159543
0.161019
0.162368
0.163582
0.164662
0.165615
0.166435
0.167105
0.167605
0.167933
0.168099
0.168109
0.167968
0.167683
0.167263
0.166702
0.165979
0.165073
0.163978
0.162714
0.161315
0.159805
0.158194
0.156492
0.154699
0.15263
0.150109
0.0502169
0.0469826
0.0442515
0.0419112
0.0398391
0.0380421
0.0365005
0.035191
0.0340874
0.0331701
0.0324275
0.0318528
0.0314365
0.0311747
0.0310582
0.0310892
0.0312712
0.0316146
0.0321282
0.0328066
0.0336374
0.0346119
0.0357245
0.0369619
0.0382994
0.0397148
0.0412097
0.0428045
0.0445148
0.0463372
0.0482589
0.0502753
0.0523915
0.0546105
0.0569222
0.0593054
0.0617421
0.0642316
0.0667876
0.0694241
0.0721439
0.0749319
0.0777688
0.0806449
0.0835549
0.0865009
0.0894927
0.0925312
0.0956097
0.0987191
0.101841
0.104958
0.108057
0.111117
0.114121
0.117068
0.11997
0.122836
0.125683
0.128521
0.131331
0.134079
0.136738
0.139304
0.141785
0.144207
0.146588
0.14892
0.151168
0.153301
0.15531
0.1572
0.158972
0.160618
0.162129
0.163501
0.164735
0.165842
0.166828
0.167684
0.168382
0.168897
0.169225
0.169379
0.16937
0.169205
0.168895
0.168447
0.167857
0.167101
0.166161
0.165035
0.163745
0.16232
0.160779
0.159128
0.157371
0.155513
0.153365
0.150749
0.0491656
0.0459304
0.043187
0.0408172
0.0387055
0.0368661
0.035279
0.0339213
0.0327721
0.0318141
0.0310412
0.0304425
0.0300073
0.0297235
0.0295905
0.0296099
0.0297852
0.0301221
0.030623
0.0312879
0.0321161
0.0331024
0.0342314
0.0354764
0.036811
0.0382278
0.0397416
0.0413684
0.0431067
0.0449452
0.0468824
0.0489313
0.0511012
0.0533827
0.0557512
0.0581835
0.0606703
0.0632202
0.0658477
0.0685593
0.0713487
0.0741999
0.0771005
0.0800478
0.0830358
0.0860589
0.0891177
0.0922099
0.0953334
0.0984881
0.101665
0.10485
0.108022
0.111152
0.114215
0.117215
0.120167
0.123087
0.125993
0.128888
0.131749
0.134544
0.137253
0.139873
0.142416
0.144904
0.147349
0.149738
0.152038
0.154227
0.156303
0.158268
0.160112
0.161817
0.163371
0.164771
0.16603
0.167166
0.168185
0.16907
0.16979
0.170315
0.170644
0.170789
0.170767
0.170584
0.17025
0.169771
0.169144
0.16835
0.167373
0.166217
0.164903
0.163453
0.161881
0.160183
0.158365
0.156437
0.154204
0.151497
0.0479819
0.0447247
0.0419619
0.0395667
0.0374095
0.0355185
0.03388
0.0324734
0.0312821
0.0302892
0.0294862
0.0288633
0.0284068
0.0281034
0.0279578
0.0279695
0.0281377
0.0284629
0.0289517
0.0296145
0.0304527
0.0314515
0.0325845
0.0338256
0.0351622
0.0365991
0.038147
0.0398051
0.0415634
0.0434207
0.0453927
0.0474971
0.0497313
0.0520698
0.0544853
0.056966
0.0595138
0.062137
0.0648411
0.0676236
0.0704775
0.0733937
0.0763688
0.0794021
0.0824796
0.0855839
0.0887089
0.0918556
0.0950315
0.0982446
0.101489
0.104747
0.107994
0.111193
0.114322
0.117385
0.120403
0.123391
0.126362
0.129315
0.132229
0.135076
0.137845
0.140534
0.143149
0.145706
0.148213
0.150654
0.153007
0.155259
0.157411
0.159459
0.161381
0.16315
0.16475
0.166184
0.167474
0.168641
0.169689
0.170597
0.17133
0.171862
0.172193
0.172337
0.172309
0.172115
0.17176
0.171249
0.170581
0.169742
0.168725
0.16754
0.166202
0.164729
0.163121
0.161371
0.159486
0.15748
0.15516
0.152362
0.046686
0.0433801
0.0405847
0.0381558
0.0359484
0.0340019
0.0323119
0.0308595
0.0296259
0.0285981
0.0277643
0.0271151
0.0266345
0.0263156
0.0261566
0.0261565
0.0263128
0.0266282
0.0271165
0.0277888
0.0286369
0.0296374
0.0307658
0.0320091
0.0333661
0.0348379
0.0364197
0.038102
0.039884
0.0417811
0.0438131
0.0459847
0.0482779
0.050664
0.0531268
0.0556678
0.0582908
0.060993
0.0637682
0.0666133
0.0695307
0.072521
0.0755837
0.0787119
0.0818812
0.085066
0.0882595
0.0914692
0.094711
0.0979949
0.101312
0.104643
0.107962
0.111234
0.114438
0.11758
0.120676
0.123739
0.126779
0.129794
0.132768
0.135681
0.138526
0.141298
0.143995
0.146623
0.149189
0.151684
0.154096
0.156419
0.158654
0.160787
0.162787
0.164619
0.166267
0.167743
0.169071
0.170271
0.171344
0.172268
0.173008
0.173546
0.173883
0.174034
0.174008
0.173807
0.173431
0.172884
0.172169
0.171282
0.170223
0.169007
0.167645
0.166143
0.164493
0.162684
0.160727
0.158642
0.156242
0.153349
0.04528
0.0419031
0.0390578
0.0365851
0.0343287
0.0323274
0.030585
0.0290862
0.0278118
0.0267467
0.0258801
0.0252004
0.0246927
0.0243533
0.0241756
0.0241593
0.0243049
0.0246204
0.0251184
0.0257999
0.0266492
0.0276458
0.0287772
0.0300399
0.0314303
0.0329364
0.0345452
0.0362553
0.0380814
0.0400432
0.0421475
0.0443817
0.0467248
0.0491604
0.0516854
0.0543037
0.0570092
0.0597862
0.062625
0.0655317
0.0685205
0.0715965
0.0747537
0.0779757
0.0812329
0.0844998
0.0877717
0.0910595
0.0943806
0.0977418
0.101132
0.104532
0.107924
0.111276
0.114569
0.117804
0.120988
0.12413
0.127242
0.130328
0.133377
0.136375
0.139313
0.142178
0.144961
0.147663
0.15029
0.152845
0.155323
0.157723
0.16004
0.162253
0.164322
0.166213
0.167914
0.16944
0.170814
0.172051
0.173148
0.174082
0.174827
0.175371
0.175721
0.175886
0.175868
0.175661
0.175261
0.174673
0.173906
0.172969
0.171868
0.170617
0.169223
0.16768
0.165976
0.1641
0.16207
0.159911
0.157433
0.154447
0.0437527
0.0402927
0.0373838
0.034861
0.0325544
0.0304997
0.0287054
0.0271577
0.0258414
0.0247372
0.0238319
0.0231133
0.0225727
0.0222035
0.0220032
0.0219727
0.0221157
0.0224398
0.0229479
0.0236323
0.0244799
0.0254812
0.0266312
0.0279244
0.0293467
0.03088
0.0325185
0.0342753
0.0361688
0.0382064
0.0403777
0.0426657
0.0450619
0.0475641
0.0501714
0.052877
0.0556624
0.0585084
0.0614118
0.0643892
0.067461
0.0706284
0.0738772
0.0771866
0.08053
0.0838872
0.0872532
0.0906343
0.0940424
0.0974818
0.100943
0.104416
0.107888
0.111332
0.114726
0.118062
0.121338
0.124564
0.127756
0.130927
0.134069
0.137169
0.140209
0.143172
0.146042
0.148821
0.15152
0.154144
0.156694
0.159169
0.161561
0.16384
0.165969
0.167918
0.169678
0.171264
0.172693
0.173972
0.175094
0.176039
0.176791
0.177347
0.177716
0.177902
0.177895
0.177681
0.177254
0.176624
0.175808
0.174823
0.173681
0.17239
0.170948
0.169347
0.167573
0.165623
0.163517
0.161289
0.158729
0.155653
0.0420889
0.038539
0.0355596
0.032981
0.0306196
0.028511
0.026667
0.0250716
0.0237061
0.0225543
0.0216015
0.0208367
0.0202558
0.0198526
0.019631
0.0195932
0.0197415
0.0200757
0.0205898
0.021277
0.0221326
0.0231527
0.0243304
0.0256524
0.0271005
0.0286634
0.0303488
0.0321738
0.0341447
0.036252
0.0384808
0.0408251
0.0432913
0.0458809
0.0485819
0.0513741
0.0542351
0.0571529
0.060133
0.0631948
0.066355
0.0696097
0.0729426
0.0763368
0.0797732
0.0832347
0.0867094
0.0901923
0.0936893
0.0972062
0.100743
0.104298
0.107864
0.111411
0.114911
0.118349
0.121722
0.125039
0.128324
0.131594
0.134843
0.138052
0.141197
0.144257
0.147218
0.150084
0.152867
0.155572
0.158198
0.160743
0.163197
0.165532
0.167717
0.169728
0.171558
0.173215
0.174706
0.176031
0.177181
0.178143
0.178911
0.179488
0.179885
0.180095
0.1801
0.179878
0.179426
0.17876
0.177904
0.176879
0.175694
0.174351
0.172846
0.171169
0.169314
0.167283
0.165102
0.162801
0.160156
0.15698
0.0402714
0.0366265
0.0335723
0.0309324
0.028515
0.0263529
0.0244551
0.0228074
0.0213847
0.0201731
0.0191643
0.0183503
0.0177251
0.0172901
0.0170524
0.0170135
0.0171694
0.0175113
0.0180326
0.0187325
0.0196094
0.0206562
0.0218604
0.023207
0.0246849
0.026294
0.0280459
0.0299479
0.0319902
0.0341574
0.0364449
0.0388612
0.0414164
0.0441031
0.0468968
0.0497724
0.0527141
0.0557184
0.058792
0.061947
0.0651929
0.0685268
0.0719409
0.0754271
0.0789701
0.0825483
0.0861381
0.0897241
0.0933098
0.0969079
0.10053
0.104182
0.107853
0.111508
0.115114
0.118654
0.122125
0.125544
0.128938
0.13232
0.13568
0.138998
0.142248
0.14541
0.148472
0.151442
0.154326
0.157123
0.15983
0.16244
0.164949
0.167337
0.169582
0.171664
0.173574
0.175309
0.176865
0.178237
0.17942
0.180409
0.181204
0.181813
0.182241
0.182473
0.182484
0.182254
0.181784
0.181094
0.180211
0.17915
0.177916
0.176508
0.174924
0.17316
0.171218
0.169103
0.166843
0.164461
0.161729
0.158436
0.0382845
0.0345422
0.0314114
0.0287074
0.0262323
0.0240119
0.0220516
0.0203389
0.0188521
0.0175751
0.0165047
0.0156387
0.0149706
0.0145084
0.0142587
0.0142201
0.0143812
0.014731
0.0152674
0.015991
0.0168958
0.0179691
0.0191981
0.0205751
0.022099
0.0237734
0.025601
0.0275751
0.0296796
0.0319071
0.0342674
0.0367735
0.0394265
0.0422076
0.0450901
0.0480555
0.0510951
0.0542056
0.0573847
0.0606342
0.0639614
0.0673734
0.0708763
0.0744684
0.0781301
0.0818291
0.0855313
0.089218
0.0928963
0.0965866
0.100307
0.104067
0.107848
0.111611
0.115321
0.118964
0.122543
0.126079
0.129593
0.133094
0.136568
0.139993
0.143351
0.146624
0.149806
0.152898
0.1559
0.158801
0.161591
0.164269
0.166836
0.169284
0.171597
0.173758
0.175752
0.177564
0.179184
0.180604
0.181826
0.182852
0.183686
0.184332
0.184788
0.185035
0.185048
0.184811
0.184331
0.183629
0.182725
0.181626
0.180334
0.178849
0.177174
0.175317
0.173283
0.171081
0.168738
0.166268
0.163438
0.160018
0.0361249
0.0322829
0.029073
0.0263015
0.0237609
0.0214712
0.0194389
0.0176523
0.0160952
0.0147516
0.0136177
0.0126961
0.0119888
0.0115022
0.0112402
0.0111978
0.0113616
0.011724
0.0122836
0.0130352
0.0139669
0.0150663
0.016327
0.0177501
0.0193379
0.021087
0.0229875
0.0250267
0.0271949
0.0294963
0.0319458
0.0345498
0.037298
0.0401692
0.0431459
0.0462188
0.0493777
0.0526079
0.0558954
0.0592383
0.0626504
0.0661521
0.0697596
0.0734702
0.0772545
0.0810699
0.0848789
0.0886676
0.0924496
0.0962484
0.100082
0.103954
0.107844
0.111712
0.115529
0.119285
0.122987
0.126652
0.130297
0.13392
0.137506
0.141041
0.144514
0.147914
0.151233
0.154464
0.157594
0.160604
0.163484
0.166238
0.168875
0.171396
0.173789
0.176032
0.178105
0.179988
0.181668
0.183142
0.184413
0.185487
0.186366
0.187049
0.187527
0.187783
0.187796
0.187558
0.187078
0.18637
0.185446
0.184306
0.182949
0.181381
0.179614
0.177661
0.17553
0.173234
0.170796
0.168232
0.165288
0.161737
0.0337941
0.0298462
0.0265513
0.023703
0.0210853
0.0187196
0.016609
0.0147454
0.0131133
0.0117004
0.0105033
0.00952692
0.00878123
0.00826828
0.00798897
0.00793745
0.0081047
0.00848488
0.00906983
0.00984694
0.0108043
0.0119357
0.0132421
0.0147272
0.016388
0.0182104
0.020179
0.0222863
0.0245325
0.0269245
0.0294709
0.0321695
0.0350081
0.0379736
0.0410599
0.0442597
0.0475509
0.0509034
0.0542978
0.0577388
0.0612514
0.0648634
0.0685916
0.0724262
0.0763299
0.0802572
0.0841744
0.0880753
0.0919776
0.0959012
0.099857
0.103844
0.107842
0.111819
0.115752
0.119637
0.123476
0.12728
0.131057
0.134803
0.138505
0.142155
0.145753
0.149291
0.152758
0.156136
0.159397
0.162521
0.1655
0.168345
0.171072
0.173682
0.176162
0.178487
0.180633
0.182581
0.184325
0.185862
0.187197
0.18833
0.189258
0.189973
0.190468
0.190729
0.190746
0.190513
0.190036
0.189324
0.188378
0.187195
0.185775
0.18413
0.182274
0.180226
0.177997
0.175599
0.173055
0.170385
0.167314
0.163615
0.0312837
0.0272189
0.0238314
0.0208983
0.018195
0.0157501
0.0135602
0.0116157
0.00990604
0.00842175
0.00716263
0.00613512
0.00534751
0.00480176
0.00449915
0.00443737
0.00461089
0.00500893
0.00561507
0.00641499
0.00740203
0.00857635
0.00994111
0.0114958
0.0132294
0.0151227
0.0171636
0.0193536
0.0216951
0.0241871
0.0268279
0.0296155
0.0325466
0.0356192
0.0388307
0.0421659
0.045589
0.049061
0.0525661
0.0561207
0.0597567
0.0634997
0.0673582
0.071316
0.0753366
0.0793796
0.0834179
0.0874492
0.0914887
0.0955484
0.0996324
0.103738
0.107848
0.111943
0.116008
0.120036
0.124022
0.127969
0.13188
0.13575
0.139572
0.143347
0.147079
0.150762
0.154377
0.157897
0.161291
0.164535
0.167629
0.170587
0.173424
0.176139
0.178713
0.181119
0.183336
0.185354
0.187171
0.188787
0.190199
0.191397
0.192372
0.193115
0.193622
0.193889
0.193912
0.193685
0.193211
0.19249
0.191518
0.190291
0.188813
0.187097
0.185161
0.183022
0.180696
0.178192
0.175534
0.17274
0.169535
0.165668
0.0285781
0.0243848
0.020898
0.0178787
0.0150875
0.0125567
0.0102862
0.00825914
0.00647113
0.00491739
0.00359767
0.00251818
0.00168258
0.00109825
0.000771203
0.000702338
0.000882513
0.00129319
0.00191602
0.00274117
0.00376673
0.00499397
0.00642289
0.0080472
0.00985239
0.0118221
0.0139502
0.0162396
0.0186865
0.0212783
0.0240099
0.026888
0.0299225
0.0331154
0.0364572
0.0399225
0.0434699
0.0470626
0.0506928
0.0543829
0.0581626
0.0620484
0.0660398
0.0701202
0.0742616
0.0784339
0.0826133
0.0867941
0.0909828
0.0951843
0.0994008
0.103632
0.107867
0.112096
0.116307
0.120489
0.124628
0.128721
0.132767
0.136766
0.140718
0.144629
0.148501
0.152326
0.156083
0.15974
0.163266
0.166642
0.16987
0.172963
0.175929
0.178759
0.181431
0.183923
0.18622
0.18832
0.190226
0.191933
0.193429
0.194694
0.195713
0.196482
0.197002
0.197277
0.197305
0.197081
0.196602
0.195864
0.194863
0.193593
0.19206
0.190279
0.188268
0.186045
0.183623
0.181008
0.178228
0.175298
0.171946
0.167899
0.025664
0.0213322
0.0177399
0.014633
0.0117518
0.00912808
0.00677253
0.0046673
0.00280356
0.00118145
-0.000200127
-0.00133747
-0.00222405
-0.00284619
-0.00319351
-0.00326716
-0.00308386
-0.00266468
-0.00202312
-0.00116456
-9.12791e-05
0.00119431
0.00268801
0.00438167
0.00626362
0.00832315
0.010555
0.0129546
0.015508
0.0181982
0.0210245
0.0240048
0.0271556
0.0304739
0.0339404
0.0375252
0.0411927
0.0449157
0.0486902
0.0525338
0.0564665
0.0604964
0.0646206
0.0688283
0.0731029
0.0774218
0.0817603
0.0861034
0.090448
0.0947956
0.0991524
0.103523
0.107903
0.112284
0.116653
0.120994
0.125289
0.129532
0.133722
0.137862
0.141955
0.146009
0.150022
0.153985
0.157875
0.161665
0.165327
0.168848
0.172228
0.175473
0.17858
0.181532
0.184308
0.186897
0.189291
0.191492
0.193501
0.195306
0.196886
0.198217
0.199283
0.200082
0.200623
0.200911
0.200943
0.200717
0.200226
0.199467
0.198434
0.197122
0.195539
0.193698
0.191619
0.189315
0.186794
0.184062
0.181148
0.178075
0.174557
0.170327
0.0225291
0.0180492
0.0143399
0.0111391
0.00816406
0.00544634
0.00300316
0.000822175
-0.00111439
-0.00280852
-0.00425682
-0.00545468
-0.00638807
-0.00704131
-0.00740496
-0.00748511
-0.00730083
-0.00686867
-0.00619805
-0.00529589
-0.00416892
-0.00282345
-0.00126428
0.000503485
0.00247332
0.00463665
0.00698232
0.00949521
0.0121557
0.0149503
0.017886
0.0209844
0.0242587
0.0276988
0.0312812
0.0349811
0.0387746
0.0426417
0.0465743
0.0505775
0.0546608
0.0588312
0.0630917
0.0674392
0.0718635
0.0763433
0.0808497
0.0853601
0.0898651
0.0943673
0.0988789
0.103409
0.107953
0.1125
0.117035
0.12154
0.125997
0.130399
0.134748
0.139044
0.14329
0.147492
0.151647
0.155744
0.159765
0.163689
0.167495
0.171171
0.174715
0.178121
0.181374
0.184455
0.187349
0.19005
0.19256
0.19488
0.197001
0.198907
0.200572
0.201971
0.20309
0.203933
0.204507
0.204814
0.204854
0.204623
0.204117
0.203332
0.202265
0.200912
0.199281
0.197388
0.195246
0.192862
0.190237
0.187379
0.184317
0.181093
0.177402
0.172975
0.0191527
0.0145174
0.0106773
0.00737134
0.00430172
0.00149317
-0.00103754
-0.00330052
-0.00531329
-0.00708327
-0.00860099
-0.00985448
-0.0108269
-0.0115056
-0.0118852
-0.0119723
-0.0117805
-0.0113218
-0.0106089
-0.00965542
-0.00847224
-0.0070657
-0.00543698
-0.00358607
-0.00151724
0.000757741
0.00321988
0.00584767
0.0086227
0.0115379
0.0146018
0.0178301
0.0212281
0.0247841
0.0284809
0.0323036
0.0362359
0.0402577
0.0443513
0.0485098
0.0527381
0.0570496
0.0614565
0.0659601
0.0705485
0.0751961
0.0798706
0.0845483
0.0892197
0.0938904
0.0985756
0.103284
0.108007
0.11273
0.117438
0.122112
0.126741
0.131319
0.135844
0.140314
0.144726
0.149083
0.153383
0.157617
0.161776
0.165843
0.169803
0.173643
0.177353
0.18092
0.184323
0.187543
0.190569
0.193402
0.196044
0.19849
0.200727
0.202734
0.204487
0.205962
0.207149
0.20805
0.208669
0.209005
0.209057
0.208823
0.2083
0.207486
0.206379
0.204983
0.203306
0.201361
0.199155
0.196685
0.193949
0.190956
0.187743
0.184359
0.180498
0.175858
0.0155079
0.0107125
0.00673507
0.00331402
0.000146356
-0.00275423
-0.00537658
-0.00773119
-0.0098284
-0.0116737
-0.0132569
-0.0145594
-0.0155673
-0.0162709
-0.0166648
-0.01675
-0.0165346
-0.0160339
-0.0152695
-0.0142607
-0.0130186
-0.0115465
-0.00984052
-0.00789725
-0.005723
-0.00333484
-0.000755299
0.0019946
0.00489983
0.0079544
0.0111609
0.0145244
0.0180457
0.0217197
0.0255415
0.0295035
0.033588
0.0377677
0.0420176
0.0463263
0.0507014
0.055164
0.059732
0.0644051
0.0691645
0.0739794
0.0788186
0.0836642
0.0885113
0.0933667
0.0982426
0.103141
0.108052
0.112958
0.117846
0.122702
0.127518
0.13229
0.13701
0.14167
0.146262
0.150785
0.155239
0.159623
0.163933
0.168157
0.17228
0.176285
0.180158
0.183882
0.187437
0.190807
0.193983
0.196963
0.199743
0.202316
0.204667
0.206778
0.208627
0.210193
0.211465
0.21244
0.213117
0.213494
0.213567
0.213335
0.212794
0.211948
0.210799
0.209356
0.20763
0.205627
0.203347
0.200779
0.197923
0.19479
0.191429
0.187883
0.183846
0.178991
0.0115769
0.00661722
0.00249998
-0.00104229
-0.00432004
-0.00732274
-0.0100463
-0.0124979
-0.0146838
-0.0166026
-0.018246
-0.0195969
-0.0206425
-0.0213703
-0.0217691
-0.0218348
-0.0215791
-0.0210272
-0.0202076
-0.01914
-0.017833
-0.0162866
-0.0144947
-0.0124532
-0.0101719
-0.00767046
-0.00496862
-0.00208337
0.000969368
0.00417659
0.00753159
0.0110338
0.0146861
0.0184938
0.0224612
0.0265805
0.0308256
0.0351621
0.0395646
0.0440269
0.0485619
0.0531934
0.0579368
0.0627858
0.0677159
0.0726954
0.0776997
0.0827191
0.0877533
0.0928073
0.0978852
0.102981
0.108082
0.113175
0.118253
0.123306
0.128327
0.133308
0.138237
0.143098
0.147882
0.152586
0.157213
0.161766
0.166245
0.170638
0.174928
0.179097
0.183129
0.18701
0.190723
0.194254
0.197593
0.200729
0.203652
0.206352
0.208821
0.211044
0.213001
0.214675
0.216048
0.217113
0.217865
0.218296
0.218401
0.218177
0.217623
0.216747
0.21556
0.214071
0.21229
0.210217
0.207847
0.205171
0.202188
0.198915
0.195403
0.1917
0.187473
0.182396
0.00735806
0.00222564
-0.00203668
-0.00570817
-0.0091116
-0.012229
-0.0150596
-0.0176096
-0.0198836
-0.021878
-0.023584
-0.0249877
-0.0260716
-0.026816
-0.0272045
-0.0272359
-0.0269324
-0.0263276
-0.0254503
-0.0243177
-0.0229365
-0.0213068
-0.0194229
-0.0172817
-0.0148932
-0.012275
-0.00944162
-0.00640776
-0.0031964
0.000168317
0.00367405
0.00732311
0.0111254
0.0150917
0.0192264
0.0235153
0.0279245
0.0324186
0.0369796
0.0416098
0.0463256
0.0511455
0.0560754
0.0611025
0.0662022
0.0713489
0.076527
0.0817326
0.0869658
0.0922265
0.0975104
0.102805
0.108098
0.113384
0.118662
0.123924
0.129162
0.134361
0.139504
0.144574
0.149561
0.154464
0.159286
0.164032
0.168698
0.173271
0.177732
0.182066
0.186263
0.19031
0.194194
0.1979
0.201411
0.20471
0.207782
0.210619
0.213215
0.215561
0.21764
0.219433
0.22092
0.22209
0.22293
0.223428
0.223574
0.223365
0.222806
0.221908
0.220687
0.219151
0.217306
0.21515
0.212679
0.209886
0.206773
0.203359
0.199691
0.195828
0.191404
0.186082
0.00285772
-0.00246981
-0.0068887
-0.0106975
-0.0142363
-0.0174771
-0.0204152
-0.0230651
-0.0254299
-0.027507
-0.0292832
-0.0307413
-0.0318564
-0.0326046
-0.0329717
-0.0329654
-0.0326159
-0.0319572
-0.0310159
-0.0298092
-0.0283451
-0.0266259
-0.0246476
-0.0224056
-0.0199065
-0.0171635
-0.0141884
-0.0109987
-0.00762625
-0.00410324
-0.000441048
0.00337059
0.0073467
0.0114948
0.0158108
0.0202741
0.0248504
0.029511
0.0342472
0.0390672
0.0439847
0.0490084
0.0541332
0.0593427
0.064618
0.0699436
0.0753116
0.0807186
0.08616
0.0916299
0.0971188
0.102612
0.108102
0.113588
0.119073
0.124551
0.130009
0.135428
0.140787
0.146071
0.151273
0.156393
0.161435
0.166397
0.17127
0.176036
0.180677
0.185187
0.189562
0.193794
0.197867
0.201762
0.205456
0.208927
0.212158
0.215144
0.217882
0.220364
0.222574
0.224493
0.226103
0.227385
0.228322
0.228893
0.229086
0.228901
0.228346
0.227436
0.226183
0.224595
0.222675
0.220426
0.217846
0.214931
0.211684
0.208125
0.204299
0.200259
0.195631
0.190046
-0.00192608
-0.00747721
-0.0120708
-0.0160213
-0.0196958
-0.0230646
-0.0261155
-0.0288705
-0.0313342
-0.0334998
-0.0353484
-0.0368543
-0.0379895
-0.0387329
-0.0390778
-0.0390382
-0.0386438
-0.0379257
-0.0369115
-0.0356222
-0.0340693
-0.0322568
-0.0301805
-0.0278323
-0.0252132
-0.0223342
-0.0192102
-0.0158645
-0.0123332
-0.00864884
-0.00481805
-0.000825052
0.00334362
0.00768574
0.0121873
0.0168264
0.021577
0.0264212
0.0313556
0.0363866
0.0415204
0.0467566
0.0520838
0.0574864
0.0629524
0.0684751
0.0740509
0.0796725
0.0853286
0.091009
0.0967035
0.102401
0.108095
0.113791
0.11949
0.125184
0.130861
0.136497
0.142072
0.147576
0.153006
0.158363
0.163643
0.168841
0.173938
0.178913
0.183753
0.188458
0.193032
0.197469
0.20175
0.205848
0.209737
0.213391
0.216796
0.219946
0.222839
0.225468
0.227815
0.229866
0.231601
0.233
0.234035
0.234683
0.234932
0.234784
0.234248
0.233335
0.232053
0.230409
0.228411
0.226065
0.223371
0.220329
0.216942
0.213227
0.209235
0.205005
0.200151
0.19429
-0.00700605
-0.0128
-0.0175851
-0.0216843
-0.0254952
-0.0289969
-0.032174
-0.0350425
-0.0376101
-0.0398623
-0.0417752
-0.0433188
-0.0444679
-0.0452075
-0.0455351
-0.0454633
-0.0450182
-0.0442323
-0.0431381
-0.0417613
-0.040115
-0.0382023
-0.0360178
-0.0335502
-0.0307976
-0.0277728
-0.0244973
-0.020998
-0.0173081
-0.0134542
-0.00943978
-0.00525119
-0.000882526
0.00365451
0.00834102
0.0131601
0.0180977
0.0231449
0.0282973
0.0335525
0.0389085
0.0443608
0.0498989
0.0555107
0.0611882
0.0669277
0.0727256
0.0785709
0.0844481
0.090345
0.0962527
0.102164
0.108077
0.113994
0.119912
0.125824
0.131714
0.137564
0.143358
0.149091
0.154762
0.160369
0.165904
0.17135
0.176687
0.181891
0.186954
0.19188
0.196677
0.201339
0.205842
0.210158
0.214256
0.218112
0.221708
0.225038
0.228097
0.23088
0.233372
0.23556
0.237424
0.238937
0.240069
0.240798
0.241114
0.241019
0.240517
0.239612
0.238308
0.236614
0.234541
0.232098
0.229289
0.226113
0.222577
0.218694
0.214517
0.210087
0.204981
0.198823
-0.0124002
-0.018451
-0.0234398
-0.0277034
-0.0316642
-0.0353086
-0.0386217
-0.0416095
-0.0442768
-0.0466068
-0.0485731
-0.0501483
-0.0513122
-0.0520518
-0.0523617
-0.0522499
-0.0517444
-0.0508842
-0.0497061
-0.0482366
-0.0464876
-0.0444607
-0.0421498
-0.0395448
-0.0366458
-0.0334694
-0.0300412
-0.0263867
-0.0225313
-0.0184952
-0.0142845
-0.00989457
-0.005328
-0.000599569
0.0042743
0.0092837
0.0144231
0.0196873
0.0250666
0.0305492
0.0361278
0.0417997
0.0475596
0.0533987
0.0593077
0.0652798
0.071309
0.0773839
0.0834898
0.0896153
0.0957522
0.101895
0.108041
0.114189
0.120333
0.126463
0.132568
0.138635
0.144655
0.150628
0.156553
0.162423
0.168222
0.17393
0.179523
0.184978
0.19029
0.195466
0.200509
0.205412
0.210151
0.214698
0.219023
0.223099
0.226904
0.230427
0.233664
0.23661
0.239254
0.241584
0.243577
0.245203
0.246434
0.247251
0.247645
0.247615
0.247158
0.246269
0.244952
0.243218
0.241076
0.238539
0.235611
0.232296
0.228598
0.224537
0.220154
0.215502
0.210134
0.203646
-0.0181359
-0.0244595
-0.0296693
-0.0341188
-0.0382497
-0.0420485
-0.0454974
-0.0486017
-0.0513601
-0.0537593
-0.0557738
-0.0573799
-0.0585584
-0.0592935
-0.0595752
-0.0594119
-0.0588391
-0.0579013
-0.0566339
-0.0550605
-0.053192
-0.0510307
-0.0485733
-0.0458149
-0.0427604
-0.0394283
-0.0358417
-0.0320211
-0.0279855
-0.0237539
-0.0193396
-0.0147489
-0.00998828
-0.00506797
2.52911e-06
0.00521715
0.0105711
0.0160573
0.0216621
0.0273698
0.0331726
0.0390716
0.0450663
0.051148
0.0573019
0.0635157
0.0697811
0.0760901
0.0824336
0.0888031
0.0951888
0.101582
0.107976
0.114366
0.120744
0.127101
0.13343
0.139725
0.145983
0.152208
0.158397
0.164538
0.170612
0.176594
0.182459
0.188187
0.193772
0.199219
0.204526
0.209682
0.214668
0.21946
0.224026
0.228337
0.232366
0.236098
0.239528
0.242651
0.245459
0.247935
0.250058
0.251801
0.253139
0.254055
0.254541
0.254587
0.254181
0.253318
0.251999
0.250232
0.248029
0.245399
0.242351
0.23889
0.235021
0.230763
0.226162
0.221261
0.215611
0.208775
-0.0242475
-0.0308629
-0.0363158
-0.0409719
-0.0452871
-0.0492465
-0.0528285
-0.0560431
-0.0588888
-0.0613544
-0.0634163
-0.0650506
-0.066235
-0.0669514
-0.0671913
-0.0669697
-0.0663272
-0.0653068
-0.0639382
-0.0622425
-0.0602339
-0.0579195
-0.0553006
-0.0523785
-0.0491616
-0.0456654
-0.0419063
-0.0379005
-0.0336672
-0.0292298
-0.0246093
-0.0198175
-0.0148595
-0.00973762
-0.00445524
0.000979852
0.00655695
0.0122652
0.0180916
0.0240239
0.0300578
0.0361962
0.0424382
0.0487713
0.0551752
0.0616335
0.0681385
0.0746875
0.0812788
0.0879068
0.0945591
0.10122
0.107877
0.114521
0.121144
0.127741
0.134311
0.140851
0.147364
0.153851
0.16031
0.166726
0.173079
0.179345
0.185497
0.191514
0.197389
0.203118
0.208699
0.21412
0.219365
0.224413
0.229234
0.233792
0.238061
0.242022
0.245667
0.248988
0.251974
0.254607
0.25687
0.258743
0.260204
0.261237
0.261827
0.261959
0.261616
0.26079
0.259478
0.257687
0.255426
0.252706
0.249538
0.245928
0.24188
0.237407
0.232568
0.227406
0.221444
0.214239
-0.0307622
-0.0376972
-0.043412
-0.0482883
-0.0527968
-0.0569197
-0.0606393
-0.0639655
-0.066901
-0.069433
-0.0715381
-0.07319
-0.0743651
-0.0750487
-0.0752394
-0.0749571
-0.0742397
-0.0731238
-0.0716352
-0.0697973
-0.0676314
-0.0651516
-0.0623632
-0.0592702
-0.0558804
-0.0522041
-0.0482516
-0.0440395
-0.0395937
-0.034944
-0.0301133
-0.0251122
-0.0199414
-0.0145986
-0.00908669
-0.00341891
0.00238725
0.00831911
0.014369
0.0205326
0.0268099
0.0332014
0.0397003
0.0462883
0.0529422
0.0596462
0.0663958
0.0731936
0.080043
0.08694
0.093869
0.100809
0.107739
0.114647
0.121529
0.128383
0.135213
0.142018
0.1488
0.155558
0.162289
0.16898
0.175616
0.182174
0.188626
0.194946
0.201119
0.20714
0.213002
0.218697
0.224214
0.229533
0.234623
0.239447
0.243974
0.248188
0.252073
0.255614
0.258797
0.261606
0.264031
0.266055
0.26766
0.268824
0.269528
0.269754
0.269484
0.268703
0.267406
0.265597
0.263284
0.260479
0.257193
0.253427
0.249189
0.244492
0.239395
0.233958
0.227668
0.220059
-0.0376921
-0.0449795
-0.0509735
-0.0560787
-0.0607916
-0.0650888
-0.068957
-0.0724035
-0.0754318
-0.0780265
-0.080164
-0.081819
-0.0829732
-0.0836185
-0.0837581
-0.0834086
-0.0826011
-0.081369
-0.0797412
-0.0777466
-0.0754139
-0.0727626
-0.0697995
-0.0665259
-0.0629467
-0.0590688
-0.0549018
-0.050467
-0.0457983
-0.0409289
-0.0358774
-0.0306481
-0.0252395
-0.0196523
-0.0138947
-0.00798567
-0.00194431
0.00421937
0.0105047
0.0169141
0.0234492
0.0301053
0.0368676
0.0437127
0.0506175
0.0575706
0.0645721
0.0716281
0.0787435
0.0859133
0.0931198
0.100339
0.107548
0.114732
0.121887
0.129019
0.136128
0.143215
0.150277
0.157314
0.164322
0.171294
0.178219
0.185078
0.19184
0.198472
0.204954
0.211273
0.217426
0.223407
0.22921
0.234815
0.240191
0.245301
0.250111
0.254601
0.258748
0.262531
0.265933
0.268946
0.271562
0.273766
0.275534
0.276841
0.277669
0.277996
0.277803
0.277071
0.275793
0.273971
0.271614
0.26873
0.265324
0.2614
0.256962
0.252033
0.246669
0.240938
0.234307
0.22627
-0.045036
-0.0527031
-0.0589978
-0.0643461
-0.069279
-0.0737701
-0.0777977
-0.0813712
-0.0844899
-0.0871402
-0.0893002
-0.090951
-0.0920821
-0.0926888
-0.0927709
-0.0923379
-0.0914177
-0.0900493
-0.0882696
-0.0861124
-0.0836096
-0.0807826
-0.0776362
-0.0741674
-0.0703788
-0.0662791
-0.0618826
-0.0572156
-0.0523153
-0.0472134
-0.041922
-0.03644
-0.0307683
-0.0249162
-0.0189006
-0.0127423
-0.00645568
-4.40908e-05
0.00649668
0.0131704
0.0199761
0.0269044
0.0339348
0.0410411
0.0482026
0.0554123
0.0626742
0.0699957
0.0773806
0.0848217
0.0923011
0.0997959
0.107285
0.114754
0.122202
0.12963
0.137037
0.144418
0.151772
0.159096
0.166391
0.173655
0.180882
0.188052
0.195133
0.202085
0.208884
0.215514
0.221972
0.228255
0.234358
0.240266
0.245948
0.251366
0.256483
0.261271
0.2657
0.269747
0.273397
0.276647
0.279487
0.281897
0.283847
0.285313
0.286275
0.286713
0.286602
0.285923
0.28467
0.282844
0.280449
0.277488
0.273963
0.269878
0.265238
0.260067
0.254433
0.248395
0.241399
0.232912
-0.0527941
-0.0608683
-0.0674883
-0.0731035
-0.0782752
-0.0829756
-0.0871705
-0.0908706
-0.0940761
-0.0967785
-0.0989605
-0.10061
-0.101719
-0.102279
-0.102286
-0.101746
-0.100693
-0.0991765
-0.0972397
-0.0949172
-0.0922396
-0.0892272
-0.0858826
-0.0822002
-0.0781838
-0.0738484
-0.0692144
-0.0643092
-0.0591665
-0.0538131
-0.0482581
-0.0425012
-0.0365488
-0.030419
-0.0241348
-0.0177155
-0.0111676
-0.00448749
0.0023301
0.00928499
0.016371
0.0235757
0.0308786
0.0382543
0.0456842
0.0531628
0.0606944
0.0682859
0.0759396
0.083648
0.0913953
0.0991629
0.106934
0.114698
0.122453
0.130193
0.137911
0.145599
0.153252
0.160875
0.168471
0.176045
0.183591
0.191087
0.198496
0.205778
0.212905
0.219863
0.226647
0.233255
0.239682
0.245914
0.251922
0.257668
0.263111
0.268214
0.272946
0.277283
0.281214
0.284734
0.287826
0.290463
0.292614
0.294254
0.295364
0.295923
0.295904
0.295288
0.29407
0.292249
0.289821
0.286786
0.283143
0.278896
0.274056
0.268639
0.262723
0.256371
0.248987
0.240017
-0.0609876
-0.069504
-0.0764758
-0.0823814
-0.0878091
-0.0927253
-0.0970926
-0.10092
-0.104215
-0.106973
-0.109182
-0.110831
-0.111909
-0.112403
-0.112308
-0.11164
-0.110444
-0.108775
-0.106676
-0.10418
-0.101314
-0.0980971
-0.0945332
-0.0906189
-0.0863615
-0.0817821
-0.0769046
-0.0717531
-0.0663531
-0.0607271
-0.0548871
-0.04884
-0.0425984
-0.0361836
-0.0296197
-0.0229226
-0.0160939
-0.00912604
-0.00201582
0.00523136
0.0126045
0.0200909
0.0276734
0.0353304
0.0430439
0.0508057
0.0586164
0.0664808
0.0744011
0.0823727
0.0903859
0.098428
0.106487
0.114554
0.122624
0.130685
0.138724
0.146728
0.154696
0.162634
0.170553
0.178458
0.186342
0.194178
0.201929
0.209554
0.217027
0.224333
0.231468
0.238426
0.245204
0.251784
0.258139
0.264229
0.27001
0.275444
0.280501
0.285157
0.289401
0.293219
0.296586
0.29947
0.30184
0.303674
0.304951
0.305645
0.305732
0.305195
0.304025
0.302217
0.299761
0.296654
0.292896
0.288489
0.283446
0.277784
0.271574
0.264893
0.257105
0.24762
-0.0696579
-0.0786502
-0.0860009
-0.0922137
-0.0979093
-0.103047
-0.107594
-0.111556
-0.114949
-0.117769
-0.120004
-0.12164
-0.122664
-0.123066
-0.122848
-0.122042
-0.120698
-0.11887
-0.116596
-0.113906
-0.110829
-0.107383
-0.103577
-0.099415
-0.0949078
-0.0900771
-0.0849459
-0.0795331
-0.0738579
-0.0679411
-0.061802
-0.0554566
-0.0489215
-0.0422157
-0.0353592
-0.0283659
-0.0212378
-0.0139689
-0.00655818
0.000986489
0.00865317
0.01643
0.0243032
0.0322549
0.0402664
0.0483237
0.0564216
0.0645624
0.0727499
0.0809854
0.089268
0.0975919
0.105948
0.114325
0.122715
0.131101
0.139467
0.1478
0.156101
0.164378
0.172642
0.180898
0.189135
0.197326
0.205431
0.213417
0.221257
0.228937
0.236447
0.243782
0.250933
0.257884
0.264603
0.27105
0.277183
0.282966
0.288371
0.293376
0.297959
0.302098
0.305762
0.308919
0.311537
0.313592
0.315058
0.315911
0.316127
0.315688
0.314582
0.312797
0.310321
0.307148
0.303277
0.298711
0.293458
0.287543
0.281035
0.274004
0.265785
0.255761
-0.07885
-0.0883466
-0.0961003
-0.102637
-0.108613
-0.113987
-0.118724
-0.122834
-0.126329
-0.129207
-0.131452
-0.133051
-0.133996
-0.134288
-0.133941
-0.132993
-0.131492
-0.129487
-0.127012
-0.124101
-0.120783
-0.117083
-0.113015
-0.108591
-0.103823
-0.0987277
-0.0933237
-0.0876277
-0.0816584
-0.0754386
-0.0689933
-0.0623447
-0.0555099
-0.0485027
-0.0413391
-0.0340335
-0.0265926
-0.0190155
-0.011302
-0.0034576
0.00450907
0.0125879
0.0207653
0.029024
0.0373436
0.0457052
0.0540981
0.0625228
0.0709857
0.079495
0.0880578
0.0966739
0.105335
0.114029
0.12274
0.131452
0.14015
0.148825
0.157479
0.166117
0.174748
0.18337
0.191971
0.200526
0.209001
0.217367
0.225599
0.233678
0.241588
0.249322
0.256867
0.264205
0.271304
0.278124
0.284629
0.290785
0.296566
0.301942
0.306885
0.311366
0.315355
0.318816
0.321715
0.324022
0.325711
0.326755
0.327129
0.326811
0.325786
0.324037
0.321551
0.318317
0.314333
0.309605
0.304141
0.29796
0.291141
0.283747
0.275068
0.264468
-0.0886089
-0.0986437
-0.106824
-0.113709
-0.119987
-0.125617
-0.130557
-0.134819
-0.138409
-0.141327
-0.143559
-0.145097
-0.145948
-0.146124
-0.145645
-0.144543
-0.142864
-0.140652
-0.137945
-0.134781
-0.131196
-0.127218
-0.122869
-0.118163
-0.113113
-0.107729
-0.102026
-0.0960221
-0.0897415
-0.0832096
-0.0764521
-0.0694914
-0.0623431
-0.0550183
-0.0475322
-0.0399027
-0.0321421
-0.0242537
-0.0162361
-0.00808916
0.000184168
0.00857564
0.0170694
0.0256447
0.0342785
0.0429497
0.0516461
0.0603675
0.0691223
0.0779232
0.0867818
0.0957006
0.104672
0.113683
0.122716
0.131756
0.140793
0.149822
0.158844
0.16786
0.176869
0.185867
0.19484
0.203769
0.212629
0.221394
0.230039
0.238538
0.246871
0.255024
0.262981
0.270723
0.278219
0.285434
0.292337
0.298895
0.305079
0.31085
0.316176
0.321028
0.325373
0.329175
0.332391
0.334986
0.336935
0.338206
0.33877
0.3386
0.337677
0.335981
0.333494
0.330203
0.326107
0.321212
0.315532
0.30908
0.301928
0.294152
0.284992
0.273777
-0.0989837
-0.1096
-0.118241
-0.125503
-0.132108
-0.138009
-0.143159
-0.147564
-0.151234
-0.154171
-0.15637
-0.157837
-0.158588
-0.158642
-0.158014
-0.156733
-0.154843
-0.152393
-0.149423
-0.145978
-0.142099
-0.13782
-0.133164
-0.128147
-0.122783
-0.117079
-0.111048
-0.104714
-0.0981059
-0.0912497
-0.084167
-0.0768769
-0.069394
-0.061732
-0.0539094
-0.0459485
-0.0378646
-0.0296618
-0.0213357
-0.0128803
-0.00429371
0.00441664
0.0132324
0.0221284
0.0310789
0.0400635
0.0490722
0.058106
0.0671732
0.076287
0.0854584
0.0946892
0.103973
0.1133
0.122656
0.132029
0.141415
0.150809
0.160207
0.169605
0.178995
0.188371
0.197723
0.207037
0.216296
0.225476
0.234548
0.243482
0.252254
0.260844
0.269233
0.2774
0.285317
0.292956
0.300289
0.307282
0.313895
0.320091
0.325833
0.331093
0.335836
0.340016
0.343587
0.346514
0.348765
0.350304
0.351093
0.351101
0.350304
0.348678
0.3462
0.342858
0.338654
0.333594
0.327689
0.320955
0.313459
0.305274
0.295601
0.283738
-0.110025
-0.121272
-0.130414
-0.138079
-0.145032
-0.151211
-0.156568
-0.161106
-0.16484
-0.167783
-0.169942
-0.171331
-0.171972
-0.171883
-0.171077
-0.169582
-0.167449
-0.164732
-0.161474
-0.157721
-0.153521
-0.148912
-0.143917
-0.138555
-0.132841
-0.126783
-0.120398
-0.113714
-0.10676
-0.0995602
-0.0921298
-0.084485
-0.0766431
-0.0686247
-0.0604538
-0.0521547
-0.0437421
-0.0352173
-0.0265731
-0.0178001
-0.00889498
0.000134269
0.00926852
0.0184822
0.0277491
0.0370513
0.0463825
0.0557443
0.0651431
0.0745886
0.0840873
0.0936385
0.103238
0.112882
0.122565
0.13228
0.142025
0.15179
0.161567
0.171343
0.181112
0.190867
0.200604
0.210317
0.219989
0.229594
0.239103
0.248483
0.257706
0.26675
0.275592
0.284212
0.292585
0.300685
0.308483
0.315942
0.323018
0.329672
0.33587
0.34158
0.346761
0.35136
0.355332
0.358637
0.361236
0.363083
0.364133
0.364351
0.363707
0.362172
0.359721
0.356341
0.352037
0.346818
0.340685
0.333652
0.325794
0.317179
0.306959
0.294403
-0.121783
-0.133711
-0.143393
-0.151484
-0.158795
-0.165258
-0.170819
-0.175486
-0.179282
-0.182226
-0.184336
-0.185633
-0.186141
-0.185876
-0.184855
-0.183114
-0.18071
-0.177701
-0.174129
-0.170041
-0.165489
-0.160515
-0.155145
-0.149401
-0.143302
-0.136863
-0.130101
-0.123045
-0.115721
-0.10815
-0.100343
-0.0923162
-0.0840929
-0.0757007
-0.0671687
-0.0585203
-0.0497667
-0.0409061
-0.0319297
-0.0228285
-0.0136008
-0.00425609
0.00518862
0.0147124
0.024294
0.0339191
0.0435833
0.0532863
0.0630298
0.0728177
0.082652
0.0925308
0.102454
0.112423
0.122441
0.132508
0.142617
0.152757
0.162909
0.173062
0.183209
0.193349
0.203482
0.213604
0.223699
0.233739
0.243693
0.253528
0.263217
0.272733
0.282054
0.291158
0.300024
0.308625
0.316926
0.324886
0.332463
0.339618
0.346315
0.352516
0.358173
0.363236
0.367656
0.371387
0.374379
0.376575
0.377926
0.378389
0.377928
0.376512
0.374112
0.370718
0.36633
0.360954
0.354592
0.347249
0.339005
0.329936
0.319137
0.305841
-0.134307
-0.146967
-0.157221
-0.165761
-0.173445
-0.180203
-0.185975
-0.190775
-0.194631
-0.197569
-0.199614
-0.200791
-0.201127
-0.200647
-0.199379
-0.197366
-0.194666
-0.191335
-0.187418
-0.182962
-0.178021
-0.172645
-0.166865
-0.160706
-0.154193
-0.147346
-0.140183
-0.132729
-0.125005
-0.11703
-0.108817
-0.100385
-0.0917624
-0.0829804
-0.0740705
-0.0650539
-0.0559387
-0.0467221
-0.0373968
-0.0279565
-0.0184025
-0.00874448
0.00100491
0.0108332
0.020728
0.0306801
0.0406846
0.050736
0.060829
0.0709619
0.0811341
0.0913462
0.101603
0.111912
0.122278
0.132702
0.143177
0.153686
0.164212
0.174743
0.185276
0.195813
0.206354
0.216893
0.227416
0.237896
0.248303
0.258608
0.26878
0.278792
0.288619
0.298241
0.307636
0.316775
0.325618
0.334123
0.342246
0.349948
0.357187
0.36392
0.370098
0.375673
0.380592
0.384798
0.388227
0.390817
0.392511
0.393259
0.393022
0.391762
0.389449
0.386069
0.381617
0.376093
0.369498
0.361837
0.353187
0.343633
0.332215
0.318127
-0.147647
-0.161091
-0.171949
-0.180965
-0.189046
-0.196116
-0.20211
-0.207045
-0.210952
-0.213865
-0.215815
-0.216835
-0.216962
-0.216234
-0.21469
-0.212376
-0.209346
-0.205656
-0.201354
-0.196491
-0.191126
-0.185312
-0.179088
-0.172484
-0.165528
-0.158245
-0.150652
-0.142768
-0.134613
-0.126204
-0.11756
-0.108705
-0.0996683
-0.0904809
-0.0811718
-0.0717616
-0.0622588
-0.0526634
-0.0429722
-0.0331827
-0.0232976
-0.013324
-0.00326845
0.00686526
0.0170739
0.0273542
0.0376995
0.0480981
0.0585383
0.0690142
0.079525
0.0900758
0.100677
0.111337
0.12206
0.132845
0.143683
0.154559
0.165458
0.176375
0.187308
0.198256
0.209216
0.22018
0.231135
0.242061
0.252933
0.263722
0.274397
0.284929
0.295291
0.305464
0.315424
0.325137
0.334561
0.343653
0.352369
0.360662
0.368486
0.375797
0.382549
0.388692
0.394161
0.398888
0.402803
0.405836
0.407922
0.409006
0.409042
0.407987
0.405805
0.40247
0.397977
0.392321
0.385495
0.377503
0.36843
0.358361
0.346276
0.331333
-0.161862
-0.176144
-0.187652
-0.197174
-0.205678
-0.213076
-0.219297
-0.224359
-0.228298
-0.231158
-0.232978
-0.233806
-0.233693
-0.232685
-0.23083
-0.228173
-0.224768
-0.220673
-0.215943
-0.210633
-0.204805
-0.198518
-0.191817
-0.184736
-0.177306
-0.169551
-0.16149
-0.153144
-0.144529
-0.135663
-0.126569
-0.117275
-0.10781
-0.0982002
-0.0884699
-0.0786404
-0.0687257
-0.0587321
-0.0486607
-0.0385119
-0.0282882
-0.0179912
-0.00761987
0.00282815
0.0133552
0.0239617
0.0346409
0.0453782
0.056159
0.0669758
0.0778286
0.0887249
0.0996774
0.110694
0.121777
0.132921
0.144121
0.155364
0.166646
0.177961
0.189307
0.200678
0.212065
0.223461
0.234858
0.246242
0.257591
0.268878
0.280073
0.291146
0.30207
0.312826
0.323384
0.333708
0.343754
0.353475
0.362826
0.371754
0.380212
0.388156
0.39554
0.402305
0.408376
0.413678
0.418134
0.421667
0.424203
0.425682
0.426051
0.425255
0.423249
0.42
0.415494
0.409723
0.402674
0.394341
0.38482
0.374205
0.361408
0.345541
-0.177044
-0.19223
-0.204437
-0.214501
-0.223448
-0.23118
-0.237622
-0.242793
-0.24674
-0.249516
-0.251175
-0.25178
-0.251393
-0.250067
-0.247849
-0.244793
-0.240957
-0.236406
-0.231202
-0.225403
-0.219072
-0.21227
-0.20505
-0.197452
-0.189506
-0.181237
-0.172668
-0.163825
-0.154725
-0.145385
-0.135827
-0.126079
-0.116167
-0.106116
-0.095946
-0.0856792
-0.0753362
-0.0649317
-0.05447
-0.0439512
-0.0333758
-0.0227409
-0.0120394
-0.00126474
0.00958691
0.0205173
0.0315215
0.0425867
0.0537011
0.0648585
0.0760586
0.0873075
0.0986147
0.109986
0.121422
0.132922
0.144484
0.156105
0.167781
0.179508
0.191276
0.203075
0.214894
0.22673
0.238582
0.250437
0.262277
0.274076
0.285806
0.29744
0.308951
0.320316
0.331503
0.342472
0.353177
0.363571
0.373601
0.383215
0.392364
0.401003
0.409079
0.416523
0.423255
0.429194
0.434257
0.438356
0.441411
0.443353
0.444118
0.44364
0.441861
0.438743
0.434261
0.428395
0.421127
0.41245
0.402461
0.391264
0.377703
0.360841
-0.193314
-0.209479
-0.222434
-0.233071
-0.242474
-0.250538
-0.257186
-0.262447
-0.266378
-0.269043
-0.270512
-0.270856
-0.270148
-0.268443
-0.265797
-0.262276
-0.25795
-0.252889
-0.247159
-0.240822
-0.233939
-0.226573
-0.218782
-0.210613
-0.202101
-0.193272
-0.184156
-0.174782
-0.165171
-0.155338
-0.145299
-0.135079
-0.124701
-0.11419
-0.103569
-0.0928582
-0.0820822
-0.0712604
-0.0603993
-0.0494976
-0.0385532
-0.0275614
-0.0165136
-0.00540195
0.0057784
0.0170308
0.028354
0.0397413
0.051186
0.0626845
0.0742345
0.0858371
0.0974958
0.109214
0.120995
0.132846
0.144774
0.15678
0.168861
0.181007
0.193202
0.20543
0.217686
0.229972
0.242288
0.254626
0.266969
0.279294
0.291577
0.303792
0.315912
0.32791
0.339752
0.351398
0.3628
0.373908
0.384667
0.395025
0.40493
0.414329
0.423159
0.431347
0.43881
0.445461
0.451206
0.455948
0.4596
0.462079
0.46331
0.463216
0.461726
0.458788
0.454369
0.448434
0.440957
0.431931
0.421459
0.409651
0.395271
0.377329
-0.210803
-0.228021
-0.241772
-0.253006
-0.262873
-0.271265
-0.278108
-0.28344
-0.287329
-0.289855
-0.291092
-0.291121
-0.290023
-0.287865
-0.284718
-0.280666
-0.27579
-0.270161
-0.263846
-0.256908
-0.249413
-0.241423
-0.233
-0.224201
-0.215068
-0.205635
-0.195933
-0.185994
-0.175841
-0.165487
-0.154943
-0.144228
-0.133365
-0.122382
-0.111302
-0.100148
-0.0889422
-0.0777015
-0.0664318
-0.0551318
-0.0437997
-0.0324329
-0.0210258
-0.00957101
0.00193916
0.013513
0.0251558
0.0368669
0.0486437
0.0604825
0.072378
0.0843256
0.0963253
0.10838
0.120501
0.132703
0.144998
0.157391
0.169877
0.182439
0.195058
0.207718
0.220417
0.23316
0.245949
0.258778
0.271633
0.284498
0.297353
0.31017
0.322919
0.335572
0.348095
0.360449
0.372587
0.384456
0.396002
0.407168
0.417894
0.42812
0.437775
0.446784
0.455061
0.462508
0.46902
0.474492
0.478825
0.481925
0.483703
0.484066
0.482932
0.480232
0.475916
0.469945
0.462281
0.452909
0.441938
0.429486
0.41423
0.39512
-0.229642
-0.247989
-0.262583
-0.274435
-0.284776
-0.293495
-0.30052
-0.305901
-0.309717
-0.312054
-0.312999
-0.31264
-0.311071
-0.308381
-0.304661
-0.300011
-0.294518
-0.288253
-0.28128
-0.273669
-0.26549
-0.256809
-0.247693
-0.238207
-0.228402
-0.218317
-0.207988
-0.197445
-0.18671
-0.175797
-0.164715
-0.15348
-0.142116
-0.130651
-0.11911
-0.107514
-0.0958812
-0.0842204
-0.0725339
-0.0608221
-0.0490872
-0.0373322
-0.0255569
-0.013755
-0.00191397
0.0099836
0.0219512
0.0339928
0.0461058
0.0582831
0.0705144
0.0827931
0.0951197
0.107503
0.11996
0.132512
0.145173
0.157947
0.170827
0.183794
0.196829
0.20992
0.223066
0.236271
0.249539
0.262865
0.276244
0.289665
0.303108
0.316543
0.329938
0.343266
0.356498
0.369596
0.382513
0.395196
0.407588
0.419626
0.431241
0.442364
0.452925
0.462846
0.472029
0.480364
0.487738
0.494037
0.499149
0.502965
0.50538
0.506283
0.505577
0.503178
0.499022
0.493055
0.48523
0.475523
0.464041
0.45091
0.434718
0.414345
-0.24997
-0.26953
-0.285021
-0.297518
-0.308344
-0.317385
-0.324574
-0.32997
-0.33366
-0.335741
-0.336313
-0.33548
-0.333358
-0.330058
-0.325691
-0.320365
-0.314172
-0.307184
-0.29947
-0.291104
-0.282165
-0.272726
-0.262859
-0.252632
-0.242104
-0.231318
-0.220313
-0.209118
-0.197755
-0.186238
-0.174579
-0.162798
-0.150919
-0.138966
-0.126961
-0.11492
-0.102855
-0.090769
-0.0786586
-0.066527
-0.0543833
-0.0422361
-0.0300889
-0.0179356
-0.00575793
0.00647023
0.0187697
0.0311468
0.0435963
0.0561063
0.0686633
0.0812608
0.0939042
0.106609
0.119398
0.132295
0.145313
0.158455
0.171713
0.185071
0.198512
0.212028
0.225617
0.239285
0.253034
0.266868
0.280786
0.294778
0.308822
0.322887
0.336942
0.350967
0.364939
0.378819
0.39256
0.40611
0.419407
0.43238
0.444953
0.457055
0.468613
0.479539
0.489725
0.499051
0.507396
0.514633
0.520634
0.525272
0.528423
0.529961
0.529769
0.527749
0.523821
0.517913
0.50996
0.499928
0.487929
0.47409
0.456898
0.435161
-0.271943
-0.292814
-0.309259
-0.322433
-0.333753
-0.343104
-0.350422
-0.355779
-0.359272
-0.361013
-0.361122
-0.359727
-0.356966
-0.352972
-0.347868
-0.341767
-0.334769
-0.326956
-0.318405
-0.309201
-0.299428
-0.289166
-0.27849
-0.267469
-0.256164
-0.244622
-0.232885
-0.220986
-0.208945
-0.196781
-0.18451
-0.172156
-0.159745
-0.147295
-0.134818
-0.122322
-0.109814
-0.0972933
-0.0847549
-0.0722044
-0.059656
-0.0471217
-0.0346046
-0.0220962
-0.00957401
0.00299308
0.0156289
0.0283393
0.0411172
0.0539494
0.0668224
0.0797324
0.0926893
0.105712
0.118827
0.132057
0.145417
0.158909
0.17253
0.186266
0.200103
0.214034
0.228059
0.242185
0.25642
0.270772
0.285241
0.299816
0.31447
0.329176
0.343911
0.358662
0.373406
0.388107
0.402717
0.417183
0.431441
0.445413
0.459021
0.472189
0.484838
0.496868
0.508162
0.518595
0.528033
0.536331
0.543343
0.548922
0.552925
0.555208
0.555637
0.554091
0.550471
0.544685
0.536651
0.526318
0.513799
0.499223
0.480965
0.457754
-0.295737
-0.318021
-0.335486
-0.349363
-0.361177
-0.370813
-0.378209
-0.383454
-0.386666
-0.387975
-0.387527
-0.385475
-0.381976
-0.377181
-0.371223
-0.364226
-0.356301
-0.34755
-0.338064
-0.327936
-0.317254
-0.306102
-0.294555
-0.282683
-0.270544
-0.258189
-0.245664
-0.233007
-0.220244
-0.207396
-0.194486
-0.181535
-0.168569
-0.155601
-0.142636
-0.129671
-0.116708
-0.103745
-0.09078
-0.0778183
-0.0648761
-0.051965
-0.0390843
-0.0262212
-0.013351
-0.000442066
0.0125276
0.0255621
0.0386549
0.051796
0.0649761
0.0781953
0.0914654
0.104805
0.118238
0.131789
0.145472
0.159298
0.173266
0.187366
0.201587
0.215924
0.230379
0.244963
0.25969
0.274567
0.289593
0.304754
0.320027
0.33539
0.35083
0.366337
0.381886
0.397443
0.412963
0.428396
0.443671
0.45871
0.473429
0.487751
0.501585
0.514825
0.527348
0.539017
0.549681
0.559177
0.567337
0.573995
0.578987
0.582149
0.583322
0.582367
0.579155
0.573571
0.565513
0.554915
0.54188
0.526538
0.507144
0.482345
-0.321545
-0.345352
-0.363899
-0.3785
-0.390798
-0.400682
-0.408094
-0.413146
-0.415982
-0.416758
-0.415647
-0.412824
-0.408463
-0.402728
-0.395772
-0.387738
-0.378758
-0.368951
-0.358425
-0.347281
-0.335609
-0.32349
-0.311002
-0.298212
-0.285178
-0.271955
-0.258592
-0.245134
-0.231614
-0.218055
-0.204479
-0.190908
-0.177361
-0.163849
-0.150371
-0.136921
-0.123495
-0.11009
-0.0967034
-0.0833408
-0.0700155
-0.0567358
-0.0434972
-0.0302841
-0.0170711
-0.00382831
0.00946355
0.0228081
0.0362025
0.0496418
0.0631218
0.0766454
0.0902244
0.103875
0.117617
0.131476
0.145472
0.159617
0.173917
0.188366
0.202958
0.217691
0.232573
0.247617
0.262838
0.278242
0.293824
0.309574
0.325475
0.341516
0.357686
0.373973
0.390355
0.406802
0.423275
0.439722
0.456072
0.472243
0.488152
0.503714
0.518835
0.533403
0.547286
0.56033
0.572365
0.58321
0.592676
0.600574
0.606718
0.610916
0.612986
0.612758
0.610076
0.604799
0.596795
0.585975
0.572434
0.556299
0.535698
0.509183
-0.349588
-0.375037
-0.394732
-0.410074
-0.42284
-0.432925
-0.440284
-0.445053
-0.447405
-0.447526
-0.445617
-0.441875
-0.436492
-0.429652
-0.421536
-0.412315
-0.402142
-0.391153
-0.379471
-0.367205
-0.354446
-0.341272
-0.32776
-0.313978
-0.299989
-0.285847
-0.271607
-0.257317
-0.243013
-0.228719
-0.214455
-0.200238
-0.186085
-0.172001
-0.157986
-0.144034
-0.130141
-0.116297
-0.102497
-0.088742
-0.07504
-0.0613954
-0.0478026
-0.034247
-0.0207039
-0.00714485
0.00644977
0.0200872
0.0337704
0.0474996
0.0612726
0.0750931
0.088971
0.10292
0.11696
0.131117
0.145415
0.159869
0.174488
0.189273
0.204223
0.219345
0.234648
0.250148
0.265858
0.28178
0.297914
0.314257
0.3308
0.347536
0.364454
0.381542
0.398784
0.416155
0.43362
0.451127
0.468606
0.485975
0.503151
0.520048
0.536567
0.55259
0.56797
0.582537
0.596103
0.60847
0.619424
0.62875
0.636233
0.641653
0.644799
0.645467
0.643467
0.638622
0.630768
0.619783
0.605755
0.588808
0.566924
0.538557
-0.380127
-0.407351
-0.428266
-0.44437
-0.457585
-0.467817
-0.475036
-0.479409
-0.481143
-0.480454
-0.477573
-0.472726
-0.466132
-0.458005
-0.448556
-0.437987
-0.42647
-0.414158
-0.401185
-0.38767
-0.373707
-0.359376
-0.344749
-0.329901
-0.314895
-0.299791
-0.284641
-0.269492
-0.25438
-0.239329
-0.224352
-0.209466
-0.194685
-0.180011
-0.165444
-0.150982
-0.136617
-0.122336
-0.108127
-0.0939843
-0.0799093
-0.0659037
-0.0519632
-0.0380763
-0.0242204
-0.0103662
0.00350957
0.017421
0.0313784
0.0453857
0.0594408
0.0735461
0.0877096
0.101943
0.116268
0.130712
0.145299
0.160051
0.17498
0.190091
0.205392
0.220895
0.23661
0.252554
0.268736
0.285166
0.301848
0.318787
0.335981
0.353421
0.371099
0.389006
0.407133
0.42546
0.443953
0.462562
0.481222
0.499857
0.518383
0.536715
0.554751
0.57236
0.589383
0.605634
0.620912
0.634995
0.647642
0.65861
0.667649
0.674513
0.678951
0.680718
0.679582
0.675321
0.667733
0.656663
0.642182
0.624405
0.601158
0.570792
-0.41347
-0.44262
-0.464838
-0.481728
-0.495366
-0.505671
-0.512636
-0.516464
-0.517401
-0.515703
-0.511636
-0.505467
-0.497452
-0.487837
-0.476869
-0.464772
-0.45174
-0.437941
-0.423523
-0.408616
-0.393321
-0.377718
-0.361886
-0.345896
-0.329815
-0.313704
-0.297611
-0.281577
-0.265631
-0.249797
-0.234087
-0.218514
-0.203092
-0.187823
-0.172704
-0.157729
-0.142892
-0.128174
-0.113556
-0.0990256
-0.0845818
-0.0702243
-0.0559501
-0.0417496
-0.0276004
-0.0134704
0.000668524
0.0148371
0.0290515
0.0433184
0.0576367
0.0720085
0.086441
0.100945
0.115542
0.130259
0.145125
0.160162
0.17539
0.19082
0.206465
0.222338
0.238451
0.254819
0.271458
0.288384
0.305609
0.323143
0.340987
0.359135
0.37758
0.396322
0.415357
0.434665
0.454217
0.473969
0.493866
0.513837
0.533802
0.553674
0.573348
0.592681
0.611502
0.629617
0.646804
0.662817
0.677387
0.690238
0.701092
0.709659
0.715643
0.718748
0.718692
0.715204
0.708032
0.696979
0.682093
0.66348
0.638789
0.606258
-0.44998
-0.481234
-0.504847
-0.522536
-0.536551
-0.546827
-0.553382
-0.556469
-0.556384
-0.553432
-0.547931
-0.540193
-0.530519
-0.519194
-0.506492
-0.492661
-0.477917
-0.462446
-0.446413
-0.429961
-0.413199
-0.396213
-0.379082
-0.361877
-0.344663
-0.327494
-0.310417
-0.293463
-0.276658
-0.26002
-0.243563
-0.227298
-0.211236
-0.195377
-0.179713
-0.164233
-0.148926
-0.13377
-0.118741
-0.103824
-0.0890178
-0.0743223
-0.0597339
-0.0452414
-0.0308187
-0.0164293
-0.00204066
0.0123715
0.0268254
0.04133
0.0558867
0.0705004
0.0851797
0.0999356
0.114789
0.129767
0.1449
0.160214
0.175731
0.19147
0.207445
0.22367
0.240159
0.256932
0.274012
0.291422
0.30918
0.3273
0.345787
0.364639
0.383858
0.403447
0.423404
0.443713
0.464351
0.48529
0.506482
0.527863
0.549356
0.570875
0.592309
0.61351
0.634299
0.654468
0.673776
0.691954
0.708706
0.723723
0.736685
0.747254
0.755079
0.759809
0.761096
0.758612
0.752044
0.74114
0.725922
0.706477
0.680258
0.645378
-0.490078
-0.523647
-0.548755
-0.567241
-0.581555
-0.591657
-0.5976
-0.599699
-0.598316
-0.593821
-0.586593
-0.577002
-0.565395
-0.552095
-0.537405
-0.521601
-0.504925
-0.487584
-0.46976
-0.451608
-0.433247
-0.414767
-0.396247
-0.377753
-0.359342
-0.341062
-0.32295
-0.305039
-0.287349
-0.269895
-0.25269
-0.235739
-0.219046
-0.202608
-0.186409
-0.170433
-0.154662
-0.139071
-0.123634
-0.108339
-0.0931829
-0.0781664
-0.0632834
-0.0485176
-0.0338375
-0.0192023
-0.00457659
0.0100646
0.0247397
0.039459
0.0542284
0.0690573
0.0839573
0.0989407
0.114029
0.129253
0.14464
0.160219
0.176016
0.192049
0.208335
0.22489
0.241733
0.258892
0.276395
0.294272
0.312547
0.331238
0.350355
0.369907
0.3899
0.410338
0.431223
0.452548
0.474303
0.496472
0.519015
0.541876
0.564985
0.588258
0.61158
0.634799
0.657731
0.680154
0.701813
0.722417
0.741641
0.75914
0.774544
0.787459
0.797476
0.804169
0.807121
0.805925
0.800196
0.789615
0.774164
0.753906
0.726069
0.688632
-0.534247
-0.570377
-0.597089
-0.61635
-0.630851
-0.640586
-0.645662
-0.646471
-0.643457
-0.637072
-0.627769
-0.615983
-0.60211
-0.586517
-0.569544
-0.551499
-0.532651
-0.513234
-0.493445
-0.473443
-0.453354
-0.433271
-0.413269
-0.393408
-0.373734
-0.354287
-0.335097
-0.316194
-0.297601
-0.279328
-0.261382
-0.243759
-0.226453
-0.209447
-0.192722
-0.176256
-0.16003
-0.144016
-0.128189
-0.112535
-0.0970526
-0.0817374
-0.0665783
-0.051553
-0.0366261
-0.0217556
-0.00690636
0.00794582
0.0228196
0.0377287
0.0526847
0.0677025
0.0827972
0.0979834
0.113285
0.128734
0.144359
0.160187
0.176245
0.192553
0.209128
0.225992
0.243169
0.260692
0.2786
0.296923
0.315693
0.334936
0.354671
0.374911
0.395669
0.416951
0.438766
0.461122
0.484022
0.507459
0.531405
0.555813
0.580624
0.605754
0.63109
0.656479
0.681732
0.706621
0.730881
0.754198
0.776217
0.796551
0.814777
0.830441
0.843058
0.852122
0.857124
0.857568
0.852975
0.842944
0.827399
0.806366
0.776816
0.736578
-0.583038
-0.622021
-0.650452
-0.670451
-0.684987
-0.694111
-0.697998
-0.697143
-0.692092
-0.683393
-0.671587
-0.657185
-0.640646
-0.62239
-0.602802
-0.582225
-0.560957
-0.539251
-0.517316
-0.495316
-0.473373
-0.45158
-0.430005
-0.408697
-0.387697
-0.367035
-0.346735
-0.326823
-0.30732
-0.288234
-0.269559
-0.25128
-0.233376
-0.215818
-0.19858
-0.181638
-0.164972
-0.148558
-0.132368
-0.116388
-0.10061
-0.0850244
-0.0696096
-0.0543383
-0.0391742
-0.024078
-0.00901906
0.00602456
0.021073
0.0361456
0.0512612
0.0664413
0.0817054
0.0970714
0.112565
0.128219
0.144061
0.160116
0.176413
0.192971
0.209813
0.226964
0.244454
0.262323
0.280613
0.29936
0.318603
0.338376
0.358709
0.37962
0.401125
0.42324
0.445986
0.469384
0.49345
0.518187
0.543579
0.569597
0.596187
0.623272
0.650744
0.678453
0.706212
0.733794
0.760922
0.787264
0.812432
0.835996
0.857479
0.876357
0.892058
0.903978
0.911505
0.914026
0.910947
0.901759
0.88631
0.864569
0.833205
0.789882
-0.637111
-0.679295
-0.709576
-0.730251
-0.744622
-0.752817
-0.755107
-0.752115
-0.744516
-0.732977
-0.718146
-0.700624
-0.68095
-0.659612
-0.637044
-0.613625
-0.589675
-0.565458
-0.541192
-0.517038
-0.493115
-0.469506
-0.446271
-0.42345
-0.401073
-0.379164
-0.357741
-0.33682
-0.316417
-0.296531
-0.277142
-0.25822
-0.239731
-0.221638
-0.203907
-0.186515
-0.16944
-0.152658
-0.136142
-0.119872
-0.103833
-0.0880046
-0.072357
-0.0568577
-0.0414717
-0.0261652
-0.0109135
0.00430188
0.0195032
0.0347163
0.0499675
0.0652848
0.0806932
0.0962148
0.111877
0.127712
0.143746
0.160004
0.176512
0.193296
0.210382
0.227797
0.24558
0.263773
0.282421
0.301567
0.321258
0.341539
0.362444
0.383999
0.406228
0.429161
0.452833
0.477278
0.50252
0.528577
0.555452
0.583129
0.611565
0.640693
0.670416
0.700594
0.731051
0.76156
0.79184
0.82154
0.850247
0.877485
0.902722
0.925353
0.944708
0.960072
0.970701
0.975846
0.974764
0.966798
0.951703
0.929356
0.896073
0.849334
-0.697271
-0.743083
-0.775367
-0.79662
-0.810549
-0.817395
-0.817556
-0.81182
-0.801029
-0.786
-0.767516
-0.74629
-0.722953
-0.698066
-0.672117
-0.645519
-0.618604
-0.591642
-0.564848
-0.538381
-0.51235
-0.486827
-0.46186
-0.437478
-0.413697
-0.390531
-0.367989
-0.346076
-0.324793
-0.304125
-0.284037
-0.264486
-0.245428
-0.226819
-0.208624
-0.190816
-0.173374
-0.156269
-0.139469
-0.122947
-0.106679
-0.0906354
-0.0747792
-0.0590753
-0.0434916
-0.0279997
-0.0125804
0.00278321
0.0181163
0.0334507
0.0488185
0.0642522
0.0797819
0.0954342
0.111239
0.127226
0.143422
0.159851
0.176542
0.193525
0.210829
0.228488
0.246539
0.265031
0.28401
0.303528
0.32364
0.344397
0.365841
0.388008
0.410934
0.434665
0.459249
0.48473
0.511146
0.538532
0.566913
0.596283
0.626616
0.657863
0.689944
0.722739
0.756084
0.78976
0.823487
0.856906
0.889577
0.920989
0.950543
0.977549
1.00123
1.02075
1.03519
1.04364
1.04517
1.03893
1.02453
1.00173
0.966424
0.915858
-0.764519
-0.814493
-0.848947
-0.87062
-0.883715
-0.888639
-0.88597
-0.876717
-0.861932
-0.842625
-0.819745
-0.794142
-0.766549
-0.7376
-0.707831
-0.677681
-0.647494
-0.617537
-0.588014
-0.559074
-0.530816
-0.503297
-0.476547
-0.450579
-0.425391
-0.40098
-0.377339
-0.354459
-0.332323
-0.310898
-0.290134
-0.269976
-0.250372
-0.231278
-0.212657
-0.194478
-0.176714
-0.159332
-0.14229
-0.125555
-0.109093
-0.0928663
-0.076831
-0.0609524
-0.0452022
-0.0295576
-0.0140021
0.00148187
0.0169238
0.0323602
0.0478262
0.0633569
0.0789862
0.0947446
0.110663
0.126771
0.143095
0.159662
0.176506
0.193659
0.211155
0.229028
0.247321
0.266081
0.285363
0.305223
0.325721
0.346917
0.368861
0.391601
0.415191
0.43969
0.465157
0.49165
0.519223
0.547934
0.577821
0.608899
0.641165
0.674595
0.709132
0.744681
0.781098
0.818183
0.855665
0.893183
0.930283
0.966415
1.00092
1.03303
1.06184
1.08636
1.1055
1.11812
1.12304
1.11918
1.10594
1.08292
1.04548
0.990594
-0.840107
-0.894901
-0.931696
-0.953528
-0.965231
-0.967451
-0.961029
-0.947271
-0.927503
-0.902975
-0.874832
-0.844078
-0.811558
-0.777974
-0.743904
-0.709801
-0.676015
-0.642807
-0.61036
-0.578803
-0.548216
-0.518641
-0.490081
-0.462525
-0.435949
-0.410323
-0.385621
-0.361812
-0.338859
-0.316712
-0.295309
-0.274582
-0.254478
-0.234948
-0.215952
-0.197451
-0.179412
-0.161793
-0.14455
-0.127641
-0.111025
-0.0946523
-0.0784766
-0.0624624
-0.0465851
-0.0308254
-0.015167
0.000410471
0.0159392
0.0314574
0.047001
0.062607
0.078313
0.0941521
0.110155
0.12635
0.142768
0.159439
0.176403
0.193696
0.211352
0.229409
0.247909
0.266905
0.286455
0.306619
0.327463
0.349053
0.371452
0.394723
0.418934
0.444157
0.470465
0.497931
0.52663
0.556637
0.58801
0.620793
0.65501
0.690667
0.72774
0.766163
0.805826
0.846558
0.888106
0.930119
0.972144
1.0136
1.05378
1.09182
1.12671
1.15725
1.18216
1.20004
1.20938
1.20878
1.19736
1.17446
1.13476
1.07495
-0.925601
-0.986034
-1.02532
-1.0469
-1.05641
-1.05486
-1.04348
-1.02395
-0.997982
-0.967097
-0.932672
-0.895877
-0.85767
-0.818819
-0.779927
-0.741457
-0.703747
-0.667041
-0.631497
-0.597209
-0.564228
-0.532564
-0.502193
-0.473069
-0.445141
-0.418351
-0.392642
-0.367959
-0.344243
-0.321427
-0.299438
-0.278205
-0.257666
-0.237767
-0.218457
-0.199689
-0.181421
-0.163609
-0.146205
-0.129162
-0.112431
-0.0959551
-0.0796844
-0.0635828
-0.0476263
-0.0317944
-0.0160676
-0.000423469
0.0151695
0.0307472
0.0463457
0.0620044
0.0777636
0.0936566
0.109712
0.125961
0.142438
0.159181
0.176233
0.193631
0.211412
0.229613
0.248282
0.267476
0.287253
0.307677
0.328818
0.350753
0.373557
0.397308
0.422085
0.447975
0.475067
0.503452
0.533223
0.564475
0.597294
0.631756
0.667918
0.705823
0.745484
0.786881
0.829945
0.874544
0.920462
0.967375
1.01484
1.06228
1.10893
1.15386
1.19592
1.23374
1.26576
1.29025
1.30535
1.30919
1.30048
1.2782
1.23618
1.17068
-1.02301
-1.0901
-1.13199
-1.15264
-1.15882
-1.15207
-1.13413
-1.10724
-1.07354
-1.03492
-0.993009
-0.94915
-0.904408
-0.859606
-0.815359
-0.772116
-0.730186
-0.689775
-0.650998
-0.613907
-0.578505
-0.544759
-0.512604
-0.481956
-0.452731
-0.424841
-0.398198
-0.372716
-0.348314
-0.324907
-0.302412
-0.280753
-0.259859
-0.239664
-0.220105
-0.201127
-0.182683
-0.164727
-0.147209
-0.130077
-0.113273
-0.0967394
-0.0804224
-0.0642848
-0.0482988
-0.0324384
-0.0166803
-0.00100202
0.0146242
0.0302322
0.0458596
0.0615475
0.0773348
0.093252
0.109327
0.125595
0.142099
0.158882
0.175987
0.193451
0.211314
0.229618
0.248415
0.267761
0.287716
0.308347
0.329733
0.35196
0.375114
0.399283
0.42456
0.451048
0.478852
0.508081
0.538847
0.571271
0.605473
0.641561
0.679632
0.719772
0.762043
0.806479
0.853065
0.901721
0.952289
1.0045
1.05795
1.11205
1.16606
1.21896
1.26947
1.31604
1.35682
1.38969
1.41227
1.42212
1.41741
1.39653
1.35215
1.28
-1.13495
-1.21
-1.25451
-1.2732
-1.2744
-1.26045
-1.23384
-1.19753
-1.15421
-1.10619
-1.05539
-1.00331
-0.951111
-0.899651
-0.849526
-0.801142
-0.754749
-0.710484
-0.668398
-0.628483
-0.590678
-0.554894
-0.521017
-0.48892
-0.458481
-0.429581
-0.402095
-0.37591
-0.35092
-0.327024
-0.304128
-0.282142
-0.260983
-0.240569
-0.220827
-0.201699
-0.183137
-0.165094
-0.147517
-0.130346
-0.11352
-0.0969781
-0.0806668
-0.0645429
-0.0485721
-0.0327239
-0.016974
-0.00130222
0.0143173
0.02992
0.0455459
0.0612343
0.0770185
0.0929255
0.108987
0.125244
0.141744
0.158532
0.175649
0.193136
0.211037
0.2294
0.248275
0.267719
0.287796
0.308581
0.330157
0.352617
0.376054
0.40057
0.426271
0.453274
0.4817
0.511676
0.54334
0.576842
0.612334
0.649963
0.689871
0.732196
0.777057
0.824545
0.874722
0.927585
0.983047
1.04092
1.10086
1.16236
1.22466
1.28673
1.34718
1.40428
1.45583
1.49928
1.53162
1.54966
1.55074
1.53244
1.4858
1.40578
-1.26497
-1.34962
-1.39655
-1.41165
-1.40546
-1.38156
-1.34347
-1.29508
-1.23979
-1.18039
-1.11907
-1.05751
-0.996904
-0.938093
-0.881613
-0.827782
-0.776755
-0.728565
-0.683169
-0.640471
-0.600338
-0.562609
-0.527115
-0.493686
-0.462158
-0.432369
-0.404164
-0.377396
-0.351937
-0.327674
-0.304495
-0.282291
-0.260961
-0.240412
-0.220566
-0.201361
-0.182751
-0.164687
-0.147108
-0.129951
-0.113155
-0.0966599
-0.0804054
-0.0643411
-0.0484274
-0.0326337
-0.0169376
-0.00131904
0.0142507
0.0298104
0.0453997
0.0610524
0.076796
0.0926578
0.108674
0.124891
0.141354
0.158108
0.175195
0.192663
0.210558
0.228928
0.247825
0.26731
0.287454
0.308334
0.330038
0.352663
0.376313
0.401095
0.42713
0.454549
0.48349
0.514101
0.546543
0.580999
0.617657
0.656708
0.698341
0.742745
0.790113
0.840617
0.894389
0.951527
1.01206
1.07591
1.14283
1.21242
1.284
1.35654
1.42861
1.4983
1.56311
1.61994
1.66504
1.69423
1.70373
1.68981
1.64126
1.55183
-1.41794
-1.51425
-1.56297
-1.57185
-1.55473
-1.517
-1.46368
-1.39984
-1.32972
-1.25662
-1.18299
-1.11061
-1.04065
-0.97386
-0.910635
-0.851147
-0.795409
-0.743318
-0.694701
-0.649348
-0.607031
-0.567517
-0.530576
-0.495987
-0.463538
-0.433026
-0.404256
-0.377055
-0.351273
-0.326778
-0.303438
-0.281126
-0.259724
-0.239134
-0.219275
-0.200085
-0.181512
-0.163499
-0.145981
-0.128897
-0.112186
-0.0957858
-0.0796318
-0.0636676
-0.047854
-0.0321634
-0.0165727
-0.00105612
0.0144204
0.0298967
0.0454085
0.0609839
0.0766486
0.0924322
0.108373
0.124515
0.140904
0.157584
0.174602
0.192008
0.209848
0.228171
0.247032
0.2665
0.286651
0.307563
0.329329
0.352047
0.375827
0.400786
0.427053
0.454776
0.484107
0.515215
0.548292
0.583554
0.621222
0.661526
0.704716
0.751047
0.800774
0.854159
0.911444
0.972846
1.03853
1.10856
1.18287
1.2612
1.34302
1.4274
1.51294
1.59762
1.67867
1.75243
1.81426
1.8587
1.88042
1.87377
1.82413
1.72336
-1.60081
-1.71126
-1.76023
-1.75863
-1.7253
-1.66835
-1.59481
-1.51126
-1.42289
-1.33347
-1.24563
-1.1611
-1.08093
-1.00564
-0.935416
-0.870204
-0.809815
-0.753968
-0.702327
-0.654547
-0.610289
-0.569235
-0.53109
-0.495574
-0.462424
-0.431391
-0.402248
-0.374791
-0.34885
-0.324269
-0.300897
-0.278589
-0.257222
-0.236697
-0.216931
-0.197856
-0.179409
-0.161526
-0.144141
-0.127193
-0.110621
-0.0943615
-0.0783465
-0.0625226
-0.0468554
-0.0313186
-0.0158833
-0.000515437
0.0148235
0.0301718
0.0455611
0.0610176
0.0765666
0.0922377
0.108068
0.124098
0.140375
0.156943
0.173853
0.191152
0.208886
0.227106
0.245874
0.265266
0.28536
0.306238
0.32799
0.350719
0.374539
0.399573
0.42596
0.453854
0.483431
0.514887
0.548433
0.584312
0.622791
0.664144
0.708668
0.756687
0.808543
0.86459
0.925194
0.990715
1.06148
1.13777
1.21973
1.30733
1.40027
1.49785
1.59884
1.70122
1.80205
1.89716
1.98093
2.04631
2.08584
2.09104
2.04214
1.92771
-1.82375
-1.95114
-1.99702
-1.97796
-1.92051
-1.8368
-1.73652
-1.62803
-1.51744
-1.40886
-1.30489
-1.20702
-1.11596
-1.03187
-0.954598
-0.883795
-0.818998
-0.759697
-0.705369
-0.655508
-0.609659
-0.567409
-0.528383
-0.492238
-0.458656
-0.427344
-0.398043
-0.370528
-0.344603
-0.32009
-0.296821
-0.274644
-0.253436
-0.233096
-0.213537
-0.19468
-0.176449
-0.158778
-0.1416
-0.124853
-0.108473
-0.0923979
-0.0765648
-0.0609277
-0.045456
-0.0301208
-0.0148856
0.000290594
0.0154483
0.0306242
0.0458482
0.0611457
0.076541
0.092062
0.107742
0.123622
0.139749
0.15617
0.172932
0.190079
0.207656
0.225718
0.244335
0.26359
0.283561
0.304328
0.325985
0.348639
0.372399
0.397391
0.423765
0.451693
0.48136
0.512981
0.546802
0.583089
0.622138
0.664273
0.709845
0.759243
0.812898
0.871271
0.934863
1.0042
1.07981
1.16222
1.25186
1.34903
1.45379
1.56582
1.68422
1.80724
1.93196
2.05387
2.16637
2.26056
2.32621
2.35065
2.3062
2.17557
-2.10242
-2.24913
-2.28501
-2.237
-2.14363
-2.02274
-1.88734
-1.74764
-1.61045
-1.47984
-1.358
-1.24587
-1.14356
-1.0507
-0.966654
-0.890664
-0.821935
-0.759684
-0.703167
-0.651715
-0.604741
-0.56173
-0.522223
-0.485807
-0.452108
-0.420798
-0.391589
-0.364232
-0.338508
-0.314224
-0.291206
-0.269301
-0.248388
-0.228362
-0.209128
-0.190591
-0.17267
-0.155293
-0.138394
-0.121907
-0.105772
-0.0899299
-0.0743281
-0.0589282
-0.0437002
-0.0286101
-0.0136143
0.00133206
0.0162695
0.0312333
0.0462531
0.0613533
0.0765562
0.091886
0.107375
0.123066
0.139008
0.155246
0.171819
0.188768
0.206138
0.223992
0.242403
0.261454
0.281228
0.30181
0.323288
0.345762
0.369349
0.394179
0.420401
0.4482
0.477784
0.509379
0.543249
0.579691
0.619031
0.661629
0.707889
0.758272
0.813293
0.873528
0.939619
1.01227
1.09226
1.18038
1.27743
1.38413
1.50106
1.62847
1.76608
1.91272
2.06588
2.2211
2.37104
2.50488
2.60897
2.66472
2.63218
2.48334
-2.46213
-2.62795
-2.63981
-2.54391
-2.3971
-2.22489
-2.04389
-1.86582
-1.6975
-1.54227
-1.40132
-1.27457
-1.1612
-1.06008
-0.969931
-0.889506
-0.817606
-0.753137
-0.695123
-0.642717
-0.595199
-0.551949
-0.512422
-0.476139
-0.442683
-0.41169
-0.382848
-0.355884
-0.330566
-0.306693
-0.284092
-0.262614
-0.242139
-0.222556
-0.203758
-0.185643
-0.168121
-0.151119
-0.134569
-0.118405
-0.10257
-0.0870157
-0.0716994
-0.0565874
-0.0416472
-0.0268389
-0.0121155
0.00256781
0.0172508
0.0319684
0.0467495
0.0616151
0.0765836
0.0916793
0.106938
0.122407
0.13813
0.154146
0.17049
0.187199
0.204318
0.221909
0.240053
0.258839
0.278346
0.298656
0.31986
0.342055
0.365348
0.389876
0.415799
0.443303
0.472606
0.503958
0.537632
0.573945
0.613248
0.655934
0.702457
0.75334
0.809182
0.870674
0.938599
1.01386
1.09747
1.19055
1.29432
1.41003
1.53892
1.68208
1.84018
2.01313
2.19945
2.39542
2.59368
2.78187
2.94259
3.04937
3.04358
2.87742
-2.94636
-3.12202
-3.08161
-2.90674
-2.68092
-2.43871
-2.19968
-1.97569
-1.77218
-1.5906
-1.43025
-1.28941
-1.16597
-1.05776
-0.962735
-0.879044
-0.805055
-0.73935
-0.680719
-0.628141
-0.580765
-0.53787
-0.498839
-0.463138
-0.430311
-0.399973
-0.371789
-0.345473
-0.320786
-0.297526
-0.275526
-0.254642
-0.234749
-0.215732
-0.197478
-0.179878
-0.162841
-0.146291
-0.130159
-0.114384
-0.0989144
-0.083711
-0.0687388
-0.0539639
-0.0393504
-0.0248566
-0.0104361
0.00395509
0.0183555
0.0327976
0.0473048
0.0618948
0.0765877
0.0914119
0.106405
0.121614
0.137083
0.152844
0.168923
0.185348
0.202169
0.21945
0.237271
0.255721
0.274886
0.294844
0.315673
0.337472
0.36035
0.384438
0.409897
0.436925
0.465747
0.496617
0.529823
0.565689
0.604586
0.646934
0.693225
0.744038
0.800047
0.862044
0.930949
1.00785
1.09401
1.19089
1.30016
1.4237
1.56357
1.72193
1.90085
2.10192
2.3256
2.57015
2.82964
3.09153
3.33535
3.52535
3.57587
3.40293
-3.6339
-3.7836
-3.63413
-3.32992
-2.98899
-2.65359
-2.34316
-2.06662
-1.82552
-1.61761
-1.43917
-1.28616
-1.15472
-1.04144
-0.943385
-0.858074
-0.78343
-0.717727
-0.659539
-0.607696
-0.561234
-0.519354
-0.48138
-0.446743
-0.414963
-0.385636
-0.35842
-0.333023
-0.309207
-0.286776
-0.265568
-0.245443
-0.226275
-0.207944
-0.190334
-0.17334
-0.156869
-0.140847
-0.125205
-0.109888
-0.0948537
-0.0800677
-0.0654963
-0.0511046
-0.036856
-0.0227089
-0.00861814
0.00545638
0.0195466
0.0336792
0.0478763
0.062155
0.0765353
0.0910492
0.105742
0.120662
0.135845
0.151313
0.167086
0.183191
0.199669
0.216585
0.234027
0.252082
0.270828
0.290342
0.310698
0.331987
0.354317
0.377818
0.402648
0.42901
0.457131
0.487268
0.519709
0.554783
0.592868
0.634404
0.679907
0.73
0.785416
0.847021
0.915857
0.993173
1.08046
1.1795
1.29242
1.42178
1.57056
1.74222
1.94063
2.16982
2.43339
2.7334
3.06794
3.42752
3.79175
4.11688
4.28256
4.14121
-4.66798
-4.6883
-4.31986
-3.8081
-3.30406
-2.84946
-2.45595
-2.12352
-1.84586
-1.61466
-1.42185
-1.26037
-1.12434
-1.00897
-0.910426
-0.825624
-0.752097
-0.687866
-0.63134
-0.581243
-0.536536
-0.496373
-0.460051
-0.426983
-0.396681
-0.368739
-0.342815
-0.318621
-0.295926
-0.274542
-0.254316
-0.235109
-0.216797
-0.199264
-0.182398
-0.166095
-0.150269
-0.134848
-0.11977
-0.104983
-0.090451
-0.0761426
-0.0620244
-0.0480593
-0.0342094
-0.0204357
-0.00670077
0.00702802
0.0207783
0.0345723
0.0484255
0.0623544
0.0763874
0.0905639
0.104928
0.119526
0.134389
0.149532
0.164961
0.1807
0.196791
0.213298
0.230304
0.247898
0.266152
0.285134
0.304916
0.325581
0.347232
0.369994
0.394027
0.419528
0.446721
0.475858
0.50722
0.541132
0.577971
0.618184
0.662299
0.710958
0.764928
0.825126
0.892673
0.968924
1.05556
1.15462
1.26867
1.40086
1.55513
1.73636
1.95054
2.20482
2.50731
2.86628
3.28795
3.77206
4.30619
4.84674
5.24045
5.23895
-6.30694
-5.93549
-5.15095
-4.32112
-3.59584
-2.99692
-2.51429
-2.12895
-1.82111
-1.57371
-1.37315
-1.20891
-1.07301
-0.959387
-0.863436
-0.781612
-0.711181
-0.650014
-0.596437
-0.549128
-0.507027
-0.469282
-0.435192
-0.404181
-0.375772
-0.34957
-0.325244
-0.302521
-0.281181
-0.261046
-0.241969
-0.223821
-0.206483
-0.189847
-0.173808
-0.158273
-0.143163
-0.128411
-0.113959
-0.0997639
-0.085792
-0.0720125
-0.0583877
-0.0448801
-0.0314566
-0.0180845
-0.00473124
0.00862869
0.0220125
0.0354354
0.0489145
0.0624698
0.0761316
0.0899439
0.103956
0.118207
0.132718
0.147498
0.162548
0.177885
0.193548
0.209603
0.226127
0.243202
0.260896
0.279267
0.298381
0.318317
0.339167
0.361052
0.384127
0.408578
0.434624
0.462499
0.492473
0.524858
0.560022
0.5984
0.640519
0.687018
0.738664
0.796387
0.86133
0.934901
1.01887
1.11546
1.22751
1.35867
1.51368
1.69874
1.92202
2.19424
2.52922
2.94424
3.45935
4.0939
4.85771
5.72678
6.54944
6.95802
-9.12551
-7.65008
-6.07959
-4.7956
-3.79791
-3.0446
-2.48252
-2.05988
-1.73712
-1.48642
-1.28836
-1.1293
-0.999597
-0.892343
-0.802512
-0.726381
-0.661153
-0.604698
-0.555371
-0.511887
-0.473227
-0.438577
-0.407277
-0.378786
-0.352658
-0.328521
-0.306071
-0.285054
-0.265269
-0.246553
-0.228769
-0.211797
-0.195531
-0.179875
-0.164737
-0.150035
-0.135699
-0.121668
-0.107893
-0.094336
-0.0809633
-0.0677425
-0.0546377
-0.0416138
-0.0286404
-0.0156911
-0.00274361
0.0102189
0.0232097
0.03624
0.0493235
0.0624846
0.0757607
0.0891955
0.102833
0.116711
0.130841
0.145224
0.159858
0.174757
0.189957
0.205521
0.221521
0.238028
0.2551
0.272792
0.291158
0.310268
0.330209
0.351091
0.37306
0.396288
0.420975
0.447342
0.475635
0.506146
0.539221
0.575275
0.614809
0.65843
0.706874
0.761039
0.822025
0.89122
0.970358
1.0617
1.16814
1.29357
1.44314
1.62396
1.84591
2.12295
2.47492
2.93014
3.52892
4.32433
5.37056
6.70787
8.3364
9.87888
-14.6174
-9.91041
-6.76154
-4.91229
-3.68423
-2.8439
-2.26539
-1.8551
-1.55362
-1.32531
-1.1479
-1.00694
-0.892778
-0.798763
-0.720199
-0.653683
-0.596698
-0.547348
-0.50418
-0.46606
-0.432099
-0.401585
-0.373943
-0.348702
-0.325471
-0.303926
-0.2838
-0.264876
-0.246978
-0.229964
-0.213717
-0.198133
-0.183127
-0.168617
-0.154527
-0.140788
-0.127341
-0.114138
-0.101136
-0.0882988
-0.0755989
-0.0630053
-0.0504828
-0.0380008
-0.0255374
-0.0130738
-0.000593125
0.011914
0.0244532
0.0370344
0.0496738
0.0623962
0.0752391
0.0882462
0.101456
0.114896
0.128576
0.142488
0.156629
0.171012
0.185672
0.200659
0.216039
0.23187
0.248202
0.265076
0.28254
0.300652
0.319488
0.339145
0.359749
0.381456
0.40444
0.428893
0.455036
0.483129
0.513481
0.546462
0.582518
0.622194
0.666146
0.71517
0.770246
0.832615
0.903832
0.985921
1.08154
1.19424
1.32891
1.49239
1.69463
1.95046
2.28271
2.72775
3.34616
4.23403
5.52148
7.44392
10.6827
15.4998
-23.8888
-12.1114
-6.48657
-4.20026
-2.99051
-2.25694
-1.7912
-1.47574
-1.24801
-1.07592
-0.941573
-0.834025
-0.74619
-0.673254
-0.611816
-0.559399
-0.514162
-0.474703
-0.439941
-0.409027
-0.381289
-0.356187
-0.333281
-0.312205
-0.292654
-0.274373
-0.257152
-0.240821
-0.225242
-0.210305
-0.195922
-0.182018
-0.16853
-0.155397
-0.142563
-0.129974
-0.117587
-0.105364
-0.0932705
-0.0812799
-0.0693667
-0.0575043
-0.0456646
-0.0338238
-0.0219657
-0.0100791
0.00184334
0.0138055
0.0258095
0.0378608
0.0499743
0.0621776
0.0745063
0.0869993
0.099692
0.112605
0.12574
0.139087
0.152638
0.166402
0.180406
0.194696
0.209322
0.224331
0.239759
0.255637
0.271999
0.288887
0.30636
0.324496
0.343399
0.363194
0.384026
0.406054
0.429458
0.454451
0.481288
0.510272
0.541765
0.576205
0.614118
0.656131
0.703027
0.75575
0.815512
0.883835
0.962725
1.05484
1.16378
1.2946
1.45472
1.65551
1.91547
2.26739
2.77475
3.55827
4.83592
7.218
12.96
24.8602
0
0
0
0
0
0
0
0
0
0
0
0
0
0
0
0
0
0
0
0
0
0
0
0
0
0
0
0
0
0
0
0
0
0
0
0
0
0
0
0
0
0
0
0
0
0
0
0
0
0
0
0
0
0
0
0
0
0
0
0
0
0
0
0
0
0
0
0
0
0
0
0
0
0
0
0
0
0
0
0
0
0
0
0
0
0
0
0
0
0
0
0
0
0
0
0
0
0
0
0
)
;

boundaryField
{
    obstacleFixedWalls
    {
        type            zeroGradient;
    }
    obstacleFrontAndBack
    {
        type            empty;
    }
    movingWall
    {
        type            zeroGradient;
    }
    fixedWalls
    {
        type            zeroGradient;
    }
    frontAndBack
    {
        type            empty;
    }
}


// ************************************************************************* //
