/*--------------------------------*- C++ -*----------------------------------*\
  =========                 |
  \\      /  F ield         | OpenFOAM: The Open Source CFD Toolbox
   \\    /   O peration     | Website:  https://openfoam.org
    \\  /    A nd           | Version:  11
     \\/     M anipulation  |
\*---------------------------------------------------------------------------*/
FoamFile
{
    format      ascii;
    class       volScalarField;
    location    "1.9";
    object      p;
}
// * * * * * * * * * * * * * * * * * * * * * * * * * * * * * * * * * * * * * //

dimensions      [0 2 -2 0 0 0 0];

internalField   nonuniform List<scalar> 
10100
(
5.82963e-08
-1.60699e-05
-0.000329519
-0.000788738
-0.00130774
-0.00184982
-0.00240321
-0.00295649
-0.00349913
-0.00402048
-0.00450358
-0.00493824
-0.00531384
-0.00562089
-0.00585713
-0.00601734
-0.00609281
-0.00608306
-0.00597684
-0.00576877
-0.00545816
-0.0050381
-0.00449234
-0.00380993
-0.00298377
-0.00201242
-0.000904398
0.000330877
0.0016908
0.00317716
0.00479043
0.00653026
0.00839477
0.0103791
0.0124782
0.0146888
0.0170094
0.0194357
0.0219601
0.0245772
0.0272819
0.0300658
0.0329177
0.0358257
0.0387799
0.0417709
0.0447878
0.0478212
0.0508647
0.0539103
0.0569468
0.0599622
0.062948
0.0659007
0.0688193
0.0716992
0.0745326
0.0773117
0.0800322
0.0826918
0.0852867
0.087811
0.0902581
0.0926235
0.0949036
0.0970935
0.0991865
0.101176
0.103056
0.104821
0.106466
0.107986
0.109376
0.110631
0.111746
0.112716
0.11353
0.11418
0.114659
0.114969
0.115117
0.115108
0.11494
0.114613
0.114131
0.113505
0.112749
0.111876
0.110901
0.109839
0.108712
0.10755
0.106389
0.10527
0.104234
0.103322
0.102578
0.102053
0.101802
0.10181
-9.24909e-05
8.44395e-05
-1.68614e-05
-0.000277505
-0.000621234
-0.00102893
-0.00147173
-0.00193603
-0.00240317
-0.00285735
-0.00328349
-0.00366332
-0.00398561
-0.00424556
-0.00443432
-0.00454587
-0.00458037
-0.00453073
-0.0043895
-0.00415073
-0.0038087
-0.00335751
-0.00279076
-0.00209646
-0.00126747
-0.000302649
0.000795802
0.0020218
0.00336784
0.00482929
0.00640558
0.00809837
0.00990882
0.0118341
0.0138704
0.0160155
0.0182663
0.0206166
0.0230586
0.0255874
0.0282
0.0308885
0.0336423
0.0364522
0.0393078
0.0421966
0.0451081
0.0480357
0.0509749
0.0539189
0.0568551
0.05977
0.0626559
0.0655116
0.0683355
0.0711219
0.0738628
0.0765513
0.0791838
0.0817577
0.084268
0.0867078
0.0890714
0.0913562
0.093559
0.095674
0.0976936
0.0996125
0.101427
0.103133
0.104722
0.10619
0.107534
0.108749
0.109834
0.110781
0.111581
0.112226
0.112711
0.113041
0.113221
0.113256
0.113145
0.112884
0.112481
0.111946
0.111297
0.110544
0.1097
0.108779
0.107803
0.106801
0.105803
0.104845
0.103962
0.103186
0.102545
0.102078
0.101835
0.101824
7.64337e-05
0.000398577
0.000437547
0.000310764
8.04974e-05
-0.000236171
-0.000614482
-0.00102323
-0.0014439
-0.00185562
-0.00224214
-0.00258449
-0.00287484
-0.00310182
-0.00325804
-0.00333981
-0.00334328
-0.00326362
-0.00310096
-0.00284098
-0.00247894
-0.00200927
-0.00142311
-0.000715883
0.000115158
0.00107405
0.00216109
0.00337292
0.00470401
0.00614633
0.00769594
0.00935462
0.0111243
0.0130032
0.0149887
0.0170799
0.0192728
0.0215597
0.0239348
0.0263941
0.0289333
0.0315457
0.0342216
0.0369523
0.0397282
0.0425353
0.0453625
0.0482061
0.0510635
0.0539258
0.0567794
0.0596123
0.0624183
0.0651961
0.0679436
0.0706536
0.0733178
0.075932
0.0784939
0.0809989
0.0834388
0.0858074
0.0881014
0.0903196
0.0924587
0.0945125
0.0964739
0.0983374
0.1001
0.101757
0.103302
0.104729
0.106035
0.107219
0.108279
0.109208
0.109997
0.110638
0.111129
0.111476
0.111686
0.111758
0.111689
0.111479
0.111134
0.110671
0.110104
0.109445
0.108701
0.107885
0.10702
0.106131
0.105248
0.104399
0.103614
0.102917
0.102333
0.101893
0.101642
0.101597
0.000626751
0.000986832
0.00108755
0.00103615
0.00085787
0.000580405
0.000232186
-0.000154045
-0.000552442
-0.000943977
-0.00130705
-0.00162911
-0.00189674
-0.00210309
-0.00224183
-0.00230303
-0.00228432
-0.00218638
-0.00200207
-0.00172754
-0.00135382
-0.000872699
-0.000275358
0.000442207
0.00128054
0.00223814
0.00331372
0.00450878
0.00582132
0.0072432
0.00877024
0.0104037
0.0121426
0.0139849
0.0159292
0.017974
0.0201151
0.0223456
0.0246618
0.0270625
0.0295413
0.0320898
0.0347007
0.0373648
0.0400707
0.0428064
0.0455639
0.0483397
0.0511302
0.0539242
0.0567071
0.05947
0.0622104
0.0649254
0.0676086
0.0702532
0.0728544
0.0754086
0.0779119
0.0803578
0.082738
0.0850463
0.0872809
0.0894422
0.0915274
0.0935298
0.0954419
0.0972591
0.0989789
0.100596
0.102102
0.103491
0.104763
0.105921
0.106961
0.107875
0.108652
0.109289
0.109787
0.110151
0.110385
0.110486
0.11045
0.110277
0.109979
0.109574
0.109075
0.10849
0.107824
0.107089
0.106306
0.1055
0.104696
0.103919
0.103191
0.102535
0.101973
0.101533
0.101249
0.101129
0.00151992
0.00182019
0.00190624
0.00185802
0.00169074
0.00141644
0.00107614
0.000697603
0.000311422
-6.43291e-05
-0.000411717
-0.000714437
-0.000963809
-0.00115208
-0.00127054
-0.00131602
-0.00128116
-0.00116582
-0.000963242
-0.000671425
-0.000284361
0.000205349
0.000806962
0.00152799
0.00236853
0.00332385
0.00439212
0.00557365
0.00686601
0.0082649
0.00976875
0.0113769
0.0130857
0.0148935
0.0168003
0.0188015
0.0208918
0.0230685
0.0253294
0.0276727
0.0300939
0.0325842
0.0351352
0.0377373
0.0403772
0.0430448
0.0457374
0.0484531
0.0511827
0.0539125
0.0566313
0.0593326
0.0620133
0.0646688
0.0672926
0.0698783
0.0724225
0.074923
0.077374
0.0797656
0.0820891
0.0843417
0.0865243
0.0886357
0.0906709
0.0926242
0.094491
0.0962674
0.0979488
0.0995276
0.100996
0.10235
0.103592
0.104726
0.105747
0.106646
0.107412
0.108046
0.108549
0.108928
0.109182
0.109306
0.109296
0.109155
0.108899
0.108545
0.108105
0.107582
0.106981
0.106312
0.105597
0.104856
0.104113
0.103386
0.102694
0.102058
0.101498
0.101039
0.100697
0.10047
0.00268607
0.00284005
0.00284976
0.00275447
0.00255018
0.00225202
0.00189415
0.00151408
0.00112988
0.00076397
0.00043264
0.000144288
-8.83099e-05
-0.000258425
-0.000361362
-0.000388399
-0.000338269
-0.000207907
6.76677e-06
0.000315119
0.000717472
0.00121832
0.00182552
0.00254614
0.00338207
0.00433065
0.00539065
0.00655985
0.00783464
0.00921333
0.0106944
0.012276
0.0139551
0.0157296
0.0175983
0.0195568
0.0215994
0.0237258
0.025936
0.0282256
0.0305909
0.0330268
0.0355223
0.0380644
0.0406423
0.0432496
0.0458836
0.0485415
0.0512139
0.0538859
0.0565469
0.059193
0.0618205
0.0644217
0.0669893
0.0695211
0.0720167
0.074471
0.0768741
0.0792153
0.0814887
0.0836945
0.085833
0.0879003
0.0898909
0.0918011
0.0936283
0.0953683
0.0970144
0.0985583
0.0999929
0.101317
0.102534
0.103648
0.104654
0.105538
0.106294
0.106924
0.107432
0.107822
0.10809
0.10823
0.108241
0.108129
0.107911
0.107601
0.107208
0.106733
0.106181
0.105565
0.104901
0.104211
0.103511
0.102816
0.102142
0.101508
0.100935
0.10044
0.100022
0.0996661
0.00404383
0.00400464
0.00388582
0.00370727
0.00343952
0.00309031
0.00270289
0.00230071
0.0019101
0.00154691
0.00122093
0.000944403
0.000724727
0.000566019
0.000477555
0.00046697
0.000531058
0.000674441
0.000901033
0.00121867
0.00163084
0.00214187
0.00275664
0.00347871
0.00430964
0.0052497
0.00629891
0.00745475
0.00871349
0.0100742
0.0115346
0.0130907
0.0147418
0.0164854
0.0183165
0.0202324
0.0222313
0.0243118
0.0264739
0.0287155
0.0310314
0.0334149
0.0358561
0.0383419
0.040862
0.043414
0.0459966
0.0486023
0.0512194
0.0538371
0.0564481
0.0590462
0.0616238
0.0641733
0.0666912
0.0691778
0.071631
0.0740432
0.0764035
0.0787023
0.0809355
0.0831036
0.0852057
0.0872363
0.0891894
0.0910635
0.092858
0.0945677
0.0961836
0.0976969
0.0991033
0.100404
0.101605
0.102705
0.103697
0.104569
0.105314
0.105939
0.106449
0.106845
0.107121
0.107273
0.107301
0.107216
0.10703
0.106754
0.106395
0.105953
0.105436
0.104857
0.104233
0.10358
0.102908
0.102226
0.101551
0.100904
0.100303
0.0997593
0.0992529
0.0987583
0.00552539
0.00526131
0.00498813
0.00469931
0.00434724
0.00393785
0.00350165
0.00306973
0.00266008
0.00228553
0.00195871
0.00168572
0.00147077
0.00132075
0.00124251
0.00123978
0.0013182
0.00147377
0.00171161
0.00203629
0.00245447
0.00297093
0.00358969
0.00431291
0.00514118
0.00607481
0.00711312
0.0082557
0.00950034
0.0108438
0.0122839
0.0138174
0.0154419
0.0171557
0.018953
0.0208295
0.0227873
0.0248269
0.0269454
0.0291416
0.031413
0.0337498
0.0361382
0.0385686
0.0410369
0.0435406
0.0460744
0.0486298
0.0511971
0.0537674
0.0563329
0.0588855
0.0614168
0.0639204
0.0663952
0.0688425
0.0712587
0.0736336
0.0759567
0.078221
0.0804238
0.0825642
0.084638
0.0866381
0.0885603
0.0904064
0.0921766
0.0938629
0.0954538
0.0969422
0.0983279
0.0996147
0.100805
0.101896
0.102877
0.103735
0.10447
0.105089
0.105598
0.105996
0.106276
0.106435
0.106477
0.106413
0.106251
0.105999
0.105659
0.105237
0.104742
0.10419
0.103595
0.102965
0.102304
0.101621
0.100932
0.100259
0.0996173
0.0990151
0.098413
0.0977743
0.00707018
0.00657096
0.00612602
0.00571242
0.00526444
0.00478117
0.00429151
0.00381909
0.00337902
0.00298687
0.0026483
0.00236715
0.00215092
0.00200479
0.00193037
0.00193281
0.00201779
0.00218144
0.00242764
0.00275975
0.00318293
0.003702
0.0043218
0.00504416
0.00586947
0.00679806
0.00782778
0.00895859
0.0101909
0.0115193
0.0129396
0.0144523
0.0160538
0.0177383
0.0195033
0.0213473
0.0232695
0.0252704
0.0273504
0.0295075
0.0317364
0.034027
0.0363673
0.0387492
0.0411702
0.0436283
0.0461169
0.0486264
0.0511484
0.0536761
0.0562009
0.0587121
0.0612008
0.0636636
0.0661021
0.0685168
0.0709006
0.073242
0.0755337
0.0777724
0.0799546
0.0820745
0.0841253
0.0861007
0.0880001
0.089827
0.0915801
0.0932487
0.0948204
0.096291
0.0976643
0.0989442
0.10013
0.101213
0.102182
0.103028
0.103754
0.104367
0.104873
0.105269
0.105548
0.10571
0.105762
0.105712
0.105565
0.105323
0.10499
0.104576
0.104095
0.103562
0.102984
0.102363
0.101699
0.101002
0.10029
0.0995815
0.0988911
0.0982218
0.0975176
0.0967324
0.00862638
0.00789479
0.00727554
0.00672652
0.00617441
0.00561215
0.00506373
0.00454212
0.00406697
0.00364853
0.00328886
0.0029933
0.00276865
0.00261847
0.00254283
0.00254799
0.00263187
0.00279776
0.00304601
0.00338153
0.00380839
0.00432941
0.00494866
0.00566959
0.00649197
0.00741487
0.00843822
0.00956065
0.0107807
0.0120955
0.0135003
0.0149935
0.0165732
0.0182331
0.0199693
0.0217834
0.0236758
0.0256448
0.0276898
0.0298107
0.032001
0.0342489
0.0365442
0.0388833
0.0412641
0.0436814
0.0461272
0.048594
0.0510768
0.0535681
0.056056
0.058529
0.0609808
0.0634109
0.0658204
0.0682067
0.0705607
0.0728735
0.075142
0.0773639
0.0795314
0.0816345
0.0836661
0.0856234
0.0875085
0.0893242
0.0910663
0.0927218
0.0942799
0.0957404
0.0971089
0.0983869
0.0995686
0.100644
0.101602
0.102439
0.103158
0.103767
0.104268
0.104657
0.104931
0.105093
0.10515
0.105107
0.104963
0.104719
0.104384
0.103973
0.103502
0.102979
0.102405
0.101779
0.101101
0.100382
0.0996395
0.0988897
0.0981422
0.0973972
0.0965851
0.095653
0.0101592
0.00920048
0.00840954
0.00772595
0.00706325
0.00641885
0.00580329
0.00523103
0.00471345
0.00425963
0.00387581
0.0035619
0.00332146
0.00315983
0.00307942
0.00308056
0.00316035
0.00332198
0.00356712
0.00390106
0.00432719
0.00484835
0.00546663
0.00618561
0.00700586
0.00792419
0.00894155
0.0100581
0.0112685
0.0125697
0.0139615
0.0154399
0.0169992
0.0186367
0.0203513
0.0221412
0.024006
0.0259467
0.0279635
0.0300527
0.0322062
0.0344145
0.036672
0.0389759
0.0413214
0.043701
0.0461083
0.0485393
0.0509892
0.0534482
0.0559027
0.0583431
0.0607667
0.0631725
0.0655583
0.067919
0.0702472
0.0725382
0.0747914
0.0770022
0.0791577
0.0812457
0.0832619
0.085208
0.0870869
0.0888979
0.0906334
0.0922803
0.0938311
0.0952889
0.0966581
0.0979358
0.0991126
0.100179
0.101131
0.101964
0.102682
0.103286
0.10378
0.10416
0.104427
0.104586
0.104643
0.104598
0.104448
0.104197
0.103857
0.103446
0.102978
0.102455
0.101873
0.10123
0.100529
0.0997822
0.0990043
0.0982058
0.0973927
0.0965639
0.095641
0.0945642
0.0116402
0.0104675
0.00951059
0.00869111
0.00791743
0.00718355
0.00650019
0.0058725
0.00530595
0.0048127
0.00439886
0.00406206
0.00380325
0.00362631
0.00353496
0.00352459
0.00359704
0.00374949
0.00398742
0.00431625
0.00473777
0.00525561
0.00587267
0.00658976
0.00740729
0.00832351
0.00933658
0.0104465
0.0116501
0.0129424
0.0143215
0.0157858
0.0173307
0.018952
0.0206478
0.0224173
0.0242606
0.0261786
0.0281699
0.0302297
0.032351
0.0345276
0.0367553
0.0390297
0.0413437
0.0436904
0.0460663
0.0484683
0.0508904
0.053321
0.0557476
0.0581638
0.0605679
0.062956
0.0653219
0.0676605
0.0699688
0.0722456
0.0744895
0.0766915
0.0788354
0.0809102
0.0829164
0.0848586
0.086737
0.0885469
0.0902789
0.0919226
0.0934736
0.0949346
0.0963065
0.0975824
0.0987535
0.0998153
0.100766
0.101602
0.102321
0.102922
0.103407
0.103778
0.104039
0.104193
0.104244
0.10419
0.10403
0.10377
0.103425
0.103011
0.102537
0.102
0.101399
0.100732
0.100004
0.0992249
0.098405
0.09755
0.0966634
0.0957456
0.0947126
0.0934954
0.0130482
0.0116754
0.0105561
0.0096065
0.00872161
0.00789746
0.007142
0.00645376
0.00583765
0.00530241
0.00485242
0.00448788
0.00420723
0.00401202
0.00390305
0.00387708
0.00393435
0.00407428
0.00430237
0.00462224
0.00503643
0.00554878
0.00616393
0.0068802
0.00769412
0.00860739
0.00961972
0.0107258
0.011922
0.0132069
0.0145786
0.0160331
0.0175664
0.0191753
0.0208577
0.0226122
0.024439
0.0263379
0.0283067
0.0303412
0.0324373
0.0345907
0.0367959
0.0390461
0.0413337
0.0436543
0.0460062
0.0483854
0.050784
0.0531913
0.0555979
0.0579992
0.0603914
0.0627661
0.0651151
0.0674371
0.0697336
0.0720032
0.0742406
0.0764332
0.0785657
0.0806316
0.0826347
0.0845781
0.0864581
0.088268
0.0900003
0.0916472
0.0932041
0.0946702
0.096043
0.0973161
0.0984843
0.0995472
0.100504
0.101346
0.102067
0.102665
0.103142
0.103506
0.10376
0.103908
0.103949
0.103884
0.103714
0.103446
0.103094
0.10267
0.102179
0.101619
0.10099
0.100293
0.0995339
0.0987175
0.0978496
0.0969317
0.0959669
0.09496
0.09382
0.0924677
0.0143642
0.0128006
0.0115297
0.0104539
0.00945987
0.00854637
0.00771437
0.00696519
0.00629952
0.00572044
0.00523145
0.00483493
0.00452872
0.00431071
0.00417762
0.00413149
0.00416899
0.00429372
0.00450694
0.00481316
0.00522028
0.00572934
0.00633908
0.00705081
0.00786475
0.00877838
0.00978789
0.0108898
0.0120823
0.0133637
0.0147305
0.0161789
0.0177053
0.0193068
0.0209805
0.0227246
0.0245388
0.0264221
0.0283726
0.0303884
0.0324676
0.0346056
0.0367945
0.039026
0.0412943
0.043597
0.045932
0.0482933
0.0506733
0.0530647
0.0554607
0.0578552
0.0602402
0.0626044
0.0649418
0.0672553
0.0695476
0.0718141
0.0740451
0.0762284
0.0783531
0.0804163
0.082421
0.0843669
0.0862482
0.0880596
0.0897965
0.0914512
0.0930155
0.0944845
0.095856
0.0971274
0.0982977
0.0993673
0.100332
0.101181
0.101903
0.102497
0.10297
0.103329
0.103578
0.103717
0.103749
0.103674
0.103495
0.103219
0.102856
0.102415
0.101898
0.101308
0.100647
0.0999161
0.0991199
0.0982606
0.0973393
0.0963545
0.0953114
0.0942185
0.0929751
0.0914929
0.0155653
0.0138268
0.0124144
0.011216
0.0101189
0.00911508
0.00820864
0.00739733
0.00667827
0.00605404
0.00552773
0.00509814
0.00476098
0.00451258
0.004354
0.00428449
0.00429858
0.00440108
0.00459755
0.00489259
0.00528982
0.00579154
0.00639717
0.00710658
0.00791988
0.00883273
0.0098398
0.0109397
0.0121315
0.0134118
0.0147765
0.0162228
0.0177476
0.0193465
0.0210155
0.0227527
0.0245575
0.0264294
0.0283679
0.0303733
0.0324439
0.0345727
0.0367506
0.0389707
0.0412286
0.0435213
0.0458449
0.0481933
0.050562
0.052947
0.0553407
0.0577332
0.0601139
0.0624728
0.0648068
0.0671201
0.069413
0.0716774
0.0739034
0.0760818
0.078205
0.08027
0.0822773
0.0842247
0.0861073
0.0879226
0.0896671
0.0913304
0.0929
0.0943695
0.0957397
0.0970125
0.0981887
0.0992667
0.100239
0.101091
0.101813
0.102407
0.102878
0.103235
0.103479
0.103613
0.103637
0.103556
0.10337
0.103085
0.102707
0.102242
0.101696
0.101072
0.100374
0.0996055
0.0987672
0.0978596
0.0968806
0.0958274
0.0947083
0.0935325
0.0921895
0.0905823
0.0166357
0.0147397
0.0131943
0.0118829
0.010683
0.00959507
0.00861719
0.00773983
0.00696631
0.00629846
0.00573215
0.00526381
0.00489311
0.00461488
0.00442692
0.00432643
0.00431682
0.00439813
0.00457578
0.00485746
0.00524506
0.00573922
0.00634065
0.00704873
0.00786068
0.00877137
0.00977725
0.0108777
0.0120708
0.013352
0.0147179
0.0161665
0.0176939
0.0192938
0.0209612
0.0226943
0.0244934
0.0263596
0.028294
0.0302967
0.0323645
0.0344895
0.0366637
0.038881
0.0411364
0.0434251
0.045743
0.0480862
0.0504531
0.0528401
0.0552368
0.0576306
0.0600119
0.0623732
0.0647122
0.0670307
0.0693264
0.0715911
0.0738171
0.0759979
0.0781257
0.0801949
0.0822045
0.0841533
0.086039
0.0878603
0.0896123
0.0912819
0.0928546
0.0943253
0.0956973
0.0969749
0.0981582
0.0992425
0.100218
0.101072
0.101796
0.102392
0.102866
0.103224
0.103468
0.103598
0.103619
0.103533
0.103341
0.103045
0.10265
0.10216
0.101584
0.100925
0.100188
0.0993757
0.0984897
0.0975288
0.0964888
0.0953672
0.0941735
0.0929168
0.0914781
0.0897513
0.0175671
0.0155229
0.013856
0.012441
0.0111447
0.00997241
0.00892299
0.00798718
0.00715934
0.00644066
0.00583192
0.00532733
0.00491921
0.00460609
0.00438661
0.0042578
0.00422153
0.00428032
0.00444171
0.00471075
0.00508851
0.00557564
0.00617324
0.00687969
0.00768954
0.00859794
0.00960391
0.0107068
0.0119026
0.0131868
0.0145575
0.0160124
0.0175453
0.0191478
0.0208154
0.0225477
0.0243468
0.0262145
0.0281512
0.0301563
0.0322262
0.0343541
0.0365323
0.0387542
0.041013
0.0433037
0.0456237
0.0479711
0.0503444
0.0527388
0.0551422
0.0575425
0.0599317
0.062303
0.0646526
0.0669798
0.0692817
0.0715521
0.0737858
0.0759763
0.0781131
0.0801885
0.0822019
0.0841547
0.0860465
0.0878749
0.0896333
0.0913075
0.0928839
0.0943591
0.0957377
0.0970227
0.098212
0.0992998
0.100277
0.101133
0.101861
0.102463
0.102943
0.103306
0.103552
0.103681
0.1037
0.10361
0.103413
0.103107
0.102694
0.102182
0.101576
0.100881
0.100101
0.0992409
0.0983019
0.0972831
0.0961796
0.0949889
0.0937202
0.0923838
0.0908536
0.0890142
0.0183454
0.0161674
0.0143903
0.0128752
0.0114887
0.0102371
0.00911841
0.00812234
0.00724177
0.00647594
0.00582216
0.00527605
0.00483116
0.00448443
0.00423162
0.00407399
0.00401146
0.0040504
0.00419746
0.00445415
0.00482243
0.00530445
0.00589939
0.00660256
0.00740891
0.00831657
0.00932487
0.0104308
0.0116299
0.01292
0.0142997
0.0157635
0.0173021
0.0189077
0.0205783
0.0223156
0.0241212
0.0259955
0.0279386
0.0299503
0.0320281
0.0341651
0.0363533
0.038585
0.0408528
0.0431529
0.0454836
0.0478429
0.050228
0.0526337
0.055049
0.0574628
0.0598669
0.0622534
0.0646168
0.0669564
0.0692705
0.0715545
0.0738035
0.0760093
0.0781592
0.0802446
0.0822664
0.0842279
0.0861288
0.0879657
0.089731
0.0914114
0.0929952
0.0944799
0.0958688
0.097162
0.098356
0.0994458
0.100425
0.101285
0.10202
0.10263
0.103119
0.103489
0.103737
0.103867
0.103882
0.103788
0.103584
0.103269
0.102843
0.10231
0.101674
0.100941
0.100117
0.0992053
0.0982097
0.0971294
0.0959604
0.0946991
0.0933547
0.0919404
0.0903222
0.0883779
0.0189706
0.0166684
0.0147831
0.0131811
0.0117114
0.01038
0.00919441
0.00814122
0.00720841
0.00639387
0.00569561
0.00510836
0.00462712
0.00424532
0.0039603
0.00377456
0.00368995
0.00371163
0.00384315
0.00408849
0.00445066
0.00492898
0.00551955
0.00621798
0.00702243
0.00793186
0.00894298
0.0100519
0.0112572
0.0125576
0.0139485
0.0154204
0.0169641
0.0185755
0.020255
0.0220031
0.0238193
0.0257035
0.0276569
0.0296801
0.0317707
0.0339212
0.0361232
0.0383695
0.040653
0.0429697
0.0453176
0.0476937
0.050095
0.0525171
0.0549505
0.0573838
0.0598076
0.0622125
0.0645932
0.0669503
0.0692838
0.0715888
0.0738591
0.0760852
0.0782534
0.0803552
0.0823919
0.0843671
0.0862804
0.0881282
0.0899038
0.0915954
0.0931921
0.0946907
0.0960919
0.0973938
0.0985924
0.099685
0.100668
0.101535
0.102279
0.1029
0.103397
0.103772
0.104023
0.104151
0.104162
0.104062
0.103853
0.103531
0.103092
0.102538
0.101873
0.101102
0.100232
0.0992678
0.0982139
0.0970704
0.0958343
0.0945012
0.0930818
0.0915914
0.0898882
0.0878459
0.0194382
0.0170231
0.0150396
0.0133503
0.0118043
0.0104031
0.00914992
0.00803754
0.0070539
0.00619194
0.00545014
0.00482291
0.00430364
0.00388646
0.00357269
0.00336171
0.00325666
0.00326112
0.00337913
0.00361633
0.00397339
0.0044464
0.00503151
0.00572717
0.0065325
0.00744416
0.00845789
0.00957276
0.0107891
0.0121025
0.0135032
0.0149817
0.0165331
0.0181563
0.0198504
0.0216132
0.023443
0.0253408
0.027309
0.0293479
0.0314543
0.0336212
0.0358413
0.0381079
0.0404133
0.0427518
0.045121
0.0475179
0.0499404
0.0523849
0.0548417
0.0572988
0.0597456
0.0621726
0.0645751
0.0669554
0.0693138
0.0716447
0.0739409
0.0761924
0.0783854
0.0805111
0.0825698
0.0845642
0.086494
0.0883572
0.0901484
0.091857
0.0934718
0.0949875
0.0964031
0.0977156
0.0989215
0.10002
0.10101
0.101886
0.102642
0.103273
0.103779
0.104158
0.104409
0.104534
0.104541
0.104437
0.104222
0.103891
0.103439
0.102864
0.10217
0.101362
0.100447
0.0994316
0.0983198
0.0971132
0.0958089
0.0944037
0.092911
0.091346
0.0895613
0.0874257
0.0197431
0.0172277
0.0151552
0.0133839
0.011764
0.0102973
0.00898092
0.00781001
0.0067753
0.00586738
0.00508195
0.00441464
0.00385807
0.00340911
0.00306732
0.00283244
0.00270762
0.00269633
0.00280437
0.00303471
0.00338495
0.00385165
0.00443331
0.00512918
0.00593641
0.00685044
0.0078697
0.00899571
0.010226
0.011551
0.0129598
0.0144473
0.0160124
0.0176533
0.0193659
0.0211461
0.0229932
0.0249095
0.0268967
0.0289543
0.0310797
0.0332672
0.0355106
0.0378029
0.0401347
0.0424991
0.0448936
0.0473163
0.0497656
0.0522376
0.0547217
0.0572058
0.0596794
0.0621331
0.0645627
0.0669705
0.0693571
0.0717172
0.0740432
0.076325
0.0785489
0.0807051
0.0827922
0.0848118
0.0867643
0.0886491
0.0904621
0.092193
0.0938299
0.0953663
0.0967998
0.0981274
0.0993463
0.100457
0.101458
0.102346
0.103114
0.103755
0.104269
0.104653
0.104904
0.105027
0.10503
0.104922
0.104701
0.104359
0.103889
0.103291
0.102568
0.101726
0.100769
0.0997042
0.098536
0.0972666
0.0958941
0.0944179
0.0928531
0.0912151
0.0893522
0.0871267
0.0198847
0.0172821
0.0151276
0.0132813
0.0115894
0.0100587
0.0086839
0.00745668
0.00636984
0.00541556
0.00458726
0.00387992
0.0032879
0.00280924
0.00244009
0.00218224
0.00203888
0.00201451
0.00211363
0.00233573
0.0026784
0.00314053
0.0037215
0.00441897
0.00522865
0.00614798
0.00717823
0.00831902
0.00956238
0.0108967
0.0123152
0.0138174
0.0154027
0.0170656
0.0187994
0.0206007
0.0224702
0.0244097
0.0264196
0.0284997
0.0306487
0.0328625
0.0351348
0.0374573
0.0398196
0.0422144
0.0446396
0.0470937
0.0495749
0.0520787
0.0545942
0.0571094
0.0596146
0.0621001
0.0645609
0.0669991
0.0694164
0.0718086
0.0741685
0.0764852
0.0787445
0.0809361
0.0830575
0.0851093
0.0870916
0.0890046
0.090845
0.0926029
0.0942664
0.0958282
0.0972855
0.0986352
0.0998742
0.101003
0.10202
0.102923
0.103703
0.104356
0.10488
0.105269
0.105523
0.105645
0.105645
0.10553
0.105298
0.10494
0.104449
0.103826
0.103076
0.1022
0.101202
0.100089
0.0988649
0.0975333
0.0960933
0.0945473
0.092911
0.0912023
0.0892632
0.0869509
0.0198747
0.0171872
0.0149604
0.0130445
0.0112823
0.00968772
0.00825577
0.00697377
0.005835
0.00483298
0.00396167
0.00321546
0.00258989
0.00208044
0.00168529
0.00140644
0.00124664
0.0012103
0.00129882
0.00151143
0.00184821
0.00230869
0.00289055
0.0035901
0.0044047
0.00533469
0.00638026
0.00753562
0.00878965
0.010134
0.0115676
0.0130915
0.0147014
0.0163887
0.0181468
0.0199741
0.0218714
0.0238389
0.0258762
0.0279838
0.0301626
0.0324091
0.0347157
0.0370732
0.0394709
0.0419019
0.0443635
0.046854
0.0493718
0.0519123
0.0544648
0.0570172
0.0595594
0.062081
0.0645765
0.0670483
0.0694993
0.0719269
0.074324
0.0766793
0.0789781
0.0812098
0.0833713
0.085462
0.087481
0.089428
0.0913006
0.0930902
0.0947856
0.0963797
0.0978684
0.0992475
0.100513
0.101665
0.102703
0.103622
0.104417
0.105083
0.105617
0.106015
0.106274
0.106397
0.106393
0.106267
0.106018
0.105639
0.105124
0.104475
0.103695
0.102784
0.101745
0.100582
0.099303
0.0979095
0.0964032
0.094788
0.0930817
0.0913042
0.089289
0.0868921
0.0197224
0.0169501
0.0146536
0.0126731
0.0108438
0.00918417
0.00769307
0.0063561
0.00516533
0.00411529
0.00320074
0.00241649
0.00175749
0.00121753
0.000798055
0.000500244
0.000325329
0.000275546
0.000351915
0.000556459
0.000890099
0.00135043
0.00193368
0.00263756
0.0034623
0.00440771
0.00546882
0.00663592
0.00790046
0.00926006
0.010716
0.0122661
0.0139025
0.015616
0.0174026
0.0192617
0.0211923
0.023193
0.025263
0.0274043
0.0296195
0.0319049
0.0342518
0.0366501
0.0390893
0.0415622
0.0440657
0.0465978
0.0491573
0.0517405
0.0543368
0.0569328
0.0595174
0.0620801
0.0646152
0.0671255
0.0696145
0.0720806
0.0745177
0.0769148
0.0792572
0.0815343
0.0837418
0.0858775
0.0879385
0.0899243
0.0918338
0.0936603
0.0953941
0.0970276
0.098555
0.0999697
0.101267
0.102446
0.103506
0.104444
0.105256
0.105937
0.106485
0.106894
0.107159
0.107283
0.107272
0.107133
0.106863
0.10646
0.105919
0.105241
0.104429
0.103482
0.1024
0.101187
0.0998512
0.0983964
0.0968247
0.0951408
0.0933661
0.09152
0.0894277
0.0869456
0.0194338
0.0165753
0.0142053
0.0121635
0.01027
0.00854394
0.00699069
0.00559724
0.0043541
0.00325635
0.00229892
0.00147656
0.000783405
0.000216212
-0.000225528
-0.000542263
-0.000733451
-0.000797801
-0.000731836
-0.000532509
-0.000201017
0.000259101
0.000845724
0.00155918
0.00239927
0.00336082
0.00443435
0.0056121
0.00689179
0.00827418
0.00975748
0.0113349
0.012998
0.0147408
0.0165615
0.0184582
0.0204272
0.0224656
0.024574
0.0267559
0.0290144
0.0313453
0.0337388
0.0361839
0.0386702
0.0411906
0.0437418
0.0463216
0.0489293
0.0515617
0.0542078
0.0568535
0.0594866
0.0620964
0.064678
0.0672336
0.0697662
0.0722746
0.0747546
0.0771971
0.0795881
0.0819161
0.0841747
0.0863596
0.0884669
0.0904964
0.0924485
0.0943182
0.0960966
0.0977754
0.0993466
0.100801
0.102134
0.103342
0.104428
0.105389
0.10622
0.106919
0.107482
0.107903
0.108176
0.108301
0.108283
0.108129
0.107839
0.107411
0.106842
0.106135
0.105288
0.104302
0.103175
0.101912
0.10052
0.0990039
0.0973668
0.0956149
0.093772
0.0918552
0.0896845
0.0871122
0.0190106
0.0160627
0.0136165
0.0115102
0.00955217
0.00776003
0.00614326
0.00469187
0.00339591
0.00224973
0.00124934
0.000389636
-0.000335595
-0.000928261
-0.00139219
-0.00172882
-0.00193704
-0.00201404
-0.00195548
-0.00176049
-0.00143139
-0.000969513
-0.000374359
0.000353742
0.00120986
0.00218432
0.00326889
0.00446186
0.00576461
0.007175
0.00868597
0.0102897
0.0119815
0.0137591
0.0156201
0.0175591
0.0195697
0.0216501
0.0238032
0.0260333
0.0283424
0.030725
0.0331705
0.0356678
0.0382066
0.0407803
0.0433857
0.0460201
0.0486826
0.05137
0.0540715
0.056773
0.0594617
0.0621266
0.0647624
0.0673705
0.0699528
0.0725088
0.0750365
0.0775294
0.0799741
0.0823577
0.0846712
0.0869086
0.0890662
0.0911451
0.0931465
0.0950659
0.096894
0.0986216
0.100239
0.101738
0.103109
0.104352
0.105468
0.106454
0.107308
0.108027
0.108607
0.109041
0.109321
0.109447
0.109424
0.109258
0.10895
0.108498
0.107901
0.107161
0.10628
0.105254
0.104083
0.102769
0.101319
0.0997412
0.0980381
0.096218
0.0943043
0.0923136
0.090061
0.0873915
0.0184461
0.0154105
0.0128862
0.0107092
0.00868492
0.00682738
0.00514657
0.00363535
0.00228543
0.00109116
4.83643e-05
-0.000847944
-0.00160306
-0.00222243
-0.00270977
-0.00306567
-0.00328889
-0.00337594
-0.00332418
-0.00313379
-0.00280464
-0.00233555
-0.00172706
-0.000983998
-0.000115369
0.000870334
0.00197065
0.0031874
0.00451886
0.00595713
0.00749374
0.00912517
0.0108515
0.0126706
0.0145762
0.0165596
0.0186148
0.0207427
0.0229479
0.0252338
0.0275996
0.0300386
0.0325407
0.0350957
0.0376935
0.0403272
0.0429931
0.0456883
0.048411
0.0511585
0.0539211
0.0566854
0.0594381
0.0621666
0.0648642
0.0675315
0.0701702
0.0727809
0.0753634
0.0779126
0.0804157
0.0828583
0.08523
0.0875238
0.0897369
0.0918715
0.0939288
0.0959032
0.0977845
0.0995629
0.101229
0.102774
0.104189
0.105472
0.106623
0.107638
0.108517
0.109258
0.109855
0.110302
0.110591
0.11072
0.110694
0.11052
0.110196
0.109721
0.109096
0.108325
0.107407
0.106342
0.105125
0.103759
0.102252
0.10061
0.0988399
0.0969493
0.0949601
0.0928915
0.0905502
0.0877783
0.0177325
0.0146136
0.012011
0.00976026
0.00766618
0.00574157
0.00399603
0.00242428
0.00101967
-0.000222304
-0.00130672
-0.00223963
-0.00302598
-0.00367301
-0.00418309
-0.0045563
-0.00479227
-0.00488886
-0.00484411
-0.00465566
-0.00432098
-0.00384043
-0.00321885
-0.00246438
-0.00158471
-0.000582967
0.000541821
0.00178831
0.00314843
0.00461236
0.00617615
0.00784189
0.00961036
0.0114754
0.013427
0.0154568
0.0175619
0.019745
0.0220099
0.024357
0.0267833
0.0292822
0.0318459
0.0344656
0.03713
0.0398305
0.0425626
0.0453229
0.0481106
0.0509236
0.0537536
0.056588
0.0594124
0.0622122
0.0649789
0.0677125
0.0704155
0.0730893
0.0757346
0.0783463
0.0809117
0.0834168
0.0858509
0.0882069
0.0904822
0.092679
0.0947974
0.0968305
0.0987672
0.100599
0.102317
0.103912
0.105377
0.106705
0.107895
0.108943
0.109848
0.11061
0.111226
0.111687
0.111986
0.112121
0.112095
0.111914
0.111575
0.111079
0.110428
0.109627
0.108675
0.107569
0.106305
0.104885
0.103317
0.101612
0.0997732
0.097808
0.0957385
0.0935865
0.0911493
0.0882698
0.016868
0.0136653
0.0109859
0.00866093
0.0064927
0.00449813
0.00268735
0.00105578
-0.000403024
-0.00169408
-0.00282167
-0.00379153
-0.00461087
-0.00528487
-0.00581595
-0.00620543
-0.00645372
-0.0065595
-0.00651893
-0.00632725
-0.00598365
-0.00549277
-0.00486182
-0.00409704
-0.00320128
-0.00217477
-0.00101956
0.000256658
0.00164337
0.00313507
0.00473377
0.00644266
0.00825836
0.0101705
0.0121695
0.0142509
0.0164144
0.0186611
0.0209911
0.0234022
0.0258917
0.0284555
0.0310878
0.0337796
0.0365176
0.0392906
0.0420931
0.0449232
0.0477813
0.0506661
0.0535699
0.0564803
0.0593823
0.0622598
0.0651031
0.0679115
0.0706876
0.0734335
0.0761493
0.0788295
0.0814619
0.0840343
0.0865372
0.0889631
0.0913085
0.0935736
0.095757
0.0978511
0.0998458
0.101734
0.103508
0.105159
0.106677
0.108054
0.109286
0.11037
0.111303
0.112089
0.112724
0.113201
0.113513
0.113657
0.113634
0.113446
0.113094
0.112579
0.111905
0.111076
0.11009
0.108942
0.107627
0.106151
0.104524
0.102754
0.100845
0.0988009
0.0966467
0.0944047
0.0918671
0.0888718
0.0158557
0.0125622
0.0098042
0.00740436
0.00516048
0.00309491
0.00121844
-0.000474036
-0.00198808
-0.00332938
-0.00450204
-0.00551033
-0.0063625
-0.00706285
-0.00761475
-0.00802055
-0.00828065
-0.00839279
-0.00835166
-0.00815415
-0.00780346
-0.0073059
-0.0066662
-0.00588601
-0.00496578
-0.00390869
-0.00272287
-0.00141867
-2.76067e-06
0.00152529
0.0031688
0.00492663
0.006791
0.00875192
0.010804
0.0129462
0.015177
0.0174929
0.0198903
0.0223678
0.0249256
0.0275618
0.0302706
0.0330411
0.0358573
0.0387069
0.0415847
0.0444903
0.0474256
0.050389
0.0533722
0.056363
0.0593468
0.0623078
0.0652356
0.0681279
0.0709863
0.0738124
0.076606
0.0793613
0.0820676
0.0847147
0.0872944
0.0897986
0.0922214
0.0945603
0.0968123
0.0989705
0.101027
0.102976
0.104811
0.106522
0.108097
0.109526
0.110802
0.111922
0.112888
0.1137
0.114359
0.114856
0.115183
0.115336
0.115316
0.115125
0.114762
0.114232
0.113537
0.112681
0.111659
0.110465
0.109099
0.107568
0.105881
0.104045
0.102062
0.0999353
0.097692
0.0953544
0.0927128
0.0895917
0.0146979
0.0113042
0.00846208
0.00598643
0.00366754
0.00152983
-0.000414053
-0.0021696
-0.00374175
-0.00513444
-0.00635259
-0.00740155
-0.00828689
-0.00901427
-0.00958769
-0.0100092
-0.0102787
-0.0103934
-0.0103497
-0.0101484
-0.00979388
-0.00928946
-0.00863571
-0.00783238
-0.00688243
-0.0057944
-0.00457918
-0.003244
-0.00178998
-0.000215289
0.00147911
0.00328746
0.00520238
0.00721861
0.00933429
0.0115473
0.0138512
0.0162384
0.0187053
0.0212539
0.0238879
0.0266052
0.0293973
0.0322503
0.035148
0.038079
0.0410388
0.0440273
0.0470464
0.0500939
0.0531609
0.0562358
0.0593058
0.0623563
0.0653763
0.0683611
0.0713096
0.0742229
0.0771013
0.0799399
0.0827293
0.0854604
0.0881253
0.090715
0.0932213
0.0956393
0.0979649
0.100192
0.102316
0.104332
0.106233
0.108006
0.109639
0.11112
0.112442
0.113604
0.114606
0.115451
0.116137
0.116656
0.117
0.117163
0.117148
0.116955
0.116586
0.116044
0.11533
0.114444
0.113383
0.112142
0.110724
0.109138
0.10739
0.105485
0.103424
0.101211
0.0988738
0.0964375
0.0936853
0.0904305
0.0133961
0.00989269
0.00695996
0.00440647
0.00201119
-0.000201444
-0.00221585
-0.00403636
-0.00566833
-0.00711514
-0.00838103
-0.00947231
-0.0103928
-0.0111483
-0.0117428
-0.012178
-0.0124543
-0.0125702
-0.0125258
-0.0123231
-0.0119636
-0.0114467
-0.0107717
-0.00994044
-0.00896032
-0.00784212
-0.00659431
-0.00521941
-0.0037172
-0.0020898
-0.000342919
0.00151779
0.00349005
0.00557288
0.00776312
0.0100533
0.0124326
0.0148934
0.0174353
0.0200636
0.0227824
0.0255872
0.0284662
0.0314045
0.0343881
0.0374075
0.0404577
0.0435367
0.0466447
0.0497797
0.0529341
0.0560979
0.0592596
0.0624057
0.0655241
0.0686076
0.0716526
0.0746598
0.0776306
0.0805615
0.083444
0.0862687
0.0890267
0.0917077
0.0943026
0.0968056
0.0992122
0.101517
0.103715
0.105802
0.107772
0.10961
0.111301
0.112836
0.114209
0.115416
0.116461
0.117344
0.118061
0.118604
0.118965
0.11914
0.119131
0.118942
0.118572
0.118019
0.117284
0.116366
0.115264
0.113977
0.112508
0.110865
0.109053
0.107074
0.104931
0.102628
0.100193
0.0976547
0.0947832
0.0913887
0.011949
0.00832784
0.00529776
0.00266121
0.000185259
-0.00210494
-0.00419215
-0.00608062
-0.00777503
-0.00927956
-0.0105975
-0.0117325
-0.0126897
-0.0134738
-0.0140881
-0.0145355
-0.0148176
-0.0149361
-0.0148924
-0.0146864
-0.014316
-0.01378
-0.0130793
-0.0122194
-0.0112092
-0.0100574
-0.0087689
-0.00734494
-0.00578889
-0.00410726
-0.00230585
-0.000385741
0.00165533
0.00381595
0.00608745
0.00845721
0.0109144
0.0134551
0.0160818
0.0187996
0.0216096
0.0245048
0.0274728
0.0305005
0.0335768
0.0366931
0.0398419
0.0430175
0.0462184
0.049444
0.05269
0.0559486
0.0592085
0.0624553
0.0656762
0.0688625
0.0720096
0.0751181
0.0781899
0.0812223
0.0842066
0.0871327
0.0899901
0.0927681
0.0954577
0.0980535
0.10055
0.102941
0.10522
0.107384
0.109425
0.111329
0.113083
0.114676
0.116105
0.117365
0.118459
0.119383
0.120134
0.120703
0.121083
0.121274
0.121278
0.121097
0.120727
0.120164
0.119407
0.118456
0.117314
0.115982
0.114461
0.112758
0.110878
0.108821
0.106591
0.104194
0.101658
0.0990118
0.0960148
0.0924717
0.010351
0.00660484
0.00347085
0.000745208
-0.00181573
-0.00418701
-0.0063503
-0.00831074
-0.0100729
-0.0116389
-0.0130113
-0.0141919
-0.0151865
-0.015999
-0.0166327
-0.0170916
-0.0173804
-0.0175023
-0.0174573
-0.0172422
-0.0168548
-0.0162956
-0.0155682
-0.0146787
-0.0136346
-0.0124418
-0.0111042
-0.00962608
-0.00801483
-0.00627707
-0.00441418
-0.00242302
-0.000301834
0.00194316
0.00429846
0.00675056
0.00929219
0.0119232
0.0146457
0.0174604
0.0203647
0.0233519
0.0264128
0.0295373
0.0327149
0.0359356
0.0391885
0.042465
0.0457632
0.0490849
0.0524289
0.0557888
0.0591523
0.0625036
0.0658297
0.0691224
0.0723778
0.0755961
0.0787781
0.0819199
0.0850122
0.088045
0.0910077
0.0938895
0.0966822
0.0993799
0.101976
0.104462
0.106831
0.109077
0.111192
0.113167
0.114988
0.116648
0.11814
0.119461
0.120607
0.121576
0.122362
0.122959
0.123364
0.123577
0.1236
0.12343
0.12306
0.122486
0.121707
0.120726
0.119547
0.11817
0.116594
0.114827
0.112872
0.110733
0.108413
0.105917
0.103276
0.100516
0.0973891
0.0936856
0.00859434
0.00471675
0.00147277
-0.00134731
-0.00399739
-0.00645507
-0.00870111
-0.0107385
-0.0125723
-0.014203
-0.0156308
-0.0168589
-0.0178912
-0.0187319
-0.0193851
-0.0198565
-0.0201525
-0.020276
-0.0202245
-0.0199948
-0.0195867
-0.0190029
-0.018247
-0.0173238
-0.0162389
-0.0149977
-0.0136062
-0.0120724
-0.010404
-0.00860367
-0.00666843
-0.00459539
-0.00238771
-5.60946e-05
0.00238574
0.0049275
0.0075649
0.0102974
0.0131234
0.0160388
0.0190397
0.0221231
0.0252845
0.0285152
0.0318024
0.0351326
0.0384927
0.0418743
0.0452766
0.0487027
0.0521526
0.05562
0.0590913
0.0625503
0.0659852
0.0693896
0.0727605
0.076097
0.0793971
0.0826543
0.0858591
0.0890027
0.0920764
0.0950706
0.0979763
0.100786
0.103491
0.10608
0.108545
0.110879
0.113077
0.115129
0.117027
0.118762
0.120325
0.12171
0.122912
0.123928
0.124753
0.125384
0.12582
0.126061
0.126105
0.125946
0.125574
0.124988
0.124189
0.123182
0.121967
0.120543
0.118909
0.117073
0.115039
0.112814
0.110398
0.1078
0.105048
0.102169
0.0989059
0.0950331
0.00667359
0.00265764
-0.000702324
-0.00362349
-0.00636997
-0.00892027
-0.011255
-0.0133744
-0.0152817
-0.0169785
-0.0184637
-0.0197401
-0.0208105
-0.0216797
-0.0223531
-0.022838
-0.0231403
-0.0232615
-0.0231988
-0.0229513
-0.0225209
-0.0219099
-0.021121
-0.0201578
-0.0190256
-0.0177316
-0.0162845
-0.0146926
-0.0129606
-0.0110875
-0.00907013
-0.00690953
-0.0046135
-0.00219307
0.000342089
0.00298508
0.00573038
0.00857267
0.0115058
0.0145246
0.0176274
0.0208152
0.0240866
0.027432
0.0308347
0.034278
0.0377491
0.0412422
0.0447581
0.0482989
0.0518628
0.0554427
0.0590256
0.0625971
0.0661473
0.0696713
0.0731655
0.076627
0.0800509
0.0834281
0.0867496
0.0900091
0.0932008
0.0963159
0.0993444
0.102275
0.105096
0.107794
0.110362
0.112793
0.115083
0.117224
0.119208
0.121025
0.122664
0.124118
0.125379
0.126445
0.127315
0.127987
0.128459
0.12873
0.128794
0.128643
0.12827
0.127674
0.12686
0.125829
0.124578
0.123104
0.121408
0.119499
0.117383
0.115067
0.112552
0.109847
0.106979
0.103977
0.100568
0.0965191
0.00458449
0.000420613
-0.00306331
-0.00609372
-0.00894513
-0.0115941
-0.0140203
-0.0162246
-0.018208
-0.0199718
-0.0215162
-0.0228412
-0.0239501
-0.0248487
-0.025544
-0.0260426
-0.0263489
-0.0264639
-0.0263872
-0.0261201
-0.0256644
-0.0250217
-0.024194
-0.0231851
-0.0220015
-0.0206524
-0.0191468
-0.0174905
-0.0156852
-0.0137302
-0.0116255
-0.00937588
-0.00698951
-0.00447401
-0.00183505
0.000920436
0.00378179
0.0067378
0.00978069
0.0129081
0.016122
0.0194249
0.0228149
0.0262801
0.0298017
0.0333625
0.0369519
0.0405661
0.0442063
0.0478714
0.0515568
0.0552548
0.0589549
0.0626465
0.0663218
0.0699748
0.0736001
0.0771919
0.0807434
0.084245
0.0876892
0.0910721
0.0943895
0.0976332
0.100791
0.103849
0.106792
0.109605
0.112282
0.114821
0.117215
0.119457
0.121536
0.123441
0.12516
0.126686
0.128011
0.129136
0.130059
0.130778
0.13129
0.13159
0.131672
0.13153
0.131158
0.130558
0.129732
0.128677
0.127387
0.125861
0.124103
0.122119
0.119919
0.117508
0.11489
0.112073
0.109085
0.105953
0.102389
0.098154
0.00231932
-0.00200439
-0.00562196
-0.00876962
-0.0117318
-0.0144838
-0.0170046
-0.0192954
-0.0213575
-0.02319
-0.0247935
-0.0261677
-0.0273168
-0.0282473
-0.0289655
-0.0294765
-0.0297837
-0.0298899
-0.0297975
-0.029508
-0.0290226
-0.0283428
-0.0274712
-0.0264125
-0.0251745
-0.0237664
-0.0221958
-0.020466
-0.0185787
-0.0165365
-0.0143429
-0.0120026
-0.00951999
-0.00689943
-0.00414654
-0.00127196
0.00170837
0.00478023
0.00793759
0.0111823
0.0145182
0.0179459
0.02146
0.0250476
0.0286914
0.0323769
0.0360947
0.0398414
0.0436154
0.0474128
0.0512268
0.0550506
0.058877
0.0626994
0.0665108
0.0703029
0.0740663
0.0777933
0.0814769
0.085109
0.088684
0.0921994
0.0956506
0.0990285
0.10232
0.105508
0.108577
0.111513
0.11431
0.116965
0.119474
0.121826
0.124008
0.126008
0.127813
0.129418
0.130817
0.13201
0.132995
0.133767
0.134319
0.134649
0.13475
0.13462
0.134256
0.133655
0.132817
0.131736
0.130407
0.12883
0.127008
0.124949
0.122663
0.120155
0.117431
0.114496
0.11138
0.108109
0.104383
0.0999472
-0.00013224
-0.00462846
-0.00838837
-0.0116592
-0.014737
-0.0175958
-0.0202149
-0.022595
-0.0247371
-0.0266398
-0.028303
-0.0297285
-0.0309208
-0.0318851
-0.0326255
-0.0331458
-0.0334511
-0.0335468
-0.0334361
-0.0331201
-0.0326002
-0.0318788
-0.0309593
-0.0298469
-0.0285495
-0.0270755
-0.0254307
-0.0236189
-0.021644
-0.0195121
-0.0172276
-0.0147912
-0.0122033
-0.00946818
-0.0065955
-0.00360027
-0.000500167
0.00269164
0.00597173
0.00934378
0.0128105
0.0163687
0.0200103
0.0237233
0.0274951
0.0313144
0.0351717
0.0390603
0.0429754
0.0469112
0.0508618
0.0548221
0.0587874
0.0627526
0.0667103
0.0706494
0.0745578
0.0784267
0.0822497
0.0860211
0.0897369
0.093394
0.096986
0.100502
0.103929
0.10725
0.110451
0.113518
0.116446
0.119229
0.121862
0.12433
0.126622
0.128723
0.130624
0.132318
0.133803
0.135075
0.136129
0.136957
0.137554
0.137916
0.138042
0.13793
0.137576
0.136975
0.136124
0.135017
0.133649
0.132021
0.130135
0.128
0.125624
0.123017
0.120182
0.117123
0.113872
0.110451
0.106554
0.101906
-0.00277854
-0.00745981
-0.0113705
-0.0147695
-0.0179685
-0.0209399
-0.0236606
-0.0261326
-0.0283561
-0.0303311
-0.0320571
-0.0335373
-0.0347748
-0.035772
-0.0365313
-0.0370578
-0.0373592
-0.037442
-0.0373092
-0.036962
-0.0364032
-0.0356361
-0.0346642
-0.0334926
-0.0321285
-0.0305794
-0.0288517
-0.0269514
-0.0248856
-0.0226608
-0.0202792
-0.017738
-0.0150362
-0.0121812
-0.00918739
-0.00607141
-0.00284865
0.000470696
0.00388355
0.00739123
0.0109933
0.0146845
0.0184568
0.0223012
0.0262092
0.0301714
0.0341763
0.0382132
0.0422743
0.0463547
0.0504513
0.0545608
0.0586783
0.0627974
0.0669095
0.0710021
0.0750628
0.079083
0.0830568
0.0869792
0.0908464
0.0946535
0.0983922
0.102051
0.105617
0.109077
0.112417
0.115625
0.118693
0.121614
0.124377
0.126968
0.129376
0.131588
0.133596
0.135394
0.136976
0.138336
0.139465
0.140354
0.141001
0.141405
0.141564
0.141476
0.141133
0.140531
0.139666
0.138533
0.137128
0.135448
0.133498
0.131285
0.128819
0.126109
0.123156
0.119967
0.11657
0.112993
0.108911
0.104043
-0.00562726
-0.0105056
-0.0145769
-0.0181116
-0.0214374
-0.024527
-0.0273539
-0.0299206
-0.0322294
-0.0342805
-0.036074
-0.0376108
-0.0388918
-0.039918
-0.0406927
-0.0412233
-0.0415188
-0.041585
-0.0414251
-0.0410422
-0.04044
-0.0396219
-0.038591
-0.0373525
-0.0359131
-0.0342803
-0.0324626
-0.0304691
-0.0283079
-0.0259834
-0.023495
-0.0208398
-0.0180189
-0.0150426
-0.0119271
-0.00868744
-0.00533533
-0.00187936
0.0016746
0.00532289
0.00906221
0.0128885
0.016797
0.0207813
0.0248343
0.0289459
0.0331026
0.0372914
0.0415037
0.0457366
0.0499895
0.0542599
0.0585406
0.0628225
0.0670955
0.0713482
0.0755701
0.0797538
0.0838923
0.087979
0.0920079
0.0959724
0.0998638
0.103672
0.107385
0.110993
0.114482
0.11784
0.121058
0.124122
0.127022
0.129743
0.132276
0.134611
0.13674
0.138654
0.140344
0.1418
0.14301
0.14397
0.144677
0.145132
0.145333
0.145273
0.144945
0.144342
0.143464
0.142307
0.140864
0.139133
0.137117
0.134826
0.132268
0.129449
0.126373
0.123045
0.119493
0.115751
0.111475
0.106377
-0.0086896
-0.0137774
-0.0180197
-0.0216994
-0.0251585
-0.0283708
-0.03131
-0.0339773
-0.0363772
-0.0385092
-0.0403722
-0.0419638
-0.0432844
-0.0443361
-0.0451243
-0.0456572
-0.045943
-0.0459875
-0.0457955
-0.0453718
-0.0447204
-0.0438443
-0.0427468
-0.041433
-0.03991
-0.0381863
-0.0362727
-0.0341802
-0.0319159
-0.0294817
-0.0268766
-0.0241004
-0.0211575
-0.0180585
-0.0148174
-0.0114465
-0.00795598
-0.00435588
-0.000656074
0.00313564
0.00701519
0.0109818
0.0150344
0.0191677
0.0233725
0.0276369
0.0319471
0.0362911
0.0406618
0.0450571
0.0494767
0.0539167
0.0583675
0.0628183
0.0672588
0.0716799
0.076074
0.0804343
0.0847514
0.0890149
0.0932153
0.0973453
0.101398
0.105364
0.109238
0.113006
0.116656
0.120173
0.123545
0.12676
0.129804
0.132665
0.135335
0.137805
0.140066
0.142106
0.143911
0.14547
0.146773
0.147815
0.148595
0.149113
0.149363
0.149335
0.149022
0.148423
0.147536
0.146355
0.144874
0.14309
0.141008
0.138637
0.135984
0.133052
0.129845
0.126369
0.122656
0.11874
0.114266
0.108924
-0.0119811
-0.0172908
-0.0217143
-0.0255477
-0.0291484
-0.0324904
-0.0355493
-0.0383253
-0.0408211
-0.043036
-0.0449665
-0.0466099
-0.0479676
-0.0490435
-0.0498437
-0.0503754
-0.0506459
-0.0506629
-0.0504334
-0.0499631
-0.0492557
-0.0483143
-0.0471425
-0.0457458
-0.044132
-0.042311
-0.0402947
-0.0380945
-0.0357166
-0.0331623
-0.0304324
-0.0275305
-0.0244621
-0.0212353
-0.01786
-0.0143474
-0.01071
-0.00696101
-0.00311282
0.00082599
0.00485252
0.00896853
0.0131745
0.017464
0.0218252
0.0262447
0.030711
0.0352158
0.0397538
0.0443218
0.0489167
0.0535315
0.058156
0.0627803
0.067396
0.0719961
0.0765745
0.0811232
0.0856298
0.09008
0.0944617
0.0987674
0.102992
0.107132
0.111179
0.115121
0.118942
0.122627
0.126161
0.129533
0.13273
0.135743
0.138563
0.141181
0.143583
0.145754
0.147681
0.149353
0.15076
0.151898
0.152764
0.153353
0.153657
0.153666
0.153376
0.152786
0.151891
0.150687
0.149168
0.147332
0.145184
0.142731
0.139977
0.136926
0.133582
0.129952
0.126073
0.121975
0.117294
0.111697
-0.015519
-0.0210625
-0.0256772
-0.0296742
-0.0334264
-0.0369083
-0.0400941
-0.0429842
-0.045578
-0.0478746
-0.0498703
-0.0515645
-0.0529593
-0.0540588
-0.0548677
-0.0553922
-0.0556413
-0.0556255
-0.0553531
-0.0548295
-0.0540589
-0.0530452
-0.0517923
-0.0503057
-0.0485942
-0.046669
-0.0445418
-0.0422236
-0.0397212
-0.0370381
-0.0341776
-0.0311446
-0.0279438
-0.0245797
-0.0210594
-0.0173955
-0.0136047
-0.00970317
-0.00570275
-0.00160967
0.00257453
0.00685113
0.011219
0.0156699
0.020191
0.0247701
0.0293991
0.034073
0.0387875
0.0435366
0.0483128
0.053106
0.0579072
0.06271
0.0675094
0.0722997
0.0770733
0.0818194
0.0865225
0.0911666
0.0957393
0.100234
0.104646
0.108974
0.113209
0.117337
0.121341
0.125202
0.128908
0.132447
0.135809
0.138987
0.141969
0.144744
0.147294
0.149604
0.151661
0.153456
0.15498
0.156226
0.157188
0.157857
0.158223
0.158278
0.158018
0.157442
0.156544
0.155319
0.153764
0.151878
0.149663
0.147123
0.144264
0.141088
0.137602
0.133814
0.129762
0.125479
0.120576
0.114715
-0.0193203
-0.0251113
-0.0299281
-0.0340997
-0.0380142
-0.0416442
-0.0449617
-0.047967
-0.0506592
-0.0530369
-0.0550988
-0.056845
-0.058277
-0.0593971
-0.060209
-0.0607204
-0.0609434
-0.0608899
-0.0605684
-0.0599847
-0.059144
-0.0580515
-0.0567109
-0.0551275
-0.0533112
-0.0512738
-0.0490267
-0.0465806
-0.0439449
-0.0411262
-0.0381292
-0.0349574
-0.0316134
-0.0281002
-0.0244251
-0.0206032
-0.0166542
-0.0125948
-0.00843435
-0.0041762
0.000177837
0.00462562
0.00916239
0.0137793
0.0184658
0.023213
0.0280154
0.032869
0.037768
0.0427035
0.0476648
0.0526405
0.0576237
0.0626122
0.0676039
0.0725932
0.0775699
0.0825192
0.0874236
0.0922678
0.0970416
0.101739
0.106356
0.110887
0.115323
0.119649
0.123844
0.127893
0.131783
0.135505
0.139048
0.142403
0.145559
0.148498
0.151204
0.153662
0.15586
0.15779
0.159444
0.160809
0.161875
0.162633
0.163072
0.163184
0.162963
0.162406
0.161509
0.160269
0.158682
0.156747
0.154463
0.151834
0.148864
0.14556
0.141928
0.137978
0.133745
0.129269
0.124134
0.117989
-0.0234023
-0.0294582
-0.03449
-0.0388452
-0.0429303
-0.0467126
-0.0501638
-0.0532846
-0.0560766
-0.0585382
-0.0606691
-0.0624679
-0.0639343
-0.0650697
-0.0658792
-0.0663736
-0.0665664
-0.0664696
-0.066092
-0.0654411
-0.0645238
-0.0633456
-0.0619101
-0.0602229
-0.0582941
-0.056136
-0.0537602
-0.0511784
-0.0484025
-0.0454419
-0.0423006
-0.0389796
-0.0354803
-0.0318073
-0.0279706
-0.0239865
-0.019874
-0.0156483
-0.0113165
-0.00688129
-0.00234685
0.00228046
0.00699287
0.0117826
0.0166433
0.0215704
0.0265592
0.0316031
0.0366931
0.0418188
0.0469688
0.0521333
0.0573075
0.062491
0.0676829
0.0728768
0.0780603
0.0832162
0.0883271
0.0933793
0.0983651
0.103279
0.108115
0.112864
0.117513
0.122046
0.126444
0.130694
0.134784
0.138705
0.142446
0.145993
0.149331
0.152444
0.155315
0.157934
0.160288
0.162368
0.164161
0.165654
0.166835
0.167692
0.168216
0.168395
0.168221
0.167691
0.166802
0.165553
0.163938
0.161954
0.159599
0.156877
0.153794
0.150358
0.146576
0.142456
0.138037
0.133353
0.127976
0.121529
-0.0277848
-0.0341228
-0.0393826
-0.0439281
-0.0481871
-0.052125
-0.0557122
-0.058952
-0.0618473
-0.0643965
-0.0665971
-0.068446
-0.0699421
-0.0710882
-0.071892
-0.0723658
-0.072523
-0.0723753
-0.0719339
-0.0712088
-0.0702077
-0.0689359
-0.0673975
-0.0655987
-0.0635493
-0.0612619
-0.0587496
-0.0560257
-0.0531036
-0.0499933
-0.046698
-0.0432173
-0.0395528
-0.0357125
-0.0317093
-0.0275584
-0.0232754
-0.0188727
-0.0143574
-0.00973512
-0.00501282
-0.000199378
0.00469675
0.00966983
0.0147173
0.0198369
0.0250233
0.0302661
0.0355533
0.0408737
0.0462186
0.0515809
0.0569571
0.0623462
0.0677452
0.0731469
0.0785387
0.0839046
0.0892288
0.0944996
0.0997095
0.104852
0.109917
0.114894
0.119767
0.124519
0.129133
0.1336
0.137908
0.142046
0.145999
0.14975
0.153284
0.156583
0.159635
0.162429
0.164953
0.167195
0.169139
0.170771
0.172078
0.173047
0.173666
0.173921
0.173803
0.173309
0.172439
0.171188
0.169548
0.167514
0.165087
0.162271
0.159073
0.155502
0.151565
0.147268
0.142653
0.137749
0.132113
0.125351
-0.0324864
-0.0391215
-0.0446195
-0.0493615
-0.0537974
-0.0578957
-0.0616245
-0.0649887
-0.0679905
-0.070628
-0.0728958
-0.0747907
-0.0763129
-0.0774671
-0.0782623
-0.07871
-0.0788233
-0.0786164
-0.0781034
-0.0772963
-0.0762028
-0.0748282
-0.073178
-0.0712588
-0.0690804
-0.0666557
-0.0639996
-0.0611272
-0.0580517
-0.0547824
-0.0513227
-0.047673
-0.0438368
-0.0398244
-0.0356494
-0.0313248
-0.026862
-0.0222717
-0.0175636
-0.0127471
-0.00783162
-0.00282555
0.00226436
0.00743398
0.0126816
0.0180046
0.0233962
0.028844
0.0343347
0.0398582
0.0454077
0.0509789
0.0565684
0.0621724
0.0677851
0.0733983
0.0790017
0.0845829
0.0901294
0.0956303
0.101076
0.106457
0.11176
0.116973
0.122079
0.127062
0.13191
0.136611
0.141154
0.145524
0.149702
0.153672
0.157416
0.160919
0.16417
0.167156
0.169866
0.172282
0.174389
0.176172
0.177619
0.178712
0.179436
0.179776
0.179724
0.179279
0.178437
0.177191
0.175529
0.173449
0.170951
0.168041
0.164728
0.161019
0.156921
0.152438
0.147613
0.142481
0.136566
0.12947
-0.0375247
-0.0444697
-0.0502155
-0.0551619
-0.0597826
-0.0640477
-0.0679247
-0.0714169
-0.0745259
-0.077249
-0.0795806
-0.0815187
-0.0830648
-0.0842243
-0.0850049
-0.0854178
-0.0854782
-0.0852038
-0.0846114
-0.0837131
-0.082517
-0.0810292
-0.0792568
-0.0772074
-0.0748907
-0.0723204
-0.0695131
-0.0664845
-0.0632466
-0.0598079
-0.0561737
-0.0523476
-0.0483349
-0.0441453
-0.0397913
-0.0352833
-0.030631
-0.025845
-0.0209379
-0.0159224
-0.0108083
-0.00560171
-0.000307017
0.00507174
0.0105307
0.016065
0.0216667
0.0273244
0.0330265
0.0387643
0.0445316
0.0503236
0.0561359
0.0619623
0.067795
0.0736264
0.0794491
0.085255
0.0910343
0.0967761
0.102468
0.108095
0.113643
0.1191
0.12445
0.129679
0.134776
0.139728
0.144521
0.149136
0.153554
0.157756
0.161729
0.165456
0.168925
0.172121
0.175031
0.177636
0.179921
0.181871
0.183469
0.184697
0.185536
0.185974
0.186003
0.185619
0.184814
0.183576
0.181898
0.179775
0.177211
0.17421
0.170781
0.16693
0.162663
0.157986
0.152938
0.147562
0.141358
0.133904
-0.042919
-0.0501872
-0.0561928
-0.0613547
-0.0661708
-0.0706095
-0.0746385
-0.0782593
-0.0814742
-0.0842803
-0.086674
-0.0886535
-0.0902201
-0.0913781
-0.0921347
-0.0925031
-0.0925024
-0.092153
-0.0914716
-0.0904709
-0.0891605
-0.0875481
-0.0856421
-0.0834514
-0.0809865
-0.0782617
-0.075294
-0.0720992
-0.0686884
-0.0650702
-0.0612527
-0.0572429
-0.053047
-0.0486727
-0.0441297
-0.0394279
-0.0345776
-0.0295905
-0.0244805
-0.0192607
-0.0139402
-0.00852326
-0.00301345
0.00258377
0.00826139
0.0140122
0.0198286
0.0257022
0.0316247
0.0375887
0.0435867
0.0496108
0.055654
0.0617089
0.0677689
0.0738286
0.0798832
0.0859266
0.0919501
0.0979418
0.103887
0.109767
0.115569
0.12128
0.126886
0.132376
0.137736
0.142953
0.148008
0.152881
0.157552
0.162005
0.166224
0.170195
0.173901
0.177326
0.180453
0.183265
0.185744
0.187874
0.189637
0.191011
0.19198
0.19253
0.192654
0.192341
0.19158
0.190359
0.188671
0.186514
0.183888
0.180799
0.177253
0.173257
0.168814
0.163931
0.158651
0.153015
0.146505
0.138673
-0.0486934
-0.0563008
-0.0625801
-0.0679699
-0.0729899
-0.0776077
-0.0817898
-0.0855394
-0.0888597
-0.0917484
-0.0942028
-0.0962198
-0.0977996
-0.0989462
-0.0996691
-0.0999853
-0.0999164
-0.0994828
-0.098701
-0.0975852
-0.0961478
-0.0943988
-0.0923475
-0.0900039
-0.0873801
-0.0844904
-0.0813511
-0.0779778
-0.0743823
-0.0705745
-0.0665649
-0.0623627
-0.0579737
-0.0534036
-0.0486602
-0.0437545
-0.038699
-0.033506
-0.0281878
-0.0227561
-0.0172189
-0.0115812
-0.00584802
-2.69637e-05
0.0058731
0.0118445
0.0178814
0.0239789
0.0301313
0.0363317
0.04257
0.0488347
0.055116
0.0614069
0.0677037
0.0740042
0.0803052
0.0866002
0.0928792
0.0991288
0.105333
0.111475
0.11754
0.123517
0.129394
0.135157
0.140792
0.146284
0.151612
0.156756
0.161697
0.166418
0.170903
0.175136
0.179098
0.18277
0.186134
0.189171
0.191863
0.194189
0.19613
0.197667
0.198782
0.199463
0.199695
0.199463
0.198755
0.197561
0.195874
0.19369
0.19101
0.187835
0.184172
0.180027
0.175403
0.170304
0.16478
0.158873
0.152035
0.143804
-0.0548744
-0.0628402
-0.0694068
-0.0750343
-0.0802649
-0.0850661
-0.0894039
-0.0932844
-0.096711
-0.0996818
-0.102193
-0.104239
-0.105823
-0.106948
-0.107631
-0.107889
-0.107743
-0.107214
-0.106319
-0.105075
-0.103498
-0.1016
-0.0993912
-0.0968828
-0.0940883
-0.0910215
-0.0876974
-0.0841316
-0.0803387
-0.0763307
-0.072119
-0.0677128
-0.0631177
-0.0583385
-0.0533831
-0.0482643
-0.0429958
-0.0375896
-0.0320551
-0.0264013
-0.0206364
-0.0147685
-0.00880601
-0.00275801
0.00336721
0.00956405
0.0158292
0.0221596
0.0285505
0.0349939
0.0414776
0.0479883
0.0545151
0.0610518
0.0675973
0.0741518
0.0807126
0.0872715
0.093816
0.100332
0.106803
0.113215
0.119555
0.125812
0.131973
0.138023
0.143945
0.149722
0.155334
0.160762
0.165989
0.170996
0.175766
0.180279
0.184515
0.188454
0.192075
0.195357
0.198279
0.200819
0.202958
0.204679
0.205962
0.206789
0.20714
0.207002
0.20636
0.205206
0.203531
0.20133
0.1986
0.195344
0.191565
0.187267
0.182455
0.177133
0.171351
0.165159
0.157976
0.149319
-0.0614879
-0.0698317
-0.076699
-0.0825718
-0.0880207
-0.0930115
-0.0975104
-0.101525
-0.105058
-0.108107
-0.110666
-0.112733
-0.114311
-0.11541
-0.116046
-0.116237
-0.116003
-0.115365
-0.114344
-0.11296
-0.111231
-0.109172
-0.106793
-0.104107
-0.101128
-0.0978704
-0.094347
-0.0905752
-0.0865721
-0.082352
-0.0779258
-0.0733017
-0.0684857
-0.0634839
-0.0583057
-0.0529641
-0.0474728
-0.0418422
-0.0360795
-0.0301924
-0.0241903
-0.0180848
-0.0118877
-0.00560869
0.00074637
0.00717536
0.0136771
0.0202488
0.0268845
0.0335741
0.0403052
0.0470654
0.0538449
0.0606387
0.067446
0.074267
0.0810981
0.0879296
0.0947481
0.101539
0.108288
0.114982
0.121611
0.128162
0.134621
0.140969
0.147189
0.153262
0.159171
0.164899
0.170428
0.175739
0.180812
0.185624
0.190155
0.194382
0.19828
0.201826
0.204998
0.207774
0.210136
0.212064
0.213534
0.214522
0.215008
0.214977
0.214417
0.213317
0.211665
0.209456
0.206684
0.20335
0.199455
0.195003
0.189997
0.184444
0.178392
0.171899
0.164355
0.155246
-0.0685569
-0.0772975
-0.0844799
-0.0906082
-0.0962849
-0.101474
-0.10614
-0.110289
-0.113926
-0.117045
-0.119645
-0.121724
-0.123291
-0.124358
-0.124939
-0.125051
-0.124714
-0.123953
-0.122794
-0.121259
-0.119366
-0.117132
-0.11457
-0.111693
-0.108515
-0.105051
-0.101314
-0.0973235
-0.0930977
-0.088652
-0.0839969
-0.0791398
-0.0740881
-0.0688509
-0.0634387
-0.0578637
-0.0521371
-0.0462678
-0.040263
-0.0341315
-0.0278845
-0.0215355
-0.0150976
-0.00858018
-0.00198695
0.00468261
0.0114285
0.0182471
0.0251308
0.0320686
0.0390489
0.0460621
0.0531015
0.0601627
0.0672437
0.0743417
0.081451
0.0885617
0.0956615
0.102738
0.109777
0.116769
0.123701
0.13056
0.137328
0.143986
0.150516
0.156902
0.163125
0.169169
0.175018
0.180651
0.186045
0.191177
0.196023
0.200557
0.204754
0.208586
0.212032
0.215071
0.217683
0.219841
0.221517
0.222684
0.223323
0.223418
0.222957
0.221924
0.220307
0.2181
0.215294
0.211886
0.207876
0.203268
0.198063
0.192267
0.185938
0.179128
0.171201
0.161618
-0.0761054
-0.0852635
-0.0927771
-0.0991748
-0.10509
-0.110485
-0.11532
-0.119602
-0.123336
-0.12652
-0.129153
-0.131241
-0.132791
-0.133816
-0.134328
-0.134345
-0.133892
-0.132996
-0.131687
-0.129987
-0.127917
-0.125495
-0.122735
-0.119652
-0.11626
-0.112574
-0.10861
-0.104388
-0.0999256
-0.0952397
-0.0903404
-0.0852357
-0.0799351
-0.0744499
-0.0687916
-0.0629706
-0.0569949
-0.0508725
-0.0446125
-0.0382266
-0.0317277
-0.025129
-0.0184422
-0.0116758
-0.00483322
0.00208622
0.00908223
0.0161508
0.0232841
0.0304722
0.0377058
0.0449781
0.0522846
0.0596213
0.0669839
0.0743663
0.0817604
0.0891569
0.0965461
0.103918
0.111262
0.118565
0.125815
0.132995
0.140085
0.147066
0.153922
0.160636
0.167192
0.173573
0.179761
0.185735
0.19147
0.196941
0.202122
0.206986
0.211503
0.215648
0.219397
0.222729
0.225616
0.228027
0.229929
0.231296
0.232109
0.232353
0.232007
0.231057
0.22949
0.227296
0.224463
0.220987
0.216864
0.212097
0.206689
0.200643
0.194023
0.186887
0.178556
0.168469
-0.0841642
-0.093763
-0.101626
-0.108307
-0.11447
-0.120075
-0.125079
-0.129492
-0.133319
-0.136562
-0.139225
-0.141314
-0.142837
-0.143803
-0.144229
-0.144136
-0.143553
-0.142509
-0.141036
-0.139157
-0.136894
-0.134267
-0.131295
-0.12799
-0.124367
-0.120444
-0.116239
-0.111771
-0.107058
-0.102117
-0.0969582
-0.0915931
-0.0860318
-0.0802864
-0.0743685
-0.0682872
-0.0620493
-0.0556623
-0.0491372
-0.0424883
-0.0357296
-0.0288727
-0.0219272
-0.0149002
-0.0077966
-0.000618304
0.00663303
0.0139541
0.0213393
0.028782
0.0362759
0.0438158
0.051397
0.0590147
0.066663
0.074334
0.0820187
0.0897089
0.0973974
0.105077
0.112737
0.120365
0.127946
0.135459
0.142884
0.150203
0.157401
0.164462
0.171372
0.178111
0.184659
0.190993
0.19709
0.20292
0.208458
0.213674
0.218538
0.223024
0.227107
0.23076
0.233947
0.236632
0.238785
0.240378
0.241392
0.241804
0.241595
0.240747
0.239245
0.237077
0.234227
0.230687
0.226453
0.221527
0.215911
0.209611
0.202688
0.19521
0.18646
0.175839
-0.0927711
-0.102834
-0.111065
-0.118042
-0.12446
-0.130277
-0.135451
-0.139992
-0.14391
-0.14721
-0.149896
-0.151973
-0.153451
-0.154341
-0.154664
-0.154445
-0.153717
-0.15251
-0.150855
-0.148778
-0.146304
-0.143455
-0.140251
-0.136707
-0.132838
-0.128663
-0.124201
-0.119472
-0.114493
-0.10928
-0.103848
-0.0982096
-0.0923761
-0.0863582
-0.0801669
-0.0738116
-0.0673001
-0.0606402
-0.0538434
-0.046924
-0.0398961
-0.0327703
-0.0255549
-0.018257
-0.010883
-0.00343835
0.00407392
0.0116522
0.0192947
0.026999
0.0347617
0.042578
0.0504411
0.0583444
0.066281
0.0742436
0.0822246
0.0902174
0.0982166
0.106216
0.114204
0.122167
0.130088
0.137945
0.14572
0.153394
0.160952
0.168381
0.175664
0.182782
0.189711
0.196429
0.202908
0.20912
0.215037
0.22063
0.225871
0.23073
0.235176
0.239174
0.242686
0.245674
0.248107
0.249956
0.251196
0.251802
0.251753
0.251029
0.249612
0.247483
0.244626
0.24103
0.236689
0.231605
0.225777
0.219217
0.211986
0.20415
0.194956
0.183775
-0.101967
-0.112518
-0.121134
-0.128417
-0.135097
-0.141132
-0.146478
-0.151149
-0.155155
-0.158504
-0.1612
-0.163248
-0.164662
-0.165458
-0.165661
-0.165301
-0.164409
-0.163018
-0.16116
-0.158865
-0.15616
-0.153068
-0.149612
-0.145808
-0.141675
-0.13723
-0.132495
-0.127487
-0.122224
-0.116723
-0.111003
-0.105078
-0.0989594
-0.0926561
-0.0861786
-0.0795379
-0.0727435
-0.0658042
-0.05873
-0.0515333
-0.0442266
-0.0368206
-0.0293249
-0.021748
-0.0140978
-0.00638111
0.00139889
0.00924259
0.0171518
0.0251273
0.0331675
0.0412672
0.0494181
0.0576114
0.0658402
0.0740989
0.0823828
0.0906874
0.0990079
0.107337
0.115662
0.123969
0.132238
0.14045
0.148587
0.156634
0.164574
0.172392
0.18007
0.187587
0.194919
0.20204
0.208923
0.21554
0.221864
0.227865
0.233514
0.238775
0.243612
0.247983
0.251848
0.255171
0.257917
0.260053
0.261549
0.262379
0.262518
0.261943
0.260631
0.258559
0.255708
0.252064
0.247622
0.242382
0.236346
0.229516
0.221967
0.213759
0.204097
0.192321
-0.111793
-0.122859
-0.131877
-0.139478
-0.14643
-0.15269
-0.158212
-0.163011
-0.1671
-0.170486
-0.173173
-0.175175
-0.176506
-0.177192
-0.177259
-0.176736
-0.175658
-0.174059
-0.171974
-0.169437
-0.166477
-0.16312
-0.159388
-0.155304
-0.150885
-0.146151
-0.14112
-0.135812
-0.130247
-0.124442
-0.118418
-0.11219
-0.105771
-0.0991681
-0.092393
-0.0854574
-0.0783725
-0.071147
-0.0637889
-0.0563078
-0.0487141
-0.0410192
-0.0332353
-0.0253738
-0.0174435
-0.00944977
-0.00139406
0.00672592
0.0149136
0.023171
0.0314966
0.0398849
0.0483273
0.0568153
0.0653424
0.0739048
0.0825
0.091125
0.0997751
0.108442
0.117111
0.125768
0.134395
0.142972
0.151486
0.15992
0.16826
0.176487
0.18458
0.192517
0.200273
0.207819
0.215131
0.222181
0.228941
0.235382
0.24147
0.247163
0.252418
0.257192
0.261446
0.26514
0.268234
0.270691
0.272479
0.273568
0.273927
0.273528
0.272343
0.270347
0.267517
0.263839
0.259305
0.253915
0.24767
0.240569
0.232686
0.224091
0.213937
0.20153
-0.122294
-0.133903
-0.143344
-0.151279
-0.158516
-0.165007
-0.170708
-0.175631
-0.179792
-0.183198
-0.185862
-0.187799
-0.189032
-0.189589
-0.189497
-0.188787
-0.187495
-0.185661
-0.183324
-0.180519
-0.177278
-0.173627
-0.169595
-0.165205
-0.160477
-0.155428
-0.150078
-0.144448
-0.13856
-0.132434
-0.126088
-0.119539
-0.112802
-0.105885
-0.098801
-0.0915617
-0.0841782
-0.0766582
-0.069008
-0.0612348
-0.053348
-0.0453594
-0.0372831
-0.0291328
-0.0209176
-0.0126408
-0.00430093
0.00410597
0.0125832
0.0211318
0.0297494
0.0384305
0.0471679
0.0559553
0.0647881
0.0736635
0.0825797
0.0915336
0.10052
0.109528
0.118547
0.12756
0.136553
0.145508
0.154412
0.163251
0.172006
0.180659
0.189186
0.197563
0.205763
0.213759
0.221527
0.229039
0.236269
0.243182
0.249739
0.255894
0.2616
0.266815
0.271496
0.2756
0.279081
0.281899
0.284019
0.285404
0.286017
0.285824
0.284794
0.282897
0.280109
0.276413
0.2718
0.266268
0.259812
0.252436
0.24421
0.235206
0.224533
0.21146
-0.13352
-0.145705
-0.155594
-0.163879
-0.171412
-0.178142
-0.184019
-0.18906
-0.19328
-0.196693
-0.199317
-0.201174
-0.202291
-0.202695
-0.202415
-0.201488
-0.199955
-0.197859
-0.195241
-0.192138
-0.188584
-0.184612
-0.180251
-0.175527
-0.170461
-0.165071
-0.159376
-0.153401
-0.147169
-0.1407
-0.134012
-0.127123
-0.120049
-0.112803
-0.105397
-0.0978427
-0.0901503
-0.0823256
-0.0743734
-0.0663005
-0.058116
-0.0498319
-0.0414619
-0.0330193
-0.0245131
-0.0159456
-0.00731319
0.00138868
0.0101626
0.0190085
0.027923
0.0369013
0.0459385
0.0550313
0.0641774
0.0733747
0.0826207
0.0919108
0.101238
0.110593
0.119964
0.129341
0.13871
0.148056
0.157364
0.166621
0.175806
0.1849
0.193877
0.202713
0.211381
0.219854
0.228108
0.236117
0.243849
0.251267
0.258325
0.264975
0.271171
0.276868
0.282018
0.286573
0.290484
0.293708
0.296204
0.297925
0.298829
0.298877
0.298031
0.296262
0.293541
0.289848
0.285172
0.279508
0.272845
0.265184
0.256604
0.247174
0.235953
0.222173
-0.145527
-0.158323
-0.168686
-0.177339
-0.185178
-0.19215
-0.198201
-0.203351
-0.207621
-0.211029
-0.213598
-0.215355
-0.216329
-0.216549
-0.216051
-0.214877
-0.213073
-0.210684
-0.207753
-0.204318
-0.200419
-0.196092
-0.191371
-0.186282
-0.180847
-0.175088
-0.169023
-0.162678
-0.156077
-0.149242
-0.142191
-0.134942
-0.127513
-0.119919
-0.112175
-0.104293
-0.0962783
-0.0881368
-0.0798729
-0.0714932
-0.0630069
-0.0544256
-0.0457608
-0.0370229
-0.0282196
-0.0193533
-0.0104213
-0.00141939
0.00765437
0.0167997
0.0260141
0.0352942
0.0446376
0.0540431
0.0635098
0.0730358
0.0826173
0.0922483
0.101921
0.111628
0.121359
0.131108
0.140863
0.15061
0.160336
0.170022
0.179651
0.1892
0.198645
0.20796
0.217121
0.226101
0.234874
0.243413
0.251681
0.259636
0.26723
0.274416
0.281145
0.287367
0.293031
0.298082
0.302473
0.306152
0.309068
0.311169
0.312404
0.31273
0.312107
0.3105
0.307876
0.304212
0.299491
0.293703
0.286838
0.278889
0.269939
0.260065
0.248268
0.233739
-0.158377
-0.171823
-0.182685
-0.191722
-0.199877
-0.207094
-0.213319
-0.218572
-0.222881
-0.226268
-0.228761
-0.230389
-0.231186
-0.23119
-0.230441
-0.228988
-0.226879
-0.224162
-0.220881
-0.217077
-0.212797
-0.208081
-0.202965
-0.197477
-0.191642
-0.185483
-0.179021
-0.172281
-0.165286
-0.15806
-0.150623
-0.142993
-0.13519
-0.127231
-0.119132
-0.110904
-0.102552
-0.0940818
-0.0854969
-0.0768041
-0.0680115
-0.0591291
-0.0501659
-0.0411289
-0.0320236
-0.0228529
-0.0136164
-0.0043119
0.00506244
0.0145075
0.0240233
0.033609
0.0432646
0.0529897
0.0627832
0.0726423
0.0825618
0.0925358
0.102558
0.112622
0.122724
0.132855
0.143007
0.153166
0.163318
0.173445
0.183529
0.193549
0.20348
0.2133
0.222981
0.232498
0.241823
0.250924
0.259761
0.26829
0.276461
0.284227
0.291534
0.298328
0.304553
0.310155
0.315077
0.319262
0.322647
0.325173
0.326786
0.327436
0.327079
0.325674
0.323182
0.319576
0.314833
0.308935
0.30187
0.293631
0.2843
0.27396
0.261557
0.246236
-0.172136
-0.18627
-0.197659
-0.207098
-0.215579
-0.223047
-0.229444
-0.234794
-0.239127
-0.24247
-0.244856
-0.246321
-0.246906
-0.246658
-0.245624
-0.243854
-0.2414
-0.238312
-0.234639
-0.230428
-0.225727
-0.220584
-0.215036
-0.209114
-0.202845
-0.196254
-0.189366
-0.182203
-0.174789
-0.167148
-0.159302
-0.151271
-0.143077
-0.134734
-0.126261
-0.117668
-0.108964
-0.100152
-0.0912375
-0.0822247
-0.0731198
-0.0639297
-0.0546613
-0.0453199
-0.0359092
-0.026432
-0.0168896
-0.00728165
0.00239369
0.0121392
0.0219577
0.0318518
0.041823
0.0518714
0.0619946
0.0721882
0.0824468
0.0927653
0.103141
0.11357
0.124051
0.134575
0.145134
0.155714
0.166301
0.176879
0.187431
0.197938
0.208378
0.218726
0.228956
0.239041
0.24895
0.258646
0.268088
0.277229
0.286022
0.294414
0.302348
0.309764
0.316605
0.322813
0.328322
0.333065
0.336972
0.339978
0.342022
0.343049
0.343008
0.341851
0.339534
0.336018
0.331276
0.325287
0.318028
0.309496
0.299776
0.288953
0.275911
0.259751
-0.186876
-0.201741
-0.213687
-0.223547
-0.232368
-0.240091
-0.246657
-0.25209
-0.256424
-0.259694
-0.261938
-0.263202
-0.263537
-0.262997
-0.261635
-0.259504
-0.256657
-0.253151
-0.24904
-0.244377
-0.239215
-0.233603
-0.227582
-0.221187
-0.214447
-0.207391
-0.200044
-0.192429
-0.184571
-0.176491
-0.168214
-0.159763
-0.151158
-0.142414
-0.133549
-0.124576
-0.115504
-0.106339
-0.0970845
-0.0877433
-0.0783181
-0.0688125
-0.0592312
-0.0495791
-0.0398601
-0.0300764
-0.0202292
-0.0103184
-0.000341373
0.0097064
0.0198301
0.0300343
0.0403219
0.0506928
0.0611438
0.0716705
0.0822684
0.0929346
0.103669
0.114471
0.125338
0.136264
0.147238
0.158247
0.169278
0.180318
0.191353
0.202365
0.213334
0.224236
0.235043
0.245724
0.256247
0.266571
0.276655
0.286452
0.295913
0.304979
0.31359
0.321685
0.329202
0.336075
0.342229
0.347589
0.352078
0.355626
0.358163
0.359628
0.359961
0.359104
0.357006
0.353619
0.348908
0.342846
0.335409
0.326583
0.316464
0.30514
0.291427
0.274377
-0.202677
-0.218324
-0.230859
-0.241161
-0.250335
-0.258315
-0.265039
-0.270536
-0.274845
-0.278006
-0.280069
-0.281093
-0.281136
-0.280256
-0.278512
-0.275963
-0.27267
-0.268695
-0.264098
-0.258936
-0.253264
-0.247136
-0.240597
-0.233687
-0.226436
-0.218876
-0.211035
-0.202937
-0.194607
-0.186066
-0.177338
-0.168446
-0.159411
-0.15025
-0.140978
-0.131611
-0.122158
-0.112629
-0.103024
-0.0933437
-0.0835889
-0.07376
-0.0638593
-0.0538916
-0.0438614
-0.033771
-0.0236202
-0.0134072
-0.00312762
0.00722445
0.0176555
0.0281708
0.0387732
0.0494625
0.0602364
0.0710924
0.0820292
0.0930464
0.104145
0.115326
0.126587
0.137918
0.149312
0.160755
0.17224
0.183755
0.195288
0.206825
0.218344
0.229822
0.24123
0.252534
0.2637
0.274687
0.285453
0.295951
0.306126
0.315917
0.325262
0.334097
0.342353
0.349953
0.356816
0.362859
0.368001
0.372162
0.375264
0.377236
0.378007
0.377511
0.375682
0.372469
0.367826
0.361716
0.354113
0.345001
0.334475
0.32263
0.308212
0.290219
-0.219636
-0.236118
-0.24928
-0.260045
-0.26958
-0.277815
-0.284683
-0.29022
-0.294471
-0.297486
-0.299329
-0.300064
-0.29976
-0.298481
-0.296293
-0.293265
-0.289467
-0.284965
-0.279826
-0.274111
-0.267876
-0.261179
-0.254072
-0.246598
-0.238793
-0.230688
-0.222315
-0.213701
-0.20487
-0.195843
-0.186643
-0.177291
-0.167808
-0.158213
-0.148522
-0.13875
-0.128908
-0.119002
-0.109035
-0.0990059
-0.088912
-0.0787526
-0.0685284
-0.0582425
-0.047899
-0.0375004
-0.0270452
-0.0165291
-0.00594585
0.0047116
0.0154501
0.0262747
0.0371882
0.0481906
0.0592819
0.0704635
0.0817379
0.0931078
0.104575
0.116138
0.127793
0.139533
0.151349
0.163234
0.175181
0.187183
0.19923
0.211307
0.223397
0.235472
0.247502
0.259454
0.271292
0.282978
0.294466
0.305709
0.316648
0.327221
0.337362
0.347001
0.35606
0.364455
0.372099
0.378904
0.384779
0.389633
0.39338
0.395935
0.397218
0.397148
0.395652
0.392663
0.388129
0.382005
0.374256
0.364864
0.353929
0.341546
0.326384
0.30739
-0.237856
-0.255233
-0.269059
-0.280308
-0.290211
-0.298695
-0.305691
-0.31124
-0.315399
-0.318228
-0.319799
-0.320189
-0.319472
-0.317724
-0.315022
-0.311446
-0.307076
-0.301985
-0.296241
-0.289909
-0.283051
-0.275728
-0.267996
-0.259906
-0.251498
-0.242806
-0.233861
-0.224695
-0.215331
-0.205792
-0.196095
-0.186264
-0.176316
-0.166274
-0.156153
-0.145967
-0.135726
-0.125434
-0.115095
-0.104706
-0.0942646
-0.083769
-0.0732184
-0.0626134
-0.0519561
-0.0412476
-0.0304855
-0.0196639
-0.00877553
0.00218698
0.01323
0.0243588
0.0355769
0.0468867
0.0582915
0.0697966
0.0814075
0.0931287
0.104962
0.116904
0.128953
0.1411
0.153342
0.165674
0.178093
0.190592
0.203166
0.2158
0.228475
0.241164
0.253838
0.266463
0.279004
0.291423
0.303675
0.315709
0.327466
0.33888
0.349882
0.360391
0.370323
0.37959
0.388098
0.395751
0.402447
0.408085
0.412566
0.415792
0.41767
0.418104
0.41701
0.414308
0.409932
0.403833
0.395967
0.386308
0.374959
0.362019
0.346077
0.326018
-0.257451
-0.275787
-0.29032
-0.302071
-0.312348
-0.321075
-0.328179
-0.333711
-0.337737
-0.340328
-0.341565
-0.341537
-0.34033
-0.338035
-0.334742
-0.330545
-0.325529
-0.319774
-0.313352
-0.306333
-0.298785
-0.290773
-0.282359
-0.273597
-0.264534
-0.255207
-0.24565
-0.235893
-0.225962
-0.215878
-0.205661
-0.195329
-0.184903
-0.1744
-0.163837
-0.153227
-0.142577
-0.131892
-0.121172
-0.110416
-0.0996214
-0.0887853
-0.0779058
-0.0669812
-0.0560103
-0.0449916
-0.0339211
-0.0227925
-0.0115986
-0.000332981
0.01101
0.0224361
0.0339515
0.0455631
0.0572783
0.0691051
0.0810503
0.0931185
0.105311
0.117627
0.130063
0.142617
0.155287
0.168071
0.180968
0.193975
0.207085
0.220287
0.233561
0.24688
0.260216
0.273538
0.286813
0.300003
0.313061
0.325936
0.338567
0.350885
0.362811
0.37426
0.385143
0.395367
0.404832
0.413428
0.421043
0.427565
0.43288
0.436876
0.439443
0.440471
0.439859
0.437516
0.433362
0.427336
0.419386
0.409478
0.397716
0.384201
0.367435
0.346243
-0.278549
-0.297915
-0.313199
-0.325476
-0.336131
-0.345089
-0.352278
-0.357753
-0.361593
-0.36388
-0.364708
-0.364179
-0.362397
-0.359469
-0.355501
-0.350595
-0.344848
-0.338344
-0.331162
-0.323378
-0.315068
-0.306302
-0.297143
-0.287652
-0.27788
-0.267869
-0.257655
-0.247267
-0.236731
-0.22607
-0.215304
-0.204451
-0.193529
-0.182554
-0.171537
-0.160491
-0.149423
-0.138335
-0.12723
-0.116104
-0.104954
-0.0937754
-0.0825656
-0.0713205
-0.0600363
-0.0487083
-0.0373306
-0.0258967
-0.0144005
-0.00283651
0.00880065
0.0205181
0.0323256
0.0442345
0.0562563
0.0684007
0.0806744
0.0930817
0.105625
0.118306
0.131125
0.144082
0.15718
0.170419
0.183799
0.197319
0.210974
0.224753
0.238636
0.2526
0.266617
0.280662
0.294702
0.3087
0.322609
0.336376
0.349938
0.36322
0.376138
0.388603
0.400522
0.411797
0.422315
0.431958
0.440601
0.448119
0.454381
0.459258
0.462621
0.464346
0.464313
0.462413
0.458557
0.452665
0.444673
0.434539
0.422367
0.408259
0.390623
0.368222
-0.30129
-0.321767
-0.337852
-0.350678
-0.361715
-0.370888
-0.378125
-0.383493
-0.387079
-0.388982
-0.389313
-0.38819
-0.385738
-0.382081
-0.377337
-0.371623
-0.365045
-0.357697
-0.349665
-0.341033
-0.331883
-0.32229
-0.312324
-0.302045
-0.291508
-0.280762
-0.269843
-0.258781
-0.247602
-0.236331
-0.224988
-0.213592
-0.202157
-0.190694
-0.179212
-0.167719
-0.156223
-0.144727
-0.133232
-0.121735
-0.110229
-0.0987097
-0.0871702
-0.075605
-0.0640084
-0.0523732
-0.0406924
-0.0289593
-0.0171687
-0.0053148
0.00660936
0.0186133
0.0307097
0.0429129
0.0552363
0.0676904
0.0802822
0.0930176
0.105902
0.11894
0.132136
0.145494
0.159017
0.17271
0.186576
0.200613
0.214818
0.229181
0.243684
0.258305
0.273024
0.287817
0.302655
0.317498
0.332303
0.347013
0.361562
0.375871
0.389852
0.403415
0.416463
0.428886
0.440564
0.451367
0.461159
0.469795
0.47713
0.483014
0.487297
0.489838
0.490496
0.489145
0.485673
0.479988
0.472007
0.461676
0.449099
0.43438
0.415827
0.392133
-0.325833
-0.347513
-0.364453
-0.377852
-0.38927
-0.398632
-0.405871
-0.411064
-0.414315
-0.415741
-0.415473
-0.413651
-0.410418
-0.405917
-0.400283
-0.393645
-0.386123
-0.377824
-0.368844
-0.359274
-0.349201
-0.338706
-0.327863
-0.316735
-0.305379
-0.293843
-0.28217
-0.27039
-0.258533
-0.246621
-0.234676
-0.222714
-0.210745
-0.198778
-0.186818
-0.174869
-0.162938
-0.15103
-0.139143
-0.127273
-0.115413
-0.103555
-0.0916884
-0.0798064
-0.0679009
-0.0559639
-0.0439873
-0.0319648
-0.0198907
-0.0077575
0.00444508
0.0167297
0.0291112
0.0416041
0.0542216
0.0669747
0.0798723
0.0929237
0.106139
0.119526
0.133093
0.146847
0.160793
0.174939
0.189289
0.203844
0.218602
0.233553
0.248684
0.263978
0.27942
0.294987
0.310653
0.326381
0.342124
0.357826
0.373418
0.388818
0.403939
0.418688
0.43296
0.446638
0.45959
0.471678
0.482749
0.492642
0.501189
0.508221
0.513569
0.517064
0.518545
0.517864
0.514884
0.509491
0.501586
0.491097
0.478127
0.46278
0.443256
0.418174
-0.352359
-0.375344
-0.3932
-0.407191
-0.418983
-0.4285
-0.435681
-0.440619
-0.443438
-0.444278
-0.443294
-0.440647
-0.436502
-0.431021
-0.424361
-0.416668
-0.408077
-0.398711
-0.388676
-0.378069
-0.366984
-0.355505
-0.343711
-0.331668
-0.319434
-0.307058
-0.294583
-0.282045
-0.269474
-0.256893
-0.244322
-0.231771
-0.219248
-0.206759
-0.194307
-0.181895
-0.169526
-0.157203
-0.144924
-0.132682
-0.120469
-0.108273
-0.0960847
-0.083892
-0.0716858
-0.0594567
-0.0471961
-0.0348968
-0.0225513
-0.0101491
0.00232316
0.0148808
0.0275392
0.0403125
0.0532128
0.0662525
0.0794441
0.092801
0.106337
0.120066
0.133996
0.148138
0.162502
0.177096
0.191929
0.207001
0.222311
0.237853
0.253621
0.269602
0.285786
0.302153
0.318678
0.335324
0.352047
0.368789
0.38548
0.402041
0.418382
0.434407
0.450004
0.465048
0.479401
0.492909
0.505402
0.516702
0.52662
0.534963
0.541539
0.54615
0.548611
0.548741
0.54638
0.541385
0.533632
0.523034
0.509689
0.493699
0.473147
0.446571
-0.381071
-0.40548
-0.424315
-0.438919
-0.451071
-0.460699
-0.467749
-0.472336
-0.474608
-0.474732
-0.472887
-0.469264
-0.46405
-0.457432
-0.449592
-0.440699
-0.430902
-0.420337
-0.409125
-0.397373
-0.385177
-0.372628
-0.359804
-0.346777
-0.333604
-0.320336
-0.307016
-0.293682
-0.280365
-0.267089
-0.253867
-0.240706
-0.227612
-0.214586
-0.201632
-0.188751
-0.175942
-0.163205
-0.150534
-0.137922
-0.125357
-0.112829
-0.100323
-0.0878278
-0.0753319
-0.0628246
-0.0502955
-0.0377345
-0.0251303
-0.0124691
0.000264012
0.0130846
0.0260077
0.0390468
0.0522152
0.0655281
0.0790024
0.0926556
0.106504
0.120564
0.134848
0.14937
0.164143
0.17918
0.194488
0.210071
0.22593
0.242067
0.258479
0.275162
0.292105
0.309292
0.326701
0.344298
0.362039
0.379869
0.397719
0.41551
0.433154
0.450548
0.467577
0.48411
0.499997
0.51507
0.529143
0.542019
0.553485
0.563326
0.571316
0.577232
0.580852
0.581963
0.580369
0.575898
0.568396
0.557751
0.544055
0.52741
0.505767
0.47758
-0.412202
-0.438173
-0.458063
-0.4733
-0.485793
-0.495477
-0.502305
-0.506422
-0.508006
-0.507251
-0.504371
-0.499589
-0.493123
-0.485189
-0.475997
-0.465738
-0.454579
-0.442672
-0.43015
-0.41713
-0.403717
-0.390002
-0.376066
-0.361981
-0.347808
-0.333596
-0.319391
-0.305227
-0.291136
-0.277137
-0.263242
-0.249453
-0.235774
-0.222203
-0.20874
-0.195385
-0.182135
-0.168985
-0.155926
-0.142949
-0.130039
-0.117184
-0.10437
-0.0915824
-0.0788096
-0.0660393
-0.0532579
-0.0404508
-0.0276015
-0.0146935
-0.0017118
0.0113578
0.0245295
0.0378177
0.0512386
0.0648113
0.0785568
0.0924952
0.106646
0.121025
0.135652
0.150544
0.165716
0.181184
0.196956
0.213041
0.229447
0.24618
0.263243
0.280635
0.298349
0.316374
0.33469
0.353266
0.372062
0.391026
0.410093
0.429186
0.448215
0.467077
0.485652
0.503803
0.521367
0.538163
0.55399
0.568629
0.581846
0.593394
0.603015
0.610451
0.615441
0.617731
0.617084
0.613288
0.606155
0.595545
0.581537
0.564229
0.541427
0.511493
-0.446027
-0.473722
-0.494755
-0.510646
-0.523454
-0.53312
-0.539612
-0.543108
-0.543823
-0.541991
-0.537867
-0.531711
-0.523781
-0.514328
-0.503587
-0.491776
-0.479082
-0.465672
-0.451693
-0.437274
-0.422526
-0.407544
-0.392408
-0.377191
-0.361954
-0.34675
-0.33162
-0.316595
-0.301702
-0.286958
-0.272368
-0.257937
-0.243664
-0.229544
-0.215573
-0.201745
-0.188056
-0.174496
-0.161055
-0.147719
-0.134473
-0.121303
-0.108192
-0.0951258
-0.0820911
-0.0690729
-0.0560538
-0.0430146
-0.0299349
-0.0167961
-0.00358382
0.00971526
0.0231162
0.0366362
0.0502948
0.0641145
0.0781183
0.0923285
0.106766
0.121453
0.13641
0.151657
0.167215
0.183097
0.199321
0.215899
0.232846
0.250174
0.267889
0.285994
0.304487
0.323361
0.342601
0.362182
0.382068
0.402212
0.422553
0.443019
0.463519
0.48395
0.50419
0.524092
0.543486
0.562177
0.57995
0.596564
0.611757
0.62525
0.636751
0.645959
0.652565
0.656268
0.656782
0.653848
0.647234
0.636762
0.622495
0.604521
0.580486
0.548652
-0.482873
-0.512481
-0.534758
-0.551325
-0.564405
-0.573954
-0.57996
-0.582643
-0.582267
-0.579117
-0.573497
-0.565719
-0.556082
-0.544874
-0.532362
-0.518788
-0.504363
-0.489273
-0.473679
-0.45772
-0.441515
-0.425159
-0.408733
-0.392308
-0.375948
-0.359701
-0.343606
-0.32769
-0.31197
-0.29646
-0.281163
-0.266081
-0.25121
-0.236542
-0.222066
-0.207772
-0.193649
-0.179687
-0.165872
-0.152188
-0.138618
-0.125146
-0.111754
-0.0984257
-0.0851461
-0.0718957
-0.058653
-0.0453953
-0.0321007
-0.0187504
-0.0053298
0.00817586
0.021785
0.0355185
0.0493992
0.0634513
0.0776986
0.0921648
0.106875
0.121852
0.137122
0.152708
0.168631
0.184912
0.201573
0.218634
0.236114
0.254029
0.272391
0.291206
0.310479
0.33021
0.350389
0.370996
0.392002
0.413367
0.435039
0.456947
0.479005
0.50111
0.523136
0.544931
0.566318
0.587093
0.607022
0.625842
0.643265
0.658975
0.672641
0.683909
0.692421
0.697816
0.69975
0.697907
0.691998
0.681798
0.667345
0.648711
0.623361
0.589446
-0.523129
-0.554874
-0.578509
-0.595763
-0.609049
-0.618346
-0.623671
-0.625299
-0.62356
-0.618803
-0.611394
-0.6017
-0.590072
-0.576837
-0.562295
-0.546721
-0.530352
-0.513391
-0.496014
-0.478369
-0.460577
-0.442736
-0.424929
-0.407224
-0.389681
-0.372344
-0.355246
-0.338406
-0.321838
-0.305548
-0.289538
-0.273803
-0.258336
-0.243124
-0.22815
-0.213398
-0.198853
-0.184502
-0.170328
-0.156311
-0.142434
-0.128676
-0.11502
-0.101448
-0.0879409
-0.0744746
-0.0610237
-0.0475641
-0.0340738
-0.0205341
-0.00692866
0.00676108
0.0205578
0.034486
0.0485705
0.0628366
0.0773089
0.0920133
0.106977
0.122227
0.13779
0.153691
0.169959
0.186619
0.203702
0.221232
0.239232
0.257722
0.276718
0.296236
0.316287
0.336876
0.358001
0.37965
0.401803
0.42443
0.447485
0.470902
0.494602
0.518483
0.542418
0.566254
0.58981
0.612869
0.635184
0.656469
0.676405
0.694642
0.710797
0.724464
0.735221
0.742642
0.746311
0.745839
0.74087
0.731114
0.716573
0.697296
0.67054
0.634334
-0.567253
-0.601398
-0.626515
-0.644456
-0.657852
-0.666715
-0.67111
-0.671385
-0.667951
-0.661238
-0.651687
-0.63973
-0.625775
-0.610196
-0.593335
-0.575498
-0.55695
-0.537914
-0.518578
-0.499093
-0.479583
-0.460148
-0.44087
-0.421814
-0.403033
-0.384562
-0.366424
-0.348635
-0.331201
-0.314125
-0.297401
-0.28102
-0.264965
-0.249217
-0.233755
-0.218558
-0.203607
-0.188886
-0.174373
-0.160045
-0.14588
-0.131858
-0.117959
-0.104162
-0.0904441
-0.0767784
-0.0631375
-0.049497
-0.0358347
-0.0221301
-0.00836316
0.00548955
0.0194542
0.0335569
0.0478242
0.0622825
0.0769587
0.0918802
0.107076
0.122576
0.138407
0.1546
0.171191
0.188212
0.205699
0.223678
0.242177
0.261222
0.280837
0.301046
0.321866
0.343309
0.365382
0.388083
0.411406
0.435328
0.459811
0.4848
0.510222
0.535979
0.561949
0.58798
0.613886
0.639445
0.664395
0.688429
0.711197
0.732308
0.751324
0.767783
0.781188
0.791034
0.79682
0.798069
0.794333
0.785243
0.770748
0.750859
0.722594
0.683848
-0.615785
-0.652644
-0.679383
-0.697992
-0.711361
-0.719553
-0.722701
-0.72125
-0.715713
-0.70662
-0.694502
-0.679867
-0.663191
-0.644905
-0.625398
-0.605009
-0.58403
-0.562701
-0.541218
-0.519736
-0.498379
-0.477244
-0.45641
-0.435936
-0.415865
-0.396222
-0.377019
-0.358263
-0.339955
-0.322092
-0.304661
-0.287643
-0.271014
-0.254745
-0.238812
-0.223189
-0.207854
-0.192786
-0.177957
-0.163343
-0.148918
-0.134659
-0.12054
-0.106539
-0.0926299
-0.0787841
-0.0649746
-0.0511773
-0.0373684
-0.0235237
-0.00961797
0.00437617
0.018487
0.0327418
0.0471683
0.0617957
0.0766524
0.0917671
0.10717
0.122891
0.138964
0.155427
0.172319
0.18968
0.207546
0.225949
0.244923
0.2645
0.284714
0.305595
0.327168
0.349453
0.37247
0.396231
0.420737
0.445978
0.471928
0.498544
0.525761
0.553491
0.58162
0.61
0.638447
0.666735
0.694589
0.721683
0.747636
0.772009
0.794317
0.814023
0.830553
0.843306
0.851677
0.855077
0.852947
0.844808
0.830537
0.810091
0.780204
0.738619
-0.669376
-0.709328
-0.737843
-0.757077
-0.77023
-0.77744
-0.778934
-0.775287
-0.76714
-0.755147
-0.739945
-0.722141
-0.702286
-0.680881
-0.658365
-0.63511
-0.611428
-0.587574
-0.563749
-0.540112
-0.516781
-0.493847
-0.471381
-0.44943
-0.428025
-0.40718
-0.386896
-0.367168
-0.347991
-0.32935
-0.311224
-0.293584
-0.276398
-0.259631
-0.243251
-0.227228
-0.211538
-0.196151
-0.181036
-0.166165
-0.15151
-0.137041
-0.12273
-0.108551
-0.0944748
-0.0804741
-0.0665223
-0.0525943
-0.0386635
-0.0247015
-0.0106793
0.00343292
0.0176651
0.0320464
0.046607
0.0613783
0.0763897
0.09167
0.107251
0.123167
0.139457
0.156164
0.173334
0.191007
0.209224
0.228022
0.247441
0.267524
0.28831
0.309837
0.332139
0.35525
0.379202
0.404018
0.429712
0.456287
0.483733
0.512019
0.541097
0.570891
0.601299
0.632183
0.663366
0.694621
0.725666
0.756155
0.785679
0.813757
0.839845
0.863331
0.883549
0.899789
0.911317
0.917408
0.917353
0.910536
0.896732
0.875813
0.844179
0.799398
-0.728823
-0.772329
-0.802794
-0.82257
-0.835244
-0.841056
-0.840368
-0.833923
-0.822532
-0.806998
-0.788096
-0.766545
-0.742991
-0.718005
-0.692075
-0.665608
-0.638934
-0.612313
-0.58595
-0.559999
-0.534573
-0.50975
-0.485586
-0.462112
-0.439344
-0.417281
-0.395912
-0.375222
-0.355191
-0.335792
-0.316992
-0.298753
-0.281035
-0.263797
-0.247002
-0.230614
-0.214601
-0.198929
-0.183564
-0.168471
-0.153617
-0.138969
-0.124496
-0.110168
-0.0959555
-0.0818313
-0.0677676
-0.0537369
-0.0397089
-0.0256525
-0.0115374
0.00266758
0.0169945
0.0314753
0.0461431
0.0610304
0.0761668
0.0915825
0.107312
0.123395
0.139877
0.156804
0.174221
0.192175
0.210709
0.229868
0.249701
0.270255
0.291579
0.313719
0.336723
0.360636
0.385503
0.41136
0.438234
0.466146
0.495103
0.525094
0.556085
0.588023
0.620824
0.654363
0.688477
0.722943
0.757477
0.791722
0.825241
0.857516
0.887942
0.915828
0.940403
0.960828
0.976217
0.98567
0.988295
0.983286
0.970274
0.949014
0.915498
0.86709
-0.795114
-0.842741
-0.875346
-0.895522
-0.907337
-0.91119
-0.907627
-0.897617
-0.882186
-0.862332
-0.838994
-0.813027
-0.785179
-0.756094
-0.726308
-0.696257
-0.666283
-0.636648
-0.607551
-0.579137
-0.551505
-0.524716
-0.498803
-0.473777
-0.449633
-0.426354
-0.403916
-0.382285
-0.361427
-0.3413
-0.321859
-0.303055
-0.284841
-0.267171
-0.249999
-0.233284
-0.216988
-0.201072
-0.185495
-0.170218
-0.155203
-0.140412
-0.12581
-0.111367
-0.0970536
-0.08284
-0.0686963
-0.0545915
-0.0404929
-0.0263683
-0.012187
0.00208332
0.0164774
0.0310302
0.0457764
0.0607489
0.0759786
0.0914986
0.107348
0.123572
0.140216
0.15733
0.174961
0.193159
0.211974
0.231457
0.251663
0.272649
0.29447
0.317186
0.340855
0.365537
0.391288
0.418157
0.446191
0.47543
0.5059
0.537611
0.570556
0.604706
0.639999
0.676335
0.713568
0.751489
0.78982
0.828201
0.866175
0.903193
0.93859
0.971594
1.00132
1.02677
1.04689
1.06055
1.06663
1.06407
1.0523
1.0309
0.995361
0.942794
-0.869483
-0.921929
-0.956874
-0.97721
-0.987623
-0.988751
-0.9814
-0.966842
-0.946384
-0.921264
-0.892621
-0.861462
-0.828646
-0.794888
-0.760766
-0.726736
-0.693145
-0.660252
-0.628238
-0.597228
-0.567296
-0.538481
-0.510786
-0.484199
-0.458691
-0.43422
-0.410743
-0.388209
-0.366564
-0.345752
-0.325715
-0.306394
-0.287734
-0.26968
-0.25218
-0.235185
-0.218651
-0.202535
-0.186789
-0.17137
-0.156234
-0.141339
-0.126649
-0.112132
-0.0977564
-0.0834889
-0.0692968
-0.0551474
-0.0410072
-0.0268439
-0.0126261
0.00168042
0.0161129
0.030708
0.0455013
0.0605267
0.0758178
0.091412
0.107352
0.123685
0.140458
0.157722
0.175528
0.19393
0.212985
0.232749
0.253283
0.274653
0.296926
0.320172
0.344462
0.369867
0.396456
0.424298
0.453458
0.483995
0.515961
0.549392
0.584312
0.620721
0.658588
0.697845
0.738371
0.779984
0.822422
0.865332
0.908257
0.950618
0.9917
1.03065
1.06645
1.09795
1.12387
1.14281
1.15334
1.15409
1.14418
1.12296
1.08526
1.02788
-0.953494
-1.01162
-1.0491
-1.0692
-1.07743
-1.07479
-1.06244
-1.04208
-1.01537
-0.98384
-0.948865
-0.91162
-0.873077
-0.834016
-0.795047
-0.756635
-0.719119
-0.682736
-0.647643
-0.613928
-0.581632
-0.550757
-0.521276
-0.493144
-0.466304
-0.440688
-0.416226
-0.392844
-0.370469
-0.349031
-0.328458
-0.308682
-0.289636
-0.271258
-0.253487
-0.236268
-0.219549
-0.203281
-0.187413
-0.171896
-0.156683
-0.141729
-0.126996
-0.112448
-0.0980507
-0.0837664
-0.0695601
-0.0553984
-0.0412486
-0.0270786
-0.0128556
0.00145642
0.0158962
0.0305015
0.0453089
0.0603546
0.0756757
0.0913128
0.107311
0.123716
0.14058
0.157953
0.175892
0.194455
0.213702
0.233698
0.254509
0.276212
0.298884
0.322606
0.34746
0.37353
0.400901
0.429659
0.459891
0.49168
0.525104
0.560233
0.597125
0.635814
0.67631
0.718584
0.762555
0.808078
0.854925
0.902767
0.95116
0.999512
1.04708
1.09292
1.1359
1.17468
1.20771
1.23329
1.24959
1.25478
1.24762
1.22705
1.18706
1.12408
-1.04916
-1.11404
-1.15419
-1.17343
-1.17836
-1.1705
-1.15158
-1.12381
-1.08931
-1.04999
-1.00748
-0.963124
-0.918012
-0.872975
-0.828636
-0.785447
-0.743718
-0.703647
-0.665346
-0.628855
-0.594165
-0.561235
-0.529996
-0.500367
-0.472255
-0.445563
-0.420188
-0.396035
-0.373009
-0.351022
-0.329991
-0.309834
-0.290476
-0.271842
-0.253866
-0.236484
-0.219639
-0.203276
-0.187338
-0.171773
-0.156531
-0.141566
-0.126835
-0.112301
-0.0979221
-0.0836596
-0.0694763
-0.055339
-0.0412155
-0.0270733
-0.0128786
0.00140605
0.0158199
0.0304016
0.0451896
0.0602229
0.0755414
0.091187
0.107205
0.123643
0.140554
0.157992
0.176017
0.194692
0.214081
0.234253
0.255287
0.277265
0.300275
0.324408
0.349757
0.37642
0.4045
0.434101
0.465332
0.498304
0.533125
0.569902
0.60873
0.649688
0.692832
0.738183
0.785715
0.835336
0.88687
0.940039
0.994429
1.04947
1.10439
1.1582
1.20964
1.25716
1.29895
1.33289
1.35667
1.36788
1.3647
1.34551
1.30319
1.23358
-1.15913
-1.2321
-1.27498
-1.29234
-1.29234
-1.27729
-1.24967
-1.21242
-1.16825
-1.11947
-1.06802
-1.01541
-0.962816
-0.911105
-0.860881
-0.812552
-0.766368
-0.722461
-0.680873
-0.641583
-0.604519
-0.569584
-0.536658
-0.505616
-0.476324
-0.44865
-0.422461
-0.397635
-0.374055
-0.351617
-0.330222
-0.309775
-0.290188
-0.271378
-0.25327
-0.235794
-0.218888
-0.202489
-0.18654
-0.170982
-0.155765
-0.140838
-0.126158
-0.11168
-0.0973615
-0.0831608
-0.0690405
-0.0549673
-0.0409088
-0.0268319
-0.0127014
0.00152059
0.0158736
0.0303973
0.0451323
0.0601196
0.0753998
0.0910153
0.107012
0.123438
0.14035
0.157805
0.175867
0.194599
0.214073
0.234365
0.255559
0.277747
0.301025
0.325492
0.351255
0.378426
0.407124
0.437475
0.46961
0.50367
0.5398
0.578141
0.618831
0.662001
0.707766
0.756205
0.807365
0.861226
0.917688
0.976548
1.03746
1.0999
1.16312
1.2261
1.28747
1.3455
1.39804
1.44255
1.47606
1.49543
1.49801
1.48136
1.43675
1.35926
-1.28697
-1.36971
-1.41515
-1.42901
-1.42167
-1.39667
-1.35754
-1.30817
-1.25198
-1.19178
-1.12978
-1.06766
-1.00664
-0.947568
-0.890985
-0.837209
-0.786395
-0.738574
-0.693695
-0.651649
-0.61229
-0.575453
-0.540959
-0.50863
-0.478288
-0.449761
-0.422885
-0.397508
-0.373495
-0.35072
-0.32907
-0.308435
-0.288716
-0.26982
-0.251662
-0.23417
-0.217273
-0.200907
-0.185008
-0.169517
-0.154379
-0.139544
-0.124962
-0.110586
-0.0963708
-0.0822746
-0.0682597
-0.0542922
-0.040339
-0.026366
-0.0123374
0.00178531
0.0160419
0.0304732
0.0451208
0.0600259
0.0752288
0.0907717
0.106702
0.123071
0.139935
0.157357
0.1754
0.194134
0.213633
0.233981
0.255268
0.277591
0.301055
0.325769
0.351851
0.379427
0.408635
0.439621
0.472543
0.507571
0.544883
0.584663
0.627098
0.672375
0.720673
0.772152
0.826938
0.88511
0.946677
1.01154
1.07946
1.15001
1.22251
1.29595
1.36893
1.43954
1.5053
1.56316
1.6094
1.63986
1.6508
1.63848
1.59189
1.50493
-1.43757
-1.53217
-1.57956
-1.5873
-1.56909
-1.53028
-1.47589
-1.41104
-1.33999
-1.26605
-1.19172
-1.11877
-1.04838
-0.981318
-0.917982
-0.858549
-0.803027
-0.751312
-0.703226
-0.658553
-0.617053
-0.578482
-0.542594
-0.509153
-0.477932
-0.448718
-0.421313
-0.395537
-0.371232
-0.348254
-0.326473
-0.305765
-0.286018
-0.267133
-0.249019
-0.231595
-0.214788
-0.198528
-0.182747
-0.167384
-0.152384
-0.137692
-0.123257
-0.109029
-0.094963
-0.0810163
-0.067151
-0.0533318
-0.0395247
-0.0256948
-0.011806
0.00218064
0.0163057
0.0306096
0.0451333
0.0599168
0.0750003
0.0904266
0.106244
0.122507
0.139274
0.156608
0.174576
0.193251
0.212712
0.233047
0.254352
0.276729
0.300288
0.325149
0.35144
0.379304
0.408895
0.440381
0.473944
0.509786
0.548119
0.589167
0.633176
0.680393
0.731068
0.785455
0.843782
0.906247
0.972993
1.04407
1.1194
1.19871
1.28147
1.36676
1.4532
1.53878
1.62075
1.6955
1.75841
1.80406
1.82713
1.82198
1.77422
1.67582
-1.61789
-1.72689
-1.7747
-1.77207
-1.7377
-1.67969
-1.60508
-1.52052
-1.4312
-1.34093
-1.25237
-1.16725
-1.08664
-1.01107
-0.940728
-0.875569
-0.815398
-0.759934
-0.708841
-0.661771
-0.618373
-0.578312
-0.541269
-0.506945
-0.475062
-0.445363
-0.417619
-0.391622
-0.36719
-0.344161
-0.322385
-0.301729
-0.28207
-0.263303
-0.245331
-0.228069
-0.211436
-0.195359
-0.179768
-0.1646
-0.149797
-0.135302
-0.121063
-0.107031
-0.0931598
-0.0794082
-0.0657364
-0.0521079
-0.0384876
-0.0248403
-0.0111289
0.00268592
0.0166437
0.0307832
0.0451436
0.0597641
0.0746848
0.0899492
0.105607
0.121715
0.138333
0.155523
0.173357
0.191909
0.211264
0.231512
0.252752
0.27509
0.298643
0.323539
0.349919
0.377937
0.407765
0.439592
0.473625
0.510089
0.549237
0.591339
0.636689
0.685606
0.738424
0.795493
0.857164
0.923779
0.995645
1.07301
1.15602
1.24462
1.33852
1.43703
1.53891
1.64218
1.74392
1.83997
1.92476
1.99127
2.03205
2.03864
1.99149
1.87928
-1.83817
-1.96438
-2.00929
-1.98932
-1.9309
-1.84616
-1.74483
-1.63532
-1.52379
-1.41435
-1.30964
-1.21117
-1.11966
-1.03528
-0.957892
-0.887141
-0.822566
-0.763657
-0.709895
-0.660774
-0.615821
-0.5746
-0.536711
-0.50179
-0.469508
-0.439568
-0.411706
-0.38569
-0.361315
-0.3384
-0.31678
-0.296312
-0.276866
-0.258333
-0.240609
-0.223604
-0.207233
-0.19142
-0.176093
-0.161186
-0.146639
-0.132396
-0.118405
-0.104618
-0.09099
-0.0774783
-0.0640431
-0.0506468
-0.0372533
-0.0238264
-0.0103287
0.00327786
0.0170308
0.0309668
0.0451229
0.0595375
0.0742509
0.0893079
0.10476
0.120663
0.137077
0.154067
0.171704
0.190068
0.209244
0.229324
0.250408
0.272609
0.296047
0.320856
0.347188
0.375213
0.405114
0.437097
0.471395
0.508259
0.547973
0.590854
0.637252
0.687552
0.742181
0.801594
0.866279
0.936742
1.01349
1.09702
1.18774
1.28595
1.3917
1.50468
1.62399
1.7479
1.87351
1.99633
2.1098
2.20503
2.27182
2.29752
2.25466
2.12606
-2.11414
-2.25997
-2.29507
-2.24627
-2.152
-2.03013
-1.8937
-1.75299
-1.61485
-1.48337
-1.36079
-1.24805
-1.14528
-1.05213
-0.967969
-0.892035
-0.823534
-0.761685
-0.705751
-0.655058
-0.608999
-0.567034
-0.528679
-0.493507
-0.461138
-0.431236
-0.403509
-0.377699
-0.353581
-0.330957
-0.309654
-0.28952
-0.270422
-0.252243
-0.234878
-0.21823
-0.202212
-0.186744
-0.171753
-0.157173
-0.142943
-0.129008
-0.115319
-0.101827
-0.088489
-0.0752617
-0.062105
-0.0489805
-0.0358513
-0.0226811
-0.00943349
0.00392761
0.0174372
0.0311293
0.0450389
0.0592043
0.0736669
0.0884725
0.103671
0.119319
0.135475
0.152207
0.169586
0.187691
0.206609
0.226436
0.247271
0.269225
0.292428
0.317021
0.34316
0.371024
0.400814
0.43275
0.467078
0.504079
0.544067
0.587399
0.63448
0.685766
0.741769
0.803061
0.870271
0.944086
1.02525
1.11453
1.2127
1.32049
1.43846
1.56685
1.7054
1.85295
2.00702
2.16313
2.31399
2.4488
2.5539
2.61076
2.57962
2.43258
-2.4712
-2.63644
-2.64772
-2.55115
-2.40352
-2.23036
-2.04836
-1.86927
-1.69999
-1.54388
-1.40217
-1.2748
-1.16098
-1.05958
-0.969329
-0.888965
-0.817296
-0.753235
-0.69581
-0.644169
-0.597567
-0.55536
-0.516988
-0.481961
-0.449858
-0.420309
-0.392994
-0.367634
-0.343987
-0.321846
-0.301032
-0.281388
-0.262775
-0.245074
-0.228178
-0.211987
-0.196412
-0.181371
-0.16679
-0.152603
-0.138752
-0.125183
-0.111848
-0.0987015
-0.085699
-0.0727985
-0.0599594
-0.0471437
-0.0343148
-0.021437
-0.00847523
0.00460333
0.0178298
0.0312361
0.0448577
0.0587334
0.0729038
0.087413
0.102312
0.117655
0.133501
0.149913
0.166966
0.184742
0.203324
0.222804
0.243288
0.264888
0.287731
0.311964
0.337754
0.365282
0.394758
0.426416
0.460515
0.497356
0.537281
0.580682
0.628015
0.6798
0.736632
0.799195
0.868264
0.944714
1.02954
1.12382
1.22877
1.34562
1.47561
1.61981
1.77891
1.95281
2.14005
2.33691
2.53607
2.72516
2.88677
2.99451
2.98992
2.82528
-2.95292
-3.1283
-3.08749
-2.91206
-2.68547
-2.44235
-2.20233
-1.97732
-1.77283
-1.59035
-1.42922
-1.28777
-1.16389
-1.05541
-0.960276
-0.876647
-0.80289
-0.737593
-0.679548
-0.627725
-0.581252
-0.539391
-0.501512
-0.467078
-0.43563
-0.406772
-0.380163
-0.35551
-0.332562
-0.311108
-0.290961
-0.271965
-0.253978
-0.236881
-0.220564
-0.204929
-0.189884
-0.175349
-0.16125
-0.147524
-0.134113
-0.120967
-0.10804
-0.0952852
-0.0826613
-0.0701271
-0.0576433
-0.0451723
-0.0326777
-0.0201258
-0.00748609
0.00527044
0.018174
0.0312563
0.044551
0.0580955
0.0719316
0.0861036
0.100657
0.115645
0.131123
0.147158
0.163821
0.18119
0.199351
0.218396
0.238423
0.25955
0.281906
0.305635
0.330907
0.35791
0.386857
0.417987
0.451573
0.487927
0.527412
0.570451
0.617539
0.66925
0.726256
0.789337
0.859405
0.937524
1.02493
1.12305
1.23355
1.3583
1.49933
1.65881
1.83879
2.04087
2.26552
2.51099
2.77137
3.03411
3.27874
3.46954
3.52104
3.34932
-3.63818
-3.78787
-3.63815
-3.33346
-2.99181
-2.65551
-2.34409
-2.06651
-1.82441
-1.61559
-1.43637
-1.28272
-1.15083
-1.03728
-0.939115
-0.853859
-0.779442
-0.714143
-0.656535
-0.605434
-0.559862
-0.519006
-0.482187
-0.448831
-0.418454
-0.390644
-0.365051
-0.341374
-0.319362
-0.298799
-0.279503
-0.261315
-0.244095
-0.227725
-0.212097
-0.197113
-0.182684
-0.168731
-0.155185
-0.141984
-0.129075
-0.116407
-0.103936
-0.0916189
-0.0794155
-0.0672865
-0.055193
-0.0430988
-0.030972
-0.0187824
-0.00650177
0.00589699
0.0184407
0.0311593
0.0440881
0.0572654
0.070729
0.084519
0.0986809
0.113264
0.128321
0.143916
0.16012
0.177009
0.194664
0.213177
0.232646
0.253182
0.274914
0.297988
0.32257
0.348849
0.377038
0.407377
0.440144
0.475658
0.514294
0.556495
0.602781
0.653767
0.710182
0.772884
0.842898
0.921452
1.01
1.11033
1.22453
1.35514
1.50515
1.67801
1.87758
2.10785
2.37246
2.67344
3.00889
3.3693
3.73428
4.06009
4.22655
4.0861
-4.67029
-4.69083
-4.32225
-3.81005
-3.3053
-2.8498
-2.45527
-2.12179
-1.84309
-1.61095
-1.41733
-1.25521
-1.1187
-1.00304
-0.904361
-0.8196
-0.746293
-0.682463
-0.626513
-0.577152
-0.533332
-0.494197
-0.459039
-0.42727
-0.398396
-0.372002
-0.34774
-0.325314
-0.304474
-0.285011
-0.266745
-0.24952
-0.233204
-0.21768
-0.202845
-0.188604
-0.174874
-0.161579
-0.148654
-0.136041
-0.123689
-0.11155
-0.099583
-0.0877464
-0.0760018
-0.064312
-0.0526418
-0.040959
-0.0292338
-0.0174394
-0.0055521
0.00645131
0.0185984
0.03092
0.0434487
0.0562201
0.0692717
0.0826401
0.0963645
0.110491
0.125073
0.140168
0.155845
0.172178
0.189245
0.207132
0.225936
0.245763
0.266737
0.289002
0.312717
0.338068
0.365263
0.394538
0.426168
0.460472
0.497826
0.538678
0.583561
0.633109
0.688079
0.749378
0.818111
0.895616
0.98354
1.08391
1.19927
1.33277
1.48833
1.67083
1.88625
2.14171
2.44531
2.80532
3.22795
3.71293
4.24778
4.78895
5.18327
5.18239
-6.30771
-5.93659
-5.15196
-4.32167
-3.59567
-2.99581
-2.51212
-2.12568
-1.81676
-1.56838
-1.36697
-1.20204
-1.06563
-0.951674
-0.855565
-0.773769
-0.703556
-0.642793
-0.589796
-0.54323
-0.502027
-0.465325
-0.432419
-0.402728
-0.375768
-0.35114
-0.328507
-0.307586
-0.288138
-0.269962
-0.252888
-0.236768
-0.221477
-0.206905
-0.192954
-0.179537
-0.166578
-0.154006
-0.141761
-0.129789
-0.118042
-0.106477
-0.0950524
-0.0837305
-0.0724765
-0.0612574
-0.0500406
-0.0387966
-0.0275015
-0.0161335
-0.00467097
0.0069088
0.0186308
0.0305244
0.0426224
0.0549578
0.0675624
0.0804697
0.0937162
0.107342
0.121397
0.135938
0.151028
0.166736
0.183139
0.200315
0.218356
0.237363
0.257453
0.278762
0.301444
0.325673
0.351649
0.379599
0.409786
0.44252
0.478168
0.517168
0.560045
0.607429
0.660074
0.718898
0.785032
0.859863
0.945137
1.04306
1.15645
1.28894
1.44528
1.63167
1.85625
2.12974
2.46593
2.88209
3.39826
4.03373
4.79831
5.66799
6.49117
6.90013
-9.12525
-7.65017
-6.07954
-4.79503
-3.79654
-3.04221
-2.479
-2.05518
-1.73126
-1.4795
-1.28053
-1.12071
-0.990441
-0.882807
-0.792792
-0.716679
-0.651671
-0.595629
-0.546895
-0.504171
-0.466428
-0.432844
-0.402749
-0.375598
-0.350937
-0.328396
-0.307663
-0.288475
-0.270613
-0.25389
-0.23815
-0.223257
-0.209095
-0.195564
-0.182578
-0.170056
-0.157929
-0.146135
-0.134618
-0.123331
-0.112227
-0.101269
-0.0904174
-0.0796393
-0.0689032
-0.0581788
-0.0474387
-0.0366592
-0.0258197
-0.0149015
-0.0038868
0.00724505
0.0185193
0.0299631
0.0416052
0.0534761
0.0656042
0.0780169
0.0907472
0.103833
0.117318
0.131255
0.145704
0.160728
0.176396
0.192783
0.209972
0.228057
0.247147
0.267367
0.28886
0.311788
0.336335
0.362714
0.391171
0.421995
0.455533
0.492197
0.532484
0.57699
0.626438
0.681708
0.743886
0.81434
0.894793
0.98747
1.09527
1.22206
1.37299
1.55518
1.77849
2.05688
2.41016
2.86663
3.46658
4.26302
5.31013
6.64812
8.27715
9.8199
-14.6167
-9.90997
-6.76084
-4.91093
-3.68192
-2.84041
-2.2606
-1.84898
-1.5462
-1.31668
-1.13824
-0.996426
-0.881605
-0.787145
-0.708356
-0.641838
-0.585068
-0.536137
-0.493574
-0.456233
-0.423211
-0.393786
-0.367372
-0.343491
-0.321751
-0.301828
-0.283449
-0.266388
-0.250452
-0.235481
-0.221335
-0.207898
-0.19507
-0.182764
-0.170906
-0.159425
-0.148262
-0.137366
-0.126687
-0.116182
-0.105812
-0.095543
-0.0853427
-0.0751804
-0.0650299
-0.0548672
-0.0446688
-0.0344158
-0.0240934
-0.0136866
-0.00317922
0.0074468
0.0182133
0.0291454
0.0402678
0.0516054
0.0631827
0.0750231
0.0871536
0.0996086
0.112428
0.125657
0.139349
0.153563
0.168358
0.183801
0.199965
0.216936
0.23481
0.253698
0.273727
0.295041
0.317804
0.342203
0.368458
0.396826
0.427615
0.461192
0.497996
0.538558
0.583518
0.633656
0.689934
0.753572
0.826112
0.909558
1.00655
1.12065
1.25671
1.4216
1.62527
1.88255
2.21622
2.66266
3.28241
4.1715
5.46002
7.38332
10.6227
15.4401
-23.8882
-12.1109
-6.48566
-4.19845
-2.98748
-2.25245
-1.78513
-1.46807
-1.23879
-1.0653
-0.92974
-0.821192
-0.73259
-0.659131
-0.597418
-0.544973
-0.499939
-0.4609
-0.426754
-0.396636
-0.369857
-0.345864
-0.324205
-0.304512
-0.286477
-0.26985
-0.254417
-0.239998
-0.226443
-0.213621
-0.201426
-0.189763
-0.178553
-0.167728
-0.157228
-0.146998
-0.136992
-0.127168
-0.117485
-0.10791
-0.0984096
-0.0889567
-0.0795246
-0.0700895
-0.0606305
-0.051129
-0.0415689
-0.0319375
-0.0222239
-0.012418
-0.00250777
0.00752224
0.0176903
0.028016
0.0385201
0.0492224
0.0601407
0.0712942
0.0827052
0.0944008
0.106415
0.118787
0.131561
0.144785
0.158512
0.172796
0.1877
0.203295
0.219661
0.236893
0.255095
0.274386
0.294901
0.316795
0.340247
0.365469
0.392713
0.422274
0.454508
0.48984
0.528777
0.571928
0.620049
0.674071
0.735181
0.804895
0.8852
0.978742
1.08913
1.22143
1.38307
1.58541
1.84696
2.20047
2.7094
3.49442
4.77344
7.15667
12.8995
24.8001
0
0
0
0
0
0
0
0
0
0
0
0
0
0
0
0
0
0
0
0
0
0
0
0
0
0
0
0
0
0
0
0
0
0
0
0
0
0
0
0
0
0
0
0
0
0
0
0
0
0
0
0
0
0
0
0
0
0
0
0
0
0
0
0
0
0
0
0
0
0
0
0
0
0
0
0
0
0
0
0
0
0
0
0
0
0
0
0
0
0
0
0
0
0
0
0
0
0
0
0
)
;

boundaryField
{
    obstacleFixedWalls
    {
        type            zeroGradient;
    }
    obstacleFrontAndBack
    {
        type            empty;
    }
    movingWall
    {
        type            zeroGradient;
    }
    fixedWalls
    {
        type            zeroGradient;
    }
    frontAndBack
    {
        type            empty;
    }
}


// ************************************************************************* //
