/*--------------------------------*- C++ -*----------------------------------*\
  =========                 |
  \\      /  F ield         | OpenFOAM: The Open Source CFD Toolbox
   \\    /   O peration     | Website:  https://openfoam.org
    \\  /    A nd           | Version:  11
     \\/     M anipulation  |
\*---------------------------------------------------------------------------*/
FoamFile
{
    format      ascii;
    class       volScalarField;
    location    "0.7";
    object      p;
}
// * * * * * * * * * * * * * * * * * * * * * * * * * * * * * * * * * * * * * //

dimensions      [0 2 -2 0 0 0 0];

internalField   nonuniform List<scalar> 
10100
(
1.25477e-07
-0.00261501
-0.00614127
-0.00774134
-0.00623287
-0.00171124
0.0054602
0.0147117
0.025696
0.0378907
0.0508192
0.0640304
0.0771017
0.0897059
0.101405
0.111973
0.121279
0.129338
0.136383
0.142664
0.148217
0.153131
0.157526
0.161566
0.165552
0.169764
0.174306
0.179139
0.184248
0.189637
0.195266
0.201074
0.207012
0.213047
0.219119
0.225177
0.231253
0.237402
0.24361
0.249819
0.255987
0.262103
0.268139
0.274014
0.279672
0.285139
0.290451
0.295598
0.30053
0.305181
0.309538
0.313653
0.317593
0.32141
0.325186
0.329018
0.332951
0.33696
0.340962
0.344862
0.348657
0.352481
0.356495
0.360738
0.365161
0.369729
0.374402
0.379068
0.383559
0.387788
0.391787
0.395636
0.399381
0.403019
0.406492
0.409694
0.412545
0.415084
0.417435
0.419631
0.421519
0.422857
0.423507
0.423504
0.422973
0.42203
0.420745
0.419142
0.417234
0.415069
0.412751
0.410438
0.408254
0.406254
0.404465
0.402914
0.401631
0.400742
0.400399
0.400639
-0.00211193
-0.00019489
0.000484602
0.0020074
0.00525646
0.010312
0.0169554
0.0250292
0.0343071
0.0445906
0.0555123
0.0667636
0.0781032
0.0891731
0.0997031
0.10945
0.118193
0.125941
0.132775
0.138869
0.144493
0.149744
0.15464
0.159242
0.163692
0.168185
0.17289
0.17787
0.183145
0.188716
0.194512
0.200435
0.20644
0.212477
0.218477
0.224432
0.230406
0.236467
0.242592
0.248705
0.254778
0.260815
0.266757
0.27253
0.278131
0.283584
0.288895
0.294057
0.299012
0.303698
0.308129
0.312356
0.316386
0.320272
0.324153
0.328123
0.332154
0.336182
0.340136
0.343928
0.347563
0.351206
0.355031
0.359054
0.363202
0.36747
0.371862
0.376261
0.380489
0.384479
0.38831
0.392089
0.395848
0.399544
0.403081
0.40633
0.409226
0.411857
0.414386
0.416839
0.419011
0.42063
0.421589
0.42197
0.4219
0.421431
0.420577
0.419378
0.417896
0.41618
0.414281
0.412279
0.410287
0.408397
0.40662
0.404902
0.40323
0.401796
0.400782
0.400164
-0.00623793
0.000344108
0.00472503
0.00899688
0.0138195
0.0194074
0.0258582
0.033182
0.0413506
0.0502435
0.0596981
0.0695107
0.0794419
0.0892698
0.0987774
0.107695
0.115959
0.1234
0.130057
0.136064
0.141645
0.146977
0.152124
0.157068
0.161844
0.166579
0.171419
0.176493
0.181869
0.187531
0.193406
0.19941
0.205482
0.21154
0.217511
0.22343
0.229385
0.235406
0.241474
0.247548
0.253589
0.259587
0.265481
0.271196
0.276767
0.282256
0.287623
0.29281
0.297795
0.302544
0.307049
0.311339
0.315418
0.319341
0.323269
0.327321
0.33144
0.335483
0.339357
0.343027
0.346542
0.350046
0.353681
0.357474
0.361391
0.365443
0.369626
0.373822
0.377863
0.38171
0.385471
0.38925
0.393044
0.396764
0.400286
0.403493
0.406364
0.409038
0.411697
0.41433
0.416673
0.418441
0.419584
0.420263
0.420598
0.42054
0.420013
0.419082
0.417912
0.416606
0.415129
0.413428
0.411573
0.409696
0.407818
0.405838
0.403749
0.401774
0.400038
0.398355
-0.00850514
0.00157733
0.00885011
0.0152562
0.0213995
0.0273709
0.033633
0.0403233
0.0475697
0.0554206
0.0637206
0.0723151
0.0811083
0.0898706
0.0983977
0.106533
0.114177
0.121286
0.127847
0.133892
0.139521
0.144902
0.150117
0.155176
0.16013
0.165054
0.170034
0.175199
0.180643
0.186343
0.192243
0.198288
0.2044
0.210486
0.216483
0.222427
0.228399
0.234399
0.240402
0.24642
0.252438
0.258399
0.264238
0.269923
0.275501
0.281017
0.286422
0.291645
0.296659
0.301453
0.306033
0.310392
0.314513
0.318479
0.322489
0.326637
0.330806
0.334837
0.338665
0.34228
0.345719
0.349109
0.35258
0.35617
0.35988
0.363759
0.367808
0.371872
0.37578
0.379542
0.383316
0.387176
0.391025
0.394712
0.398132
0.401237
0.404055
0.406737
0.409447
0.412142
0.414527
0.416326
0.417559
0.418455
0.41912
0.419398
0.41912
0.418382
0.417472
0.416554
0.415495
0.414083
0.41232
0.410374
0.408313
0.406066
0.403633
0.401193
0.398834
0.396156
-0.00725114
0.00470932
0.0136299
0.0214423
0.0283176
0.0345124
0.0404962
0.0466505
0.0531699
0.0601127
0.0675061
0.0751725
0.0829778
0.0908934
0.0986562
0.106139
0.113219
0.119954
0.126328
0.132379
0.138139
0.143623
0.148871
0.153973
0.158993
0.163982
0.169046
0.174301
0.179799
0.185521
0.191446
0.19753
0.203664
0.20975
0.215774
0.221762
0.227732
0.233682
0.239619
0.245562
0.251505
0.257398
0.263172
0.268819
0.274406
0.279935
0.285319
0.290531
0.295585
0.300434
0.305041
0.30942
0.31359
0.317639
0.321743
0.325963
0.330157
0.334174
0.337982
0.341586
0.345003
0.348326
0.351676
0.355112
0.358678
0.362453
0.36643
0.370424
0.374266
0.378016
0.381862
0.385829
0.389723
0.393341
0.396622
0.399604
0.402358
0.405014
0.407691
0.410323
0.412628
0.414379
0.41565
0.416694
0.417576
0.41806
0.417932
0.417339
0.416667
0.416096
0.415396
0.414223
0.412514
0.410458
0.408189
0.405728
0.403084
0.400339
0.39744
0.393891
-0.00235968
0.0100444
0.0194682
0.0277096
0.0348321
0.0408879
0.0465462
0.0521866
0.0580416
0.0642914
0.0709445
0.0778666
0.0849535
0.0921323
0.0992812
0.106277
0.113005
0.119428
0.125608
0.131571
0.137346
0.14292
0.148258
0.153416
0.158469
0.163498
0.168624
0.173929
0.179449
0.185206
0.191181
0.197285
0.20341
0.20949
0.21551
0.221481
0.227392
0.233248
0.239105
0.244978
0.250817
0.256597
0.262312
0.267949
0.273523
0.279013
0.284352
0.289546
0.294623
0.299507
0.304128
0.308512
0.312717
0.316842
0.32103
0.325295
0.329477
0.333464
0.337274
0.340909
0.344338
0.347623
0.350901
0.354265
0.357773
0.361502
0.365437
0.369396
0.373228
0.377019
0.38096
0.385017
0.388916
0.392432
0.395574
0.398469
0.401203
0.403832
0.406402
0.408854
0.41099
0.41267
0.413993
0.415164
0.416177
0.416756
0.416715
0.41627
0.415837
0.415544
0.415074
0.414019
0.412299
0.410114
0.407659
0.405052
0.402271
0.399278
0.395906
0.391645
0.00561899
0.017315
0.0264384
0.0344601
0.0413097
0.0470172
0.0522179
0.0572808
0.0625432
0.0681366
0.0740996
0.0804347
0.0869869
0.0935669
0.100199
0.10677
0.113233
0.119478
0.125518
0.131381
0.137094
0.142653
0.148033
0.15325
0.15836
0.163449
0.16863
0.173978
0.179523
0.185306
0.191301
0.197386
0.203467
0.209518
0.215494
0.221366
0.22716
0.232918
0.238686
0.244471
0.250225
0.255939
0.261621
0.26725
0.27281
0.278264
0.283559
0.288735
0.293832
0.298746
0.303378
0.307774
0.312019
0.316204
0.320431
0.324679
0.328802
0.332744
0.33657
0.340258
0.343711
0.346967
0.350208
0.353567
0.357086
0.360805
0.364701
0.368623
0.372461
0.37632
0.380359
0.384471
0.388317
0.3917
0.394737
0.397634
0.400426
0.403034
0.405437
0.407644
0.4096
0.411248
0.412656
0.413936
0.41502
0.415651
0.415708
0.415441
0.415227
0.415109
0.414717
0.413666
0.411902
0.409624
0.407063
0.404366
0.401449
0.398172
0.394359
0.389526
0.0158213
0.0261226
0.0343519
0.041675
0.0479263
0.053077
0.0576571
0.0621853
0.066845
0.0717803
0.0771441
0.0829127
0.0889611
0.0951761
0.101429
0.107656
0.113835
0.119936
0.125882
0.131655
0.137277
0.142765
0.148124
0.153349
0.158489
0.163637
0.168869
0.174248
0.179824
0.185611
0.191568
0.197589
0.203586
0.209538
0.215409
0.221158
0.22682
0.232475
0.23818
0.243914
0.249622
0.255325
0.261037
0.26669
0.272232
0.277647
0.282925
0.288124
0.293252
0.298174
0.302809
0.30724
0.311549
0.315768
0.319955
0.324105
0.328126
0.332018
0.335862
0.339595
0.343062
0.346302
0.349549
0.352955
0.35652
0.360233
0.364081
0.367971
0.371836
0.375779
0.379902
0.384026
0.38779
0.391063
0.394077
0.39707
0.399967
0.402533
0.404711
0.406648
0.408463
0.410135
0.411629
0.412943
0.414004
0.414653
0.414837
0.41477
0.414722
0.414666
0.414264
0.413217
0.41149
0.40924
0.406686
0.403946
0.400849
0.39723
0.392997
0.387714
0.02767
0.0360338
0.042963
0.0492058
0.0546383
0.0590512
0.0629819
0.0668687
0.0709708
0.0754057
0.0802189
0.0854441
0.091071
0.0969896
0.102963
0.108957
0.114897
0.120795
0.126584
0.13223
0.137736
0.143119
0.148399
0.153585
0.158726
0.163904
0.169166
0.17456
0.180152
0.18593
0.191802
0.197696
0.20358
0.209406
0.215108
0.220696
0.226267
0.231882
0.23755
0.243249
0.248969
0.254744
0.26053
0.266193
0.271694
0.277084
0.282387
0.287627
0.292772
0.297688
0.302339
0.306835
0.311208
0.31541
0.31948
0.323477
0.327386
0.331238
0.335091
0.338838
0.342305
0.345563
0.348884
0.35239
0.356002
0.359686
0.363498
0.367421
0.371387
0.375429
0.379592
0.383688
0.387394
0.39065
0.393739
0.39687
0.399847
0.402313
0.40422
0.40588
0.407571
0.409268
0.41079
0.412031
0.412974
0.413607
0.41394
0.414085
0.414165
0.414122
0.413729
0.412784
0.411218
0.4091
0.406593
0.403786
0.400466
0.396524
0.391976
0.386406
0.0405283
0.0466868
0.0519847
0.0569696
0.0613131
0.0649346
0.068168
0.0713611
0.0749287
0.0789615
0.0833739
0.0881855
0.0934596
0.099059
0.104817
0.110581
0.1163
0.121961
0.127521
0.132952
0.138278
0.143519
0.148686
0.153819
0.158954
0.164131
0.169419
0.174862
0.180452
0.186154
0.191931
0.19772
0.203452
0.209084
0.214606
0.220085
0.225603
0.23118
0.23682
0.242537
0.248329
0.254184
0.260002
0.265636
0.271094
0.276474
0.281792
0.287039
0.29218
0.297107
0.301814
0.306392
0.310799
0.314925
0.318835
0.32268
0.326506
0.330332
0.334176
0.337916
0.341401
0.34474
0.348202
0.351833
0.355479
0.359133
0.362969
0.367038
0.371195
0.375345
0.379493
0.383533
0.387243
0.390585
0.393799
0.397019
0.399979
0.402285
0.403929
0.40534
0.406897
0.408562
0.41004
0.411157
0.411976
0.412619
0.413132
0.4135
0.413697
0.413672
0.413329
0.412538
0.411147
0.409115
0.406584
0.403662
0.400164
0.39605
0.391394
0.385743
0.053823
0.0576206
0.0611801
0.064743
0.0679413
0.0706783
0.0731821
0.0757815
0.0787788
0.0823697
0.0864911
0.0910546
0.0960387
0.101325
0.106817
0.112312
0.117781
0.123172
0.128447
0.133605
0.138718
0.143818
0.148872
0.153929
0.159077
0.164323
0.169658
0.175116
0.180703
0.186367
0.192046
0.197682
0.20323
0.208684
0.214069
0.219456
0.224913
0.230446
0.236081
0.241845
0.247703
0.253581
0.259357
0.264919
0.270329
0.275692
0.280987
0.286191
0.291314
0.296294
0.301107
0.305767
0.31016
0.314169
0.317938
0.321694
0.32548
0.329271
0.333085
0.336839
0.34041
0.343888
0.347496
0.351228
0.35491
0.358594
0.362552
0.366852
0.371236
0.375473
0.37957
0.383553
0.387313
0.390786
0.394095
0.397299
0.400139
0.402269
0.403731
0.404988
0.406441
0.408041
0.40945
0.410492
0.411288
0.412031
0.412748
0.413307
0.413585
0.413566
0.413263
0.412559
0.411224
0.409161
0.406544
0.403536
0.399998
0.395917
0.391352
0.385796
0.0670271
0.0684903
0.0702992
0.0723624
0.0743975
0.0762117
0.0780622
0.080118
0.0825876
0.0857233
0.0895414
0.0938811
0.0985769
0.103571
0.108719
0.113921
0.119081
0.124131
0.129111
0.134063
0.138985
0.143901
0.148881
0.153974
0.15917
0.164459
0.16986
0.175378
0.180971
0.18657
0.192129
0.197604
0.202975
0.208273
0.213545
0.218852
0.224242
0.22973
0.235368
0.241173
0.247045
0.252868
0.258543
0.264016
0.269374
0.274691
0.279913
0.285054
0.290193
0.295281
0.300215
0.304923
0.309267
0.313183
0.316885
0.320617
0.32438
0.32812
0.331907
0.335733
0.339454
0.343076
0.346764
0.350542
0.354295
0.358108
0.362267
0.366805
0.371375
0.375663
0.379699
0.383633
0.387441
0.391013
0.394353
0.397465
0.400149
0.402158
0.403567
0.404806
0.406236
0.407796
0.409169
0.410219
0.411101
0.412007
0.412901
0.413565
0.413852
0.413805
0.413504
0.412815
0.411453
0.409333
0.406688
0.403709
0.400265
0.39634
0.391963
0.3866
0.0796836
0.0790289
0.0790787
0.0797218
0.0805543
0.0815012
0.0827303
0.084276
0.0863414
0.0890967
0.0925555
0.0965492
0.100919
0.105614
0.110412
0.115223
0.120014
0.124799
0.129547
0.134271
0.139034
0.143883
0.148864
0.153988
0.159232
0.164589
0.170059
0.175605
0.181161
0.186668
0.192095
0.197409
0.202623
0.207801
0.212986
0.218217
0.223547
0.229015
0.234669
0.24048
0.2463
0.252025
0.257606
0.26301
0.268297
0.273522
0.278657
0.283778
0.288995
0.294206
0.29922
0.303938
0.308257
0.312154
0.315851
0.319582
0.323323
0.32703
0.330835
0.334771
0.338644
0.34235
0.34604
0.349832
0.353699
0.357719
0.362101
0.366826
0.37151
0.375821
0.379808
0.383694
0.387512
0.391119
0.394443
0.397467
0.400058
0.402046
0.403517
0.404841
0.406314
0.407864
0.409223
0.410306
0.41129
0.412336
0.413336
0.414022
0.414262
0.414179
0.413887
0.413223
0.411885
0.409832
0.407316
0.404495
0.401208
0.39746
0.393286
0.38817
0.0913855
0.0888298
0.0872904
0.0865334
0.0863193
0.0864479
0.087011
0.088151
0.0899218
0.0923361
0.0954079
0.0990481
0.103095
0.107355
0.111774
0.116254
0.120729
0.125243
0.129802
0.134395
0.139066
0.143886
0.148883
0.154031
0.1593
0.164683
0.170157
0.175662
0.181126
0.186505
0.191785
0.196963
0.202072
0.207173
0.212293
0.217474
0.222792
0.22828
0.233944
0.239718
0.245464
0.251116
0.256646
0.261989
0.267182
0.272307
0.277396
0.282557
0.28787
0.293162
0.298207
0.302933
0.307282
0.31122
0.314936
0.318664
0.322413
0.326156
0.330031
0.334069
0.338034
0.341763
0.345424
0.34924
0.353255
0.3575
0.362085
0.366937
0.371684
0.376007
0.379963
0.383803
0.387593
0.391195
0.394501
0.397487
0.400069
0.402122
0.403716
0.40515
0.406662
0.40819
0.409517
0.410598
0.411628
0.412737
0.413772
0.41444
0.41464
0.414545
0.414289
0.413704
0.412506
0.410685
0.408454
0.405874
0.402765
0.399206
0.395266
0.390462
0.101555
0.097515
0.0946359
0.0925743
0.0913756
0.0908353
0.0909018
0.0916433
0.0930957
0.0952833
0.0980706
0.101321
0.104975
0.108872
0.112932
0.117065
0.121299
0.125642
0.13006
0.134553
0.13918
0.143997
0.148982
0.154089
0.15931
0.164644
0.170039
0.175418
0.18073
0.185962
0.191125
0.196221
0.201273
0.206336
0.211437
0.216629
0.22198
0.227492
0.233145
0.238882
0.244586
0.250206
0.255696
0.26097
0.266076
0.271143
0.276233
0.281439
0.286806
0.29213
0.297185
0.301938
0.306352
0.31036
0.314111
0.317868
0.321694
0.325555
0.329538
0.33365
0.337653
0.341391
0.345053
0.348931
0.353109
0.357564
0.362315
0.367254
0.372038
0.376367
0.380299
0.384093
0.387846
0.391435
0.394733
0.397714
0.400328
0.402476
0.404195
0.405713
0.407231
0.408713
0.409997
0.411066
0.412104
0.413219
0.414249
0.4149
0.415089
0.415004
0.414787
0.41429
0.413287
0.411779
0.409887
0.407577
0.404688
0.401391
0.397778
0.393371
0.109866
0.1047
0.100722
0.0976256
0.0955907
0.0945321
0.0942343
0.0946933
0.0959195
0.0978542
0.100377
0.103347
0.106616
0.110153
0.113873
0.117756
0.121824
0.126027
0.130333
0.134778
0.139406
0.144195
0.149089
0.154089
0.159213
0.164424
0.169646
0.174834
0.179989
0.185114
0.190205
0.195254
0.200286
0.205363
0.210503
0.215735
0.221111
0.22662
0.232255
0.237975
0.243666
0.249258
0.254697
0.259906
0.264959
0.270008
0.275105
0.280319
0.285687
0.291018
0.29609
0.30088
0.305368
0.309471
0.313314
0.317177
0.321161
0.325205
0.329326
0.333506
0.337548
0.34133
0.345055
0.349035
0.353369
0.358002
0.362883
0.367873
0.372655
0.376961
0.380851
0.384593
0.388308
0.39188
0.395166
0.398131
0.40076
0.40299
0.404827
0.406424
0.407949
0.409409
0.410701
0.411822
0.412908
0.414037
0.415048
0.415685
0.415885
0.415819
0.415619
0.415182
0.414345
0.413106
0.411508
0.409464
0.406867
0.403937
0.40075
0.396822
0.116211
0.110097
0.105418
0.101555
0.0988449
0.0974478
0.0969855
0.0972562
0.0983094
0.100055
0.102338
0.105006
0.107931
0.11114
0.114591
0.118289
0.122198
0.126288
0.130561
0.135018
0.139631
0.144339
0.149125
0.15402
0.15901
0.164027
0.169034
0.174052
0.1791
0.184154
0.189195
0.194222
0.199271
0.204389
0.209563
0.214803
0.220162
0.225645
0.231255
0.236957
0.242624
0.248178
0.25357
0.258736
0.263762
0.268803
0.273896
0.279089
0.284433
0.289766
0.294867
0.299705
0.30428
0.308527
0.312549
0.316608
0.320813
0.325082
0.329373
0.333653
0.337776
0.341656
0.345492
0.34959
0.354057
0.35882
0.363777
0.36876
0.373477
0.377703
0.381518
0.385195
0.388862
0.392401
0.395645
0.398561
0.401182
0.403491
0.405467
0.407185
0.408773
0.410282
0.411675
0.412945
0.414154
0.415326
0.416323
0.416951
0.417178
0.417152
0.416979
0.416586
0.415871
0.414831
0.41347
0.411698
0.409452
0.406953
0.404234
0.400817
0.120743
0.113881
0.108628
0.104381
0.101292
0.0995996
0.0990696
0.0993176
0.100239
0.101789
0.103822
0.106162
0.108794
0.111712
0.114938
0.118457
0.122242
0.126307
0.13062
0.135102
0.139684
0.144334
0.149065
0.153872
0.158699
0.163515
0.168357
0.173274
0.178252
0.183243
0.188243
0.193267
0.198337
0.203464
0.208615
0.213807
0.219115
0.224556
0.230127
0.235791
0.241422
0.246943
0.25231
0.257456
0.262466
0.267501
0.272592
0.277766
0.283081
0.288415
0.293558
0.298466
0.303164
0.307612
0.311881
0.316192
0.320647
0.325162
0.329655
0.334076
0.338318
0.342334
0.346308
0.350522
0.355087
0.359921
0.364883
0.369785
0.374372
0.378479
0.38221
0.385827
0.389443
0.392924
0.396095
0.398946
0.401567
0.403984
0.406142
0.408033
0.409743
0.411362
0.41291
0.41437
0.415731
0.416955
0.417936
0.418563
0.418844
0.418899
0.418795
0.418483
0.417906
0.417071
0.415965
0.414504
0.412641
0.410572
0.408298
0.405378
0.123833
0.116374
0.110669
0.106242
0.103021
0.101173
0.100545
0.100765
0.101577
0.102916
0.104662
0.1067
0.109048
0.11171
0.114734
0.118112
0.121862
0.125979
0.130355
0.134868
0.139463
0.144133
0.148858
0.153577
0.158254
0.162937
0.167703
0.172568
0.177483
0.18241
0.187376
0.192396
0.197453
0.202535
0.207614
0.21273
0.217978
0.223374
0.228908
0.234539
0.240142
0.245645
0.251005
0.256152
0.261161
0.2662
0.2713
0.276464
0.281751
0.287085
0.292287
0.297298
0.302148
0.306819
0.311355
0.315922
0.32062
0.325378
0.330084
0.334664
0.339041
0.343207
0.347336
0.351669
0.356307
0.361161
0.366069
0.370843
0.375286
0.379297
0.38299
0.386589
0.390166
0.393578
0.396668
0.399469
0.402129
0.404694
0.407063
0.409143
0.410983
0.41271
0.414398
0.416014
0.417481
0.418721
0.419678
0.420318
0.420677
0.420837
0.420832
0.420646
0.420276
0.419735
0.418973
0.41788
0.416404
0.414739
0.412873
0.410427
0.125767
0.117859
0.111872
0.107345
0.104108
0.10219
0.101434
0.101535
0.102204
0.103317
0.104783
0.106567
0.108644
0.111093
0.113965
0.117286
0.121077
0.125258
0.129685
0.134254
0.138927
0.143661
0.148374
0.153007
0.157599
0.162249
0.167003
0.171827
0.176676
0.181551
0.186496
0.1915
0.196512
0.20152
0.206524
0.211584
0.216801
0.222181
0.227703
0.233322
0.238916
0.24441
0.249774
0.254941
0.25997
0.265021
0.27013
0.275288
0.280551
0.285894
0.291169
0.296293
0.301286
0.306157
0.310932
0.315728
0.320636
0.325606
0.330506
0.335239
0.339754
0.344087
0.348393
0.352867
0.357579
0.362437
0.367276
0.371939
0.376296
0.380296
0.384031
0.387657
0.391208
0.394549
0.397572
0.400364
0.40311
0.405848
0.408416
0.410653
0.41259
0.4144
0.416188
0.417901
0.419407
0.420625
0.421554
0.422222
0.422665
0.422914
0.422992
0.422943
0.422831
0.422659
0.422305
0.4216
0.420505
0.419232
0.417759
0.415779
0.126518
0.118582
0.112423
0.107775
0.104545
0.102578
0.101683
0.101611
0.102108
0.103015
0.10427
0.10584
0.107714
0.110017
0.112816
0.116147
0.119968
0.124162
0.128621
0.133264
0.138018
0.142776
0.147441
0.152028
0.156632
0.161324
0.166083
0.170863
0.175667
0.180528
0.185473
0.190453
0.19541
0.200362
0.205339
0.210407
0.215653
0.221058
0.226587
0.232206
0.237797
0.243286
0.248657
0.253852
0.258908
0.263966
0.269081
0.274241
0.279501
0.284868
0.290218
0.29544
0.300542
0.305566
0.31054
0.315528
0.320602
0.325735
0.330799
0.335682
0.340359
0.344892
0.349412
0.354055
0.358863
0.363745
0.368556
0.373177
0.377538
0.381613
0.385443
0.389105
0.392605
0.395863
0.398842
0.401674
0.404541
0.407447
0.410175
0.412527
0.414544
0.416438
0.41833
0.420127
0.421652
0.422836
0.423745
0.424453
0.424974
0.425289
0.425426
0.425501
0.425641
0.425818
0.425827
0.425466
0.424737
0.423863
0.422786
0.421266
0.126131
0.118507
0.11234
0.107559
0.10425
0.10224
0.101235
0.101024
0.101392
0.102176
0.103307
0.104728
0.106513
0.108755
0.111524
0.11483
0.118597
0.122752
0.127216
0.131885
0.136631
0.141336
0.145967
0.150594
0.155287
0.160037
0.164791
0.169551
0.174365
0.179256
0.184206
0.189153
0.194072
0.199027
0.204059
0.209208
0.214525
0.219968
0.2255
0.231108
0.236693
0.242178
0.247548
0.252762
0.257841
0.262912
0.268053
0.273256
0.278549
0.283955
0.289375
0.294681
0.299871
0.305024
0.310172
0.315329
0.320538
0.325796
0.331002
0.336052
0.340936
0.345718
0.350484
0.355315
0.360238
0.365179
0.370014
0.374657
0.379078
0.383254
0.387166
0.390818
0.394224
0.397383
0.400342
0.403256
0.40627
0.40933
0.412185
0.414638
0.416759
0.418788
0.420832
0.42274
0.424291
0.425448
0.426345
0.427096
0.427687
0.428071
0.428287
0.428499
0.428852
0.42928
0.429536
0.429447
0.429073
0.4286
0.427914
0.426827
0.124704
0.117484
0.11148
0.10661
0.103173
0.101139
0.100116
0.0998748
0.100213
0.10098
0.102081
0.103479
0.105259
0.107474
0.110177
0.113365
0.117013
0.121083
0.125478
0.130058
0.134703
0.139352
0.144027
0.148767
0.153553
0.158333
0.163096
0.167892
0.17276
0.177674
0.182598
0.187509
0.192442
0.197481
0.202636
0.207894
0.213278
0.218746
0.22427
0.22986
0.235435
0.240907
0.246265
0.251495
0.256619
0.261748
0.266973
0.272281
0.277655
0.283117
0.288612
0.294016
0.299318
0.304612
0.309931
0.315244
0.320575
0.325949
0.3313
0.336539
0.341661
0.346714
0.351729
0.356739
0.361771
0.366782
0.371668
0.376352
0.380821
0.385054
0.38899
0.392591
0.39589
0.398973
0.401964
0.405011
0.408198
0.411412
0.414392
0.416972
0.419254
0.421478
0.423706
0.425723
0.427285
0.428397
0.429267
0.430043
0.4307
0.431177
0.431519
0.431896
0.432426
0.433014
0.433438
0.433594
0.433568
0.433482
0.433156
0.432449
0.122327
0.115466
0.109687
0.104847
0.101381
0.0993775
0.0984337
0.0982688
0.0986909
0.0995501
0.100718
0.102185
0.103968
0.106125
0.108705
0.111731
0.115224
0.119141
0.123365
0.127781
0.132331
0.137001
0.141782
0.146622
0.151451
0.156253
0.161064
0.165922
0.17081
0.175679
0.180543
0.185455
0.190479
0.195667
0.200965
0.206315
0.211745
0.217236
0.222765
0.228346
0.233907
0.23936
0.244711
0.249993
0.255231
0.260499
0.265877
0.271342
0.276835
0.282379
0.28797
0.29351
0.298968
0.304429
0.309914
0.315372
0.320821
0.326317
0.331819
0.337242
0.342584
0.347872
0.353093
0.358244
0.363358
0.368422
0.373342
0.378042
0.382518
0.38676
0.390693
0.394261
0.397523
0.400631
0.403749
0.406999
0.410395
0.413786
0.416924
0.419684
0.422183
0.42463
0.427023
0.429098
0.430614
0.431638
0.432453
0.433235
0.433947
0.434517
0.434989
0.435513
0.436176
0.43689
0.437488
0.43791
0.438221
0.438475
0.438443
0.438037
0.11923
0.112591
0.107023
0.102365
0.0990023
0.0970919
0.0962957
0.0962886
0.0968744
0.0978839
0.099176
0.100706
0.102469
0.104546
0.106993
0.109858
0.113164
0.116863
0.120881
0.125173
0.129712
0.134455
0.139313
0.144184
0.149022
0.15386
0.158724
0.163583
0.168391
0.173158
0.177992
0.182988
0.188171
0.193525
0.19895
0.204382
0.209872
0.215422
0.22099
0.22657
0.232117
0.237567
0.242955
0.248361
0.253799
0.259276
0.264842
0.270475
0.276102
0.281754
0.287472
0.293175
0.298811
0.304443
0.310081
0.315661
0.321216
0.32683
0.332467
0.338033
0.343526
0.348975
0.354343
0.359593
0.36476
0.369849
0.374776
0.379469
0.383943
0.38821
0.392192
0.395824
0.399182
0.402453
0.405811
0.409329
0.412966
0.416558
0.419898
0.422894
0.425651
0.428317
0.430828
0.432902
0.434334
0.435265
0.436036
0.436828
0.437578
0.438193
0.438719
0.439301
0.440037
0.440872
0.441671
0.442357
0.442948
0.44345
0.443601
0.443394
0.115697
0.109156
0.103767
0.0993639
0.0961739
0.0944052
0.0937858
0.0939714
0.0947219
0.0958616
0.0972661
0.0988289
0.100577
0.102587
0.104921
0.107628
0.110725
0.114216
0.118101
0.12236
0.126937
0.131717
0.136573
0.141428
0.14628
0.151147
0.155988
0.160739
0.165412
0.170119
0.175025
0.18019
0.185556
0.19106
0.19661
0.20216
0.207768
0.213422
0.219041
0.224616
0.23016
0.235655
0.241153
0.246749
0.252431
0.258128
0.263862
0.269636
0.275391
0.281164
0.287022
0.292884
0.298681
0.304465
0.310239
0.315929
0.321576
0.327284
0.333018
0.338674
0.344259
0.34982
0.355306
0.360649
0.365865
0.370971
0.375901
0.380606
0.385134
0.389514
0.393652
0.397461
0.40102
0.404544
0.408197
0.412004
0.415877
0.419667
0.423221
0.42648
0.429512
0.432385
0.434988
0.437047
0.438426
0.43933
0.440123
0.440959
0.441734
0.442331
0.442809
0.443356
0.444114
0.44505
0.446013
0.446875
0.447624
0.448235
0.448442
0.448328
0.111909
0.105456
0.100217
0.096052
0.0930683
0.091453
0.0909737
0.0912992
0.092157
0.0933828
0.0948513
0.0964477
0.0981944
0.10015
0.102377
0.104924
0.107846
0.111214
0.115055
0.11932
0.1239
0.128651
0.133465
0.138313
0.143179
0.148013
0.152736
0.15734
0.161945
0.166725
0.171811
0.177178
0.182711
0.188362
0.194079
0.199813
0.205584
0.211348
0.217004
0.22257
0.228144
0.233754
0.239425
0.245228
0.251125
0.256997
0.262856
0.268737
0.274604
0.280497
0.286483
0.292479
0.298407
0.304329
0.310241
0.316048
0.321785
0.327567
0.33337
0.339097
0.344776
0.35047
0.356109
0.361581
0.366875
0.372018
0.376978
0.381748
0.386416
0.391009
0.395388
0.399423
0.403194
0.406947
0.410853
0.414902
0.418967
0.422919
0.426662
0.430164
0.433452
0.43652
0.439216
0.441298
0.442696
0.443659
0.444536
0.445437
0.446215
0.446756
0.447154
0.447654
0.448425
0.449415
0.450427
0.451315
0.452075
0.45267
0.45285
0.45275
0.107955
0.101686
0.0966059
0.0926439
0.0898536
0.0883392
0.0879129
0.0882904
0.0892034
0.0904792
0.0919639
0.0935782
0.0953022
0.0971854
0.0992973
0.101708
0.104526
0.107846
0.111669
0.115912
0.120451
0.125158
0.129957
0.134811
0.139651
0.144385
0.148977
0.153524
0.158213
0.163184
0.16848
0.174023
0.179708
0.185537
0.191477
0.197431
0.203352
0.209191
0.214877
0.22047
0.226139
0.231928
0.237798
0.24378
0.249828
0.255824
0.261787
0.267773
0.273747
0.27975
0.285853
0.291968
0.298024
0.304092
0.310162
0.316105
0.321934
0.327784
0.33366
0.339491
0.345328
0.351228
0.357081
0.362723
0.368126
0.373334
0.378358
0.383245
0.388112
0.392959
0.397582
0.4018
0.405709
0.4096
0.413672
0.417893
0.422106
0.426188
0.430086
0.433788
0.437288
0.440523
0.44332
0.445468
0.446941
0.447997
0.448949
0.449866
0.450599
0.45107
0.451427
0.451935
0.452736
0.453715
0.454655
0.455453
0.456134
0.456664
0.456811
0.456704
0.103938
0.0979734
0.093092
0.089288
0.0866184
0.0851423
0.0847051
0.0850802
0.0860085
0.0872741
0.0887205
0.0902849
0.0919338
0.0937146
0.0957058
0.0980159
0.100778
0.104067
0.107858
0.112062
0.116573
0.121278
0.126092
0.130934
0.135697
0.140329
0.144887
0.149531
0.154416
0.159593
0.165048
0.170724
0.176576
0.182625
0.188808
0.194953
0.200975
0.206873
0.212636
0.218349
0.224195
0.230199
0.236262
0.242386
0.248553
0.254667
0.260758
0.266872
0.272962
0.279073
0.285294
0.291544
0.297752
0.303987
0.310217
0.316284
0.322194
0.328111
0.334084
0.340075
0.346141
0.352307
0.358399
0.364211
0.369718
0.375003
0.380118
0.385147
0.390213
0.39528
0.400083
0.404409
0.408385
0.412362
0.41657
0.420951
0.425312
0.429528
0.433571
0.437445
0.441118
0.444493
0.447388
0.449618
0.451174
0.452296
0.453251
0.45409
0.454709
0.455095
0.45544
0.455982
0.456786
0.457689
0.458502
0.459186
0.459792
0.460287
0.460432
0.460323
0.0999587
0.0943685
0.0897136
0.0860169
0.0834018
0.0819579
0.0815069
0.0818419
0.0827131
0.0838816
0.0852204
0.086653
0.0881708
0.0898203
0.091693
0.0939242
0.0966379
0.0998894
0.103655
0.107856
0.112384
0.117114
0.121927
0.126716
0.131404
0.136018
0.140676
0.14551
0.15059
0.155904
0.161457
0.167263
0.173313
0.179595
0.185986
0.192272
0.19838
0.20439
0.210341
0.216285
0.222367
0.228588
0.234825
0.241087
0.247389
0.253659
0.259916
0.266182
0.272393
0.278616
0.28497
0.29138
0.297759
0.304152
0.310499
0.316632
0.322583
0.328562
0.334655
0.340844
0.347171
0.353603
0.359903
0.36584
0.371426
0.376795
0.382027
0.387209
0.392446
0.397669
0.402584
0.406985
0.411045
0.415167
0.419582
0.424183
0.428735
0.433108
0.437303
0.441338
0.445167
0.448665
0.451647
0.453947
0.455564
0.456706
0.457602
0.458305
0.458768
0.45905
0.459351
0.459859
0.460583
0.461364
0.462071
0.46269
0.46327
0.463766
0.463897
0.463747
0.0960178
0.0908033
0.0863848
0.0827944
0.0802347
0.0788356
0.0783745
0.0786212
0.0793491
0.0803568
0.0815254
0.0827746
0.0841194
0.085621
0.0873866
0.0895478
0.0922126
0.0954419
0.0992194
0.10345
0.108002
0.112726
0.11749
0.122217
0.126896
0.131605
0.136437
0.141446
0.146645
0.152036
0.157685
0.163656
0.16992
0.176398
0.18294
0.189354
0.195611
0.201843
0.208091
0.214332
0.220657
0.227069
0.23347
0.239898
0.246381
0.252842
0.259282
0.265699
0.272035
0.278386
0.284895
0.291475
0.298011
0.304514
0.310904
0.31703
0.322983
0.329025
0.335256
0.341649
0.348215
0.354867
0.361319
0.367345
0.373009
0.378494
0.383889
0.389251
0.394646
0.399986
0.404995
0.409513
0.413764
0.418166
0.422905
0.427799
0.432565
0.437085
0.441409
0.44558
0.449542
0.45314
0.456186
0.458525
0.460165
0.461295
0.462117
0.462694
0.46302
0.463189
0.463387
0.463767
0.464344
0.465011
0.465663
0.466263
0.466834
0.467296
0.467338
0.467036
0.0920388
0.0871481
0.0829763
0.0795369
0.0770555
0.0756834
0.0751875
0.0753161
0.0758708
0.076701
0.0776671
0.078715
0.079875
0.0812372
0.0829139
0.0850143
0.087644
0.0908721
0.0946667
0.0989017
0.103425
0.108087
0.112786
0.117501
0.122265
0.127135
0.132134
0.137258
0.142529
0.148009
0.153801
0.159958
0.166405
0.173018
0.17968
0.186268
0.192778
0.199327
0.205904
0.212421
0.218947
0.225525
0.232103
0.238736
0.245437
0.252099
0.258709
0.265274
0.271757
0.278282
0.284978
0.291726
0.29838
0.304937
0.311314
0.3174
0.323354
0.329474
0.335853
0.342432
0.349185
0.355993
0.362558
0.368684
0.374481
0.380153
0.385773
0.391355
0.396926
0.402398
0.407543
0.412269
0.416839
0.421641
0.426771
0.431958
0.436891
0.441496
0.445886
0.450141
0.454185
0.457838
0.460898
0.463228
0.46485
0.465943
0.466697
0.467177
0.467396
0.467455
0.467527
0.467765
0.468223
0.468827
0.469448
0.470014
0.470519
0.470848
0.470702
0.470127
0.0879397
0.0832806
0.0793348
0.0760745
0.0736692
0.0723015
0.0717713
0.0718127
0.0722286
0.0728809
0.0736446
0.0745009
0.0755014
0.0767508
0.078348
0.0803902
0.0829878
0.0861965
0.0899552
0.0941246
0.0985631
0.103151
0.107832
0.112622
0.117537
0.122575
0.127707
0.132924
0.138296
0.143922
0.149886
0.156198
0.162761
0.169473
0.17628
0.183115
0.189946
0.196817
0.203665
0.21038
0.217065
0.223815
0.230604
0.237474
0.244402
0.251256
0.258034
0.264765
0.271448
0.278211
0.285134
0.292043
0.298782
0.305364
0.311729
0.317806
0.323797
0.330012
0.336524
0.343246
0.350131
0.35705
0.36372
0.369988
0.375997
0.381936
0.387838
0.393674
0.399457
0.405115
0.41047
0.415492
0.420456
0.42569
0.431182
0.436587
0.4416
0.446217
0.450621
0.454914
0.458992
0.462643
0.465667
0.467952
0.469528
0.47057
0.471248
0.471626
0.471733
0.471678
0.471648
0.471811
0.472225
0.47279
0.473338
0.473785
0.474117
0.474222
0.473821
0.472927
0.0836298
0.0790874
0.0752835
0.0721887
0.0698849
0.0685542
0.0680383
0.0680539
0.0683705
0.0688453
0.069427
0.0701236
0.0710019
0.072151
0.0736561
0.0756239
0.07816
0.0812932
0.0849503
0.0890101
0.0933646
0.0979309
0.102679
0.107616
0.112707
0.117895
0.123152
0.1285
0.134032
0.139832
0.145932
0.152324
0.15896
0.165791
0.172805
0.179932
0.18707
0.194191
0.201212
0.208067
0.214916
0.221882
0.228923
0.236041
0.243184
0.25023
0.2572
0.264144
0.271079
0.278119
0.285284
0.292346
0.299162
0.305785
0.31219
0.318325
0.324401
0.330709
0.337307
0.344115
0.351098
0.358121
0.364916
0.371371
0.377644
0.383896
0.390105
0.396213
0.402235
0.408132
0.413765
0.419127
0.424482
0.430086
0.435844
0.441374
0.446409
0.451022
0.455446
0.459777
0.46387
0.467491
0.470464
0.472704
0.474254
0.475258
0.475861
0.476127
0.476105
0.475937
0.475838
0.475969
0.476338
0.476787
0.477152
0.477372
0.477445
0.477291
0.476622
0.475437
0.0790013
0.074493
0.0707536
0.0678082
0.0656793
0.0644668
0.0640057
0.0640114
0.0642314
0.0645448
0.0649679
0.0655308
0.0662944
0.0673273
0.0687206
0.0705913
0.0730268
0.076042
0.079581
0.0835541
0.0878823
0.0925032
0.0973837
0.102492
0.107745
0.113076
0.118484
0.124009
0.129719
0.135656
0.141826
0.148258
0.15499
0.162014
0.169293
0.176699
0.184068
0.191347
0.198486
0.205485
0.212547
0.219781
0.227093
0.234443
0.241778
0.249022
0.256222
0.263416
0.270611
0.277912
0.285295
0.29251
0.299437
0.306166
0.312689
0.318956
0.325154
0.331542
0.33818
0.345042
0.352126
0.359293
0.366261
0.372931
0.379471
0.386022
0.392525
0.3989
0.405172
0.411328
0.417255
0.422944
0.428623
0.434492
0.440411
0.446006
0.45107
0.455726
0.46022
0.464612
0.468721
0.472307
0.475235
0.477462
0.479032
0.48005
0.480622
0.480814
0.480701
0.480457
0.480297
0.480342
0.480539
0.480731
0.480805
0.480735
0.480538
0.480142
0.47923
0.477789
0.0740351
0.0695579
0.0658921
0.0631154
0.0612037
0.0601462
0.0597246
0.0596752
0.0597756
0.0599501
0.0602234
0.0606462
0.0612738
0.0621792
0.0634659
0.0652376
0.0675634
0.070469
0.0739269
0.0778692
0.0822301
0.0869475
0.0919652
0.0972188
0.102608
0.108083
0.113664
0.119369
0.125214
0.131233
0.137459
0.143984
0.150905
0.158204
0.165762
0.173387
0.1809
0.188286
0.195554
0.202745
0.210063
0.217576
0.225144
0.232698
0.240206
0.247651
0.255096
0.262538
0.269957
0.277463
0.285038
0.292439
0.299566
0.306508
0.313237
0.319693
0.326043
0.332517
0.339198
0.346129
0.353361
0.360736
0.367929
0.374822
0.381592
0.388383
0.395132
0.401752
0.408263
0.414657
0.420829
0.426769
0.432681
0.438723
0.444744
0.450403
0.45554
0.460298
0.464897
0.469353
0.473459
0.476998
0.479882
0.482112
0.48373
0.484809
0.485414
0.48561
0.485492
0.485222
0.484975
0.484821
0.484709
0.484557
0.484323
0.483992
0.483578
0.482972
0.481849
0.48014
0.0688836
0.064513
0.0609828
0.0583802
0.056638
0.0556747
0.055231
0.055069
0.0550243
0.0550522
0.055165
0.0554315
0.0559248
0.0567348
0.0579506
0.0596458
0.0618877
0.0647236
0.0681417
0.0720825
0.0764887
0.0812892
0.0864029
0.0917543
0.0972552
0.10287
0.108614
0.114461
0.120399
0.126496
0.132851
0.139588
0.146798
0.154399
0.162193
0.16996
0.177563
0.18506
0.192505
0.199932
0.207508
0.215269
0.223065
0.230819
0.238508
0.246154
0.253826
0.261474
0.269066
0.276741
0.284519
0.292185
0.299634
0.306898
0.313897
0.320569
0.327088
0.333683
0.340457
0.347516
0.354944
0.362556
0.369986
0.377089
0.384042
0.391011
0.397952
0.404784
0.411508
0.418092
0.424428
0.430527
0.436595
0.442779
0.448914
0.454682
0.459946
0.464842
0.469542
0.474033
0.478106
0.481581
0.484416
0.486644
0.488309
0.489455
0.490123
0.49037
0.490287
0.489995
0.489608
0.489186
0.488749
0.488307
0.487847
0.48734
0.486755
0.485946
0.484607
0.482593
0.0637884
0.0596006
0.0562446
0.0537565
0.052066
0.0510888
0.050554
0.0502384
0.0500212
0.0498679
0.0498157
0.0499499
0.050364
0.0511359
0.0523135
0.0539535
0.0561386
0.058929
0.0623128
0.0662387
0.0706614
0.0755027
0.0806649
0.0860788
0.0916731
0.0974084
0.10328
0.109237
0.115274
0.121521
0.128122
0.135176
0.142704
0.150559
0.158515
0.166374
0.174067
0.181713
0.189374
0.197054
0.204875
0.212861
0.22089
0.228884
0.236795
0.244643
0.252496
0.260291
0.268019
0.275866
0.283889
0.291896
0.299746
0.307377
0.314646
0.321513
0.328199
0.334952
0.341887
0.349129
0.356764
0.364583
0.372203
0.379481
0.386602
0.393738
0.40086
0.407889
0.414804
0.421539
0.427986
0.434197
0.440408
0.446762
0.453072
0.459013
0.464446
0.469484
0.474266
0.478763
0.482789
0.486206
0.48901
0.491247
0.492956
0.494162
0.494883
0.495163
0.495073
0.4947
0.494135
0.493481
0.492834
0.492234
0.491644
0.491
0.490222
0.489176
0.487565
0.485218
0.0589098
0.0548939
0.0516844
0.0492333
0.0474786
0.0463939
0.0457154
0.0452196
0.0448064
0.0444673
0.0442868
0.0443576
0.0447571
0.0455171
0.046656
0.0482418
0.0503728
0.0531084
0.0564381
0.0603246
0.0647326
0.0695777
0.0747559
0.0802101
0.0858751
0.0916945
0.0976558
0.103723
0.109918
0.11641
0.12334
0.130732
0.13853
0.146559
0.154628
0.162593
0.170428
0.178267
0.186167
0.194109
0.202185
0.210424
0.218741
0.227038
0.235207
0.243239
0.251207
0.259086
0.266928
0.274963
0.283259
0.291613
0.299836
0.307779
0.315254
0.322274
0.329129
0.336084
0.343241
0.350705
0.358531
0.366496
0.374243
0.381677
0.389004
0.396375
0.403737
0.410997
0.418109
0.424994
0.431561
0.437908
0.444304
0.450878
0.457408
0.463545
0.469144
0.474301
0.479142
0.483633
0.487615
0.490989
0.493785
0.496052
0.497819
0.499088
0.499851
0.500131
0.499988
0.499505
0.498806
0.498042
0.497324
0.496651
0.495948
0.495118
0.494071
0.492729
0.490784
0.488095
0.0542244
0.0502976
0.0471502
0.044685
0.0428102
0.0415553
0.0406965
0.0400124
0.0394149
0.0389452
0.0387042
0.038765
0.0391572
0.039878
0.0409573
0.0424827
0.044551
0.0472176
0.0504852
0.0543291
0.0587122
0.0635414
0.0687127
0.0741796
0.0798784
0.0857418
0.0917746
0.0979824
0.104406
0.111202
0.118464
0.126146
0.134146
0.142311
0.15051
0.158646
0.166693
0.17476
0.182901
0.191118
0.199494
0.208052
0.216711
0.225337
0.233752
0.241921
0.249944
0.257865
0.265816
0.274049
0.282596
0.291225
0.299713
0.307858
0.31548
0.322657
0.329733
0.336962
0.344403
0.352118
0.360123
0.368196
0.376047
0.383664
0.391275
0.398991
0.406693
0.414245
0.421584
0.428643
0.435373
0.441912
0.448541
0.45535
0.462076
0.468359
0.474066
0.479298
0.48417
0.488644
0.492575
0.495896
0.498668
0.500955
0.502773
0.504099
0.504901
0.50519
0.505029
0.504527
0.503834
0.503098
0.502373
0.501614
0.500738
0.499646
0.498282
0.496605
0.494321
0.491278
0.049578
0.0456475
0.0424711
0.0399431
0.0379357
0.0364869
0.0354342
0.0345862
0.0338648
0.0333363
0.0330736
0.0331114
0.0334459
0.0340891
0.0351034
0.036577
0.0385894
0.0411987
0.0444223
0.0482362
0.0525925
0.0573926
0.0625336
0.0679786
0.0736761
0.0795696
0.0856954
0.0920952
0.0987966
0.105899
0.113444
0.121356
0.129536
0.137865
0.146253
0.154618
0.16291
0.171204
0.179572
0.18807
0.19679
0.205717
0.214733
0.223655
0.232267
0.240541
0.248614
0.256599
0.264687
0.273119
0.281866
0.290672
0.299309
0.307582
0.31535
0.322757
0.330157
0.337743
0.345514
0.353487
0.361662
0.369845
0.377831
0.385692
0.393665
0.401798
0.4099
0.41778
0.425368
0.432623
0.43955
0.446317
0.453185
0.460192
0.467038
0.47338
0.479126
0.484392
0.489278
0.493729
0.497597
0.500842
0.503556
0.505825
0.507656
0.509009
0.509847
0.510192
0.510125
0.509762
0.509221
0.508572
0.507813
0.506908
0.505806
0.504434
0.502773
0.500767
0.498177
0.494774
0.04478
0.0407689
0.0374916
0.0348458
0.0326964
0.0310781
0.029867
0.0289108
0.0281369
0.0275774
0.0272708
0.0272315
0.02747
0.0280375
0.029007
0.0304472
0.0324252
0.035005
0.0382045
0.0419881
0.0463025
0.0510554
0.0561472
0.0615511
0.0672455
0.0732026
0.0794792
0.0861201
0.0931116
0.100489
0.108262
0.116373
0.124757
0.133306
0.141925
0.15052
0.15903
0.167526
0.176109
0.184894
0.193975
0.203281
0.212636
0.221814
0.230602
0.239017
0.247226
0.255368
0.263645
0.272257
0.281132
0.290023
0.298743
0.307131
0.315097
0.322825
0.330629
0.338611
0.346704
0.354908
0.363239
0.371558
0.379742
0.387915
0.39629
0.404843
0.413322
0.421515
0.429353
0.436822
0.443961
0.450953
0.458025
0.465163
0.472055
0.478401
0.484159
0.489456
0.494365
0.498802
0.502622
0.505805
0.508473
0.510723
0.512557
0.51393
0.514824
0.515289
0.515419
0.51529
0.514927
0.514318
0.513461
0.512379
0.511057
0.509451
0.507522
0.505218
0.502326
0.498561
0.0396347
0.0354916
0.0320586
0.0292612
0.0269759
0.025249
0.0239562
0.0229533
0.0221568
0.021546
0.0211519
0.0210093
0.021169
0.0216949
0.0226373
0.0240501
0.0260058
0.0285686
0.031742
0.0354788
0.0397349
0.0444347
0.049485
0.0548719
0.0606114
0.0667019
0.0731894
0.0800862
0.0873364
0.09494
0.102905
0.111213
0.119829
0.12863
0.137477
0.14626
0.154948
0.163636
0.172453
0.18154
0.190971
0.20063
0.210303
0.21974
0.228753
0.237408
0.24588
0.254281
0.262773
0.271508
0.280418
0.289329
0.298124
0.306671
0.314904
0.323006
0.331225
0.339574
0.34794
0.35634
0.364829
0.373328
0.381782
0.390326
0.39911
0.408035
0.416827
0.425289
0.43337
0.441066
0.448423
0.455613
0.462832
0.470039
0.476938
0.483284
0.489074
0.494424
0.499368
0.503804
0.507604
0.510779
0.513467
0.515761
0.517655
0.519107
0.520126
0.520781
0.521148
0.521226
0.520953
0.520299
0.519319
0.51808
0.516584
0.514775
0.512571
0.509977
0.506754
0.502639
0.0339897
0.0296861
0.0260802
0.0231391
0.0207642
0.0189979
0.0176916
0.0166767
0.0158449
0.0151617
0.0146743
0.0144519
0.0145654
0.0150582
0.0159604
0.017333
0.0192599
0.0217954
0.0249284
0.0286143
0.0328249
0.0375009
0.0425575
0.047994
0.0538549
0.0601441
0.0668657
0.073984
0.0814279
0.0892088
0.0973548
0.105869
0.114723
0.123771
0.132829
0.141781
0.15064
0.159547
0.168636
0.178028
0.187763
0.197716
0.207688
0.217425
0.226752
0.235748
0.244566
0.253266
0.261957
0.270754
0.279638
0.288562
0.297489
0.306289
0.314867
0.323365
0.331964
0.340622
0.349229
0.357834
0.366525
0.375268
0.384042
0.392971
0.402131
0.411363
0.420399
0.429086
0.437395
0.445318
0.452881
0.460234
0.467553
0.474795
0.481697
0.488061
0.493908
0.499324
0.504305
0.508747
0.512557
0.515776
0.518549
0.520954
0.52298
0.524593
0.525814
0.526704
0.527285
0.527487
0.527224
0.526509
0.525441
0.524089
0.522442
0.520409
0.517912
0.515015
0.511472
0.507046
0.0278177
0.0233406
0.0195986
0.0165661
0.0141652
0.0124125
0.0111219
0.0100981
0.00921747
0.00847102
0.00791898
0.00763841
0.00768865
0.00810446
0.00893266
0.0102521
0.0121406
0.0146354
0.0177255
0.0213826
0.0255893
0.0302937
0.035421
0.0409794
0.0470199
0.0535298
0.0604631
0.067746
0.0753244
0.0832576
0.0915969
0.100335
0.109423
0.118707
0.127985
0.137133
0.1462
0.155349
0.164711
0.174366
0.184323
0.194493
0.204743
0.21483
0.224554
0.233952
0.243123
0.252103
0.260976
0.269839
0.27874
0.287757
0.296926
0.306085
0.315077
0.323981
0.332923
0.341856
0.350716
0.359586
0.368554
0.377584
0.386666
0.395912
0.40535
0.414799
0.424019
0.432896
0.441412
0.449539
0.457282
0.464775
0.472182
0.479467
0.486393
0.492802
0.498721
0.504216
0.509255
0.513744
0.51762
0.520942
0.523842
0.526391
0.528578
0.530381
0.531818
0.532921
0.533664
0.533947
0.533704
0.532983
0.531868
0.530408
0.528582
0.526291
0.523522
0.520342
0.516559
0.511885
0.0212357
0.0165923
0.012773
0.00972187
0.00733482
0.00561345
0.00433742
0.00329404
0.00236735
0.00156838
0.000953125
0.000581303
0.00050594
0.000795736
0.00153687
0.00280893
0.00466239
0.00711906
0.0101805
0.0138389
0.0180805
0.0228562
0.0281048
0.0338344
0.0400765
0.0467902
0.0538976
0.0613114
0.0690093
0.0771021
0.0856578
0.0946365
0.10396
0.11348
0.123008
0.132408
0.141715
0.151088
0.16066
0.1705
0.180603
0.190941
0.201461
0.211937
0.222108
0.231918
0.241406
0.250625
0.259694
0.268716
0.277773
0.287018
0.296516
0.306075
0.315489
0.324784
0.334053
0.343275
0.352443
0.361659
0.370964
0.380281
0.389602
0.399042
0.40863
0.418206
0.427573
0.436632
0.445343
0.453652
0.461555
0.469187
0.47671
0.48408
0.491074
0.497554
0.503565
0.509171
0.514332
0.518957
0.52299
0.526485
0.529558
0.532271
0.534625
0.536605
0.538219
0.539482
0.540353
0.540737
0.540574
0.539878
0.538695
0.537079
0.53503
0.532503
0.52952
0.52613
0.522184
0.517312
0.0144303
0.00964299
0.00578442
0.00275827
0.000388108
-0.00132657
-0.00261229
-0.00369477
-0.00467864
-0.00556204
-0.00629644
-0.00682296
-0.00705728
-0.00688197
-0.00619845
-0.00495491
-0.0031281
-0.000699403
0.00234806
0.0060235
0.0103197
0.0151947
0.020601
0.0265358
0.0329897
0.0398897
0.0471527
0.0547024
0.0625398
0.0708056
0.0795803
0.0887997
0.0983579
0.108124
0.117932
0.127623
0.137178
0.146724
0.156425
0.166388
0.176622
0.187145
0.197948
0.208807
0.219405
0.229585
0.239334
0.248763
0.258067
0.267365
0.27673
0.286309
0.296146
0.306043
0.315807
0.325462
0.335086
0.344675
0.354253
0.363899
0.373581
0.383173
0.392676
0.402236
0.411912
0.421591
0.431114
0.440376
0.449292
0.45778
0.465844
0.473633
0.481304
0.488798
0.49589
0.502466
0.508592
0.514346
0.519685
0.524506
0.528744
0.532447
0.53572
0.538625
0.541165
0.543322
0.5451
0.546518
0.547543
0.548076
0.548011
0.547298
0.545987
0.544184
0.541939
0.539259
0.536122
0.532604
0.528499
0.523432
0.00754809
0.00263029
-0.00126222
-0.00427792
-0.00666044
-0.00842346
-0.00977553
-0.010943
-0.0120349
-0.0130661
-0.0139782
-0.0146757
-0.0150242
-0.0148942
-0.0142245
-0.0130018
-0.011207
-0.00880727
-0.00577253
-0.00207661
0.00229039
0.0072963
0.0128965
0.0190661
0.025747
0.0328339
0.0402535
0.0479539
0.0559458
0.0643746
0.0733403
0.0827862
0.0925903
0.102621
0.112723
0.122717
0.132514
0.142201
0.151994
0.162076
0.172489
0.183247
0.194328
0.205491
0.216403
0.226856
0.236821
0.24647
0.256066
0.265731
0.2755
0.285455
0.295587
0.305723
0.315755
0.325766
0.335829
0.345921
0.35604
0.366196
0.376279
0.386143
0.395835
0.405545
0.415361
0.425199
0.434923
0.444412
0.453542
0.462213
0.470448
0.478411
0.486242
0.493864
0.501062
0.507749
0.514016
0.519939
0.525457
0.530447
0.534845
0.53871
0.542163
0.545266
0.548013
0.550376
0.552361
0.553993
0.555233
0.555934
0.555924
0.555143
0.553706
0.551776
0.549445
0.546699
0.54345
0.539812
0.535505
0.530206
0.000612372
-0.00444278
-0.00839821
-0.011465
-0.013925
-0.0158108
-0.017315
-0.0186442
-0.0199122
-0.0211253
-0.0222001
-0.0230012
-0.0233763
-0.0232307
-0.0225562
-0.0213608
-0.0196072
-0.0172389
-0.0142133
-0.0104818
-0.00600976
-0.000830038
0.00499361
0.0114099
0.0183237
0.0256014
0.0331775
0.0410287
0.0491728
0.0577473
0.0668792
0.0765504
0.0866313
0.0969552
0.107347
0.117622
0.127652
0.137496
0.147411
0.157655
0.168295
0.179309
0.190609
0.201939
0.213011
0.223644
0.233828
0.243777
0.253757
0.263853
0.27405
0.284367
0.294752
0.305081
0.315369
0.325778
0.336378
0.347089
0.357832
0.368522
0.37899
0.389126
0.399055
0.409011
0.419079
0.429166
0.439136
0.448855
0.458185
0.467038
0.475458
0.483609
0.491602
0.499345
0.506652
0.513474
0.519912
0.526015
0.53168
0.536775
0.541258
0.545234
0.548844
0.552146
0.555114
0.557714
0.559957
0.561858
0.563333
0.564171
0.564178
0.563358
0.56189
0.559958
0.557637
0.554833
0.551471
0.547644
0.543095
0.537521
-0.00648926
-0.0117042
-0.0157884
-0.0189967
-0.021635
-0.0237327
-0.0254727
-0.0270329
-0.0285065
-0.0298661
-0.0310118
-0.0318136
-0.0321541
-0.0319796
-0.0313018
-0.0301247
-0.028392
-0.0260291
-0.0229808
-0.019174
-0.0145518
-0.00916398
-0.00311222
0.00353273
0.0106661
0.0181349
0.0258676
0.0338672
0.0421699
0.0509024
0.0602085
0.0701162
0.0804936
0.0911147
0.101763
0.112268
0.12252
0.132571
0.142694
0.153164
0.164048
0.175284
0.186718
0.198106
0.209241
0.220027
0.2305
0.240869
0.251331
0.261882
0.272463
0.283075
0.293678
0.304224
0.314833
0.325711
0.336894
0.348238
0.359581
0.370759
0.38158
0.392004
0.402245
0.412555
0.422978
0.433388
0.443635
0.453582
0.463104
0.47214
0.48076
0.489115
0.497282
0.505156
0.512589
0.51957
0.526191
0.532455
0.538225
0.543383
0.547944
0.552055
0.555862
0.559398
0.562617
0.565482
0.568004
0.570172
0.571849
0.572793
0.572857
0.572108
0.570726
0.568861
0.56653
0.563604
0.560068
0.555981
0.551165
0.545284
-0.0139499
-0.0193627
-0.0236607
-0.0271127
-0.0300347
-0.0324255
-0.0344434
-0.0362417
-0.037878
-0.0393001
-0.0404205
-0.0411595
-0.0414519
-0.0412524
-0.0405542
-0.0393519
-0.0375876
-0.0351776
-0.0320548
-0.0281298
-0.0233336
-0.0177363
-0.0114773
-0.00463373
0.00270687
0.0103802
0.0182885
0.0264514
0.0349392
0.0438689
0.0533716
0.0635014
0.0741365
0.0850053
0.0958558
0.106551
0.117036
0.127382
0.137831
0.148602
0.159731
0.171131
0.182636
0.194048
0.205259
0.216247
0.227085
0.237949
0.248917
0.259883
0.27076
0.281583
0.292384
0.303213
0.314252
0.325672
0.337434
0.349341
0.361197
0.372807
0.383996
0.39479
0.405454
0.416214
0.427052
0.437812
0.448346
0.458532
0.46826
0.477497
0.486329
0.494895
0.503245
0.511271
0.518853
0.525996
0.532767
0.53913
0.544951
0.550159
0.554835
0.559148
0.563218
0.567039
0.570544
0.573696
0.576495
0.578901
0.580756
0.581849
0.58208
0.581505
0.580247
0.57841
0.575967
0.572858
0.569072
0.564726
0.559626
0.553417
-0.0219614
-0.027631
-0.0322175
-0.0359935
-0.0392595
-0.0419769
-0.0442561
-0.0462289
-0.0479379
-0.0493472
-0.0504046
-0.0510783
-0.0513225
-0.0510727
-0.0503041
-0.04902
-0.047173
-0.0446694
-0.0414293
-0.0373627
-0.0324007
-0.0266193
-0.0201762
-0.0131473
-0.00559398
0.00231379
0.0104344
0.0187865
0.0274838
0.0366393
0.0463426
0.0566436
0.0674486
0.078491
0.0895184
0.100428
0.111213
0.121955
0.132834
0.143965
0.155326
0.166838
0.178384
0.189861
0.201235
0.212508
0.223752
0.235092
0.246504
0.257809
0.268926
0.279944
0.290981
0.302181
0.31374
0.325741
0.338045
0.350426
0.362714
0.374742
0.386367
0.39765
0.408844
0.420102
0.431348
0.442425
0.453228
0.463662
0.473623
0.483083
0.492132
0.500905
0.509441
0.517641
0.525394
0.532696
0.539584
0.546007
0.551864
0.55715
0.561991
0.566549
0.570907
0.575022
0.578818
0.582254
0.585315
0.58795
0.59002
0.591349
0.591824
0.591428
0.590237
0.588332
0.585721
0.582411
0.578361
0.573784
0.568398
0.56185
-0.0306468
-0.0366419
-0.0415674
-0.045693
-0.0492948
-0.0523039
-0.0547871
-0.0568527
-0.058563
-0.0599317
-0.0609422
-0.0615693
-0.0617466
-0.0613959
-0.0605041
-0.0590966
-0.0571329
-0.054501
-0.0511102
-0.0468868
-0.0417724
-0.0358286
-0.0292075
-0.021988
-0.0142133
-0.00605036
0.00231489
0.0108808
0.019796
0.0291778
0.0390669
0.0494887
0.0603896
0.0715591
0.0827871
0.0939886
0.105159
0.116354
0.127682
0.139165
0.150741
0.162351
0.173967
0.185597
0.197254
0.208905
0.220574
0.23233
0.244098
0.255701
0.267095
0.278398
0.289769
0.301401
0.313478
0.325996
0.338745
0.351513
0.364186
0.376641
0.388758
0.400594
0.412342
0.42407
0.435667
0.447016
0.458071
0.468764
0.478984
0.488691
0.497969
0.506955
0.515694
0.524091
0.532041
0.539522
0.546552
0.553091
0.559073
0.564535
0.569614
0.574448
0.579088
0.583481
0.587548
0.591245
0.594557
0.59744
0.599776
0.601372
0.602048
0.601741
0.60053
0.598513
0.595754
0.592241
0.587968
0.58314
0.577477
0.570585
-0.0400222
-0.0463931
-0.0516785
-0.0561262
-0.0600054
-0.0632278
-0.0658502
-0.0679674
-0.0696712
-0.0710174
-0.0720056
-0.0725868
-0.0726698
-0.0721861
-0.0711475
-0.06959
-0.0674694
-0.064663
-0.06108
-0.0566748
-0.051406
-0.0453071
-0.0385051
-0.0310891
-0.0230989
-0.0146834
-0.0060532
0.00275463
0.0118948
0.0214878
0.0315424
0.0420641
0.0530378
0.0643279
0.0757889
0.0873397
0.0989306
0.110556
0.122264
0.134047
0.145844
0.157624
0.16942
0.181324
0.193365
0.205456
0.217553
0.229678
0.241756
0.253672
0.265439
0.277162
0.288969
0.301035
0.313521
0.326392
0.339451
0.352542
0.365599
0.378504
0.391124
0.403483
0.415716
0.427839
0.439746
0.451375
0.462719
0.473709
0.484214
0.494186
0.503719
0.512952
0.521926
0.530549
0.538716
0.54641
0.553651
0.560415
0.566653
0.572405
0.577795
0.58294
0.587878
0.592553
0.596885
0.600832
0.604393
0.60754
0.610132
0.611922
0.612689
0.612396
0.611147
0.609056
0.606184
0.602458
0.597967
0.592867
0.586937
0.579712
-0.0500046
-0.0567634
-0.0623887
-0.0671076
-0.0711992
-0.0745666
-0.0772877
-0.0794679
-0.0812082
-0.0825675
-0.0835409
-0.0840644
-0.0840459
-0.0834341
-0.0822465
-0.0805064
-0.0781686
-0.0751278
-0.0713116
-0.0667002
-0.0612687
-0.0550182
-0.0480357
-0.0404196
-0.0322195
-0.0235591
-0.0146493
-0.00556801
0.00380903
0.0135922
0.0237873
0.0344101
0.045479
0.0569124
0.068616
0.0805083
0.092486
0.104476
0.116489
0.128539
0.140611
0.15269
0.164816
0.177092
0.189536
0.20204
0.214533
0.227011
0.23942
0.251723
0.263968
0.276214
0.288508
0.300978
0.31376
0.326851
0.340141
0.35356
0.367046
0.380429
0.39352
0.406316
0.418927
0.431372
0.44359
0.455557
0.467263
0.478595
0.489397
0.499643
0.509456
0.518979
0.528236
0.537121
0.54554
0.553494
0.561021
0.568101
0.574676
0.580768
0.586493
0.591971
0.597232
0.602207
0.606809
0.611004
0.614808
0.618185
0.620952
0.622829
0.623634
0.623378
0.622156
0.620052
0.617053
0.613121
0.608377
0.603043
0.596876
0.589363
-0.0604646
-0.0675987
-0.0735135
-0.0784594
-0.0827329
-0.0862339
-0.089059
-0.0913397
-0.0931618
-0.0945584
-0.0955177
-0.095986
-0.0958833
-0.0951557
-0.0938032
-0.0918333
-0.0892174
-0.0858956
-0.0818231
-0.0769899
-0.0713806
-0.064972
-0.0578043
-0.0499731
-0.0415482
-0.0326411
-0.0234533
-0.0140916
-0.00447668
0.00548029
0.0158029
0.0265505
0.0377705
0.0493954
0.0613384
0.0735149
0.0857992
0.0980897
0.110376
0.122709
0.135126
0.147607
0.160155
0.172824
0.185607
0.198428
0.211266
0.224125
0.236967
0.249782
0.262599
0.275399
0.288167
0.301001
0.314045
0.32735
0.340906
0.354705
0.368652
0.382489
0.395978
0.409113
0.422024
0.434767
0.447323
0.459684
0.471793
0.48348
0.494582
0.505114
0.51524
0.5251
0.534687
0.543884
0.552619
0.56092
0.568825
0.576294
0.583242
0.589684
0.595754
0.60158
0.607176
0.612451
0.617307
0.621728
0.625737
0.629269
0.632119
0.634046
0.634935
0.634793
0.633653
0.631532
0.628374
0.624255
0.619277
0.613778
0.607423
0.599664
-0.071291
-0.0788001
-0.0849743
-0.0901328
-0.0946088
-0.0982918
-0.101268
-0.10368
-0.105598
-0.107037
-0.107991
-0.108427
-0.108259
-0.107401
-0.10584
-0.103591
-0.100657
-0.0970279
-0.0926812
-0.0875972
-0.0817664
-0.0751635
-0.0677909
-0.0597251
-0.0510549
-0.0419033
-0.0324671
-0.022856
-0.0130117
-0.00286402
0.00762451
0.0185576
0.0299976
0.0418601
0.0540251
0.0664043
0.0788951
0.0914266
0.103998
0.116672
0.129489
0.142405
0.155374
0.168396
0.181444
0.194517
0.207689
0.220996
0.234394
0.247836
0.261264
0.27457
0.287726
0.300875
0.314203
0.327813
0.341737
0.355966
0.37034
0.384542
0.398337
0.411766
0.424991
0.438087
0.451043
0.463825
0.476334
0.488371
0.499793
0.510664
0.521162
0.531404
0.54135
0.550889
0.559997
0.568723
0.57708
0.584989
0.592342
0.599169
0.605623
0.611829
0.617764
0.623313
0.628392
0.633006
0.637171
0.640804
0.643724
0.645755
0.646801
0.6468
0.645725
0.643539
0.640246
0.635964
0.630846
0.625215
0.618698
0.610697
-0.0824362
-0.0903596
-0.0968309
-0.102234
-0.106967
-0.110896
-0.114072
-0.116625
-0.118629
-0.120108
-0.121075
-0.121498
-0.121255
-0.120225
-0.118405
-0.115843
-0.112568
-0.108605
-0.103946
-0.0985586
-0.0924397
-0.0855851
-0.0779815
-0.0696763
-0.0607609
-0.0513783
-0.0417299
-0.0319036
-0.0218221
-0.0114207
-0.000673106
0.0105278
0.0222308
0.0343294
0.0466726
0.0591826
0.0718144
0.0845639
0.0974642
0.110555
0.123818
0.137151
0.150481
0.163788
0.177065
0.190398
0.203942
0.217757
0.231769
0.245857
0.259851
0.273576
0.287044
0.300486
0.314156
0.328179
0.342567
0.35724
0.371972
0.386447
0.400504
0.414259
0.427888
0.441437
0.454853
0.468063
0.480953
0.493346
0.505147
0.516444
0.527388
0.538041
0.548348
0.558232
0.567726
0.576896
0.585714
0.594062
0.601836
0.609086
0.615971
0.622575
0.628838
0.63464
0.63993
0.64473
0.649048
0.652811
0.655874
0.658087
0.659303
0.659413
0.658365
0.656124
0.652779
0.648384
0.643191
0.637429
0.630717
0.62245
-0.0939362
-0.102349
-0.109213
-0.114938
-0.119982
-0.124192
-0.127586
-0.130278
-0.132364
-0.133893
-0.134876
-0.135263
-0.134896
-0.133642
-0.131527
-0.128636
-0.125006
-0.120674
-0.115653
-0.109911
-0.103451
-0.0962924
-0.0884284
-0.0798849
-0.0707383
-0.0611386
-0.0512899
-0.0412488
-0.0308962
-0.0201628
-0.00905876
0.00247611
0.0144492
0.0267475
0.0392312
0.0518607
0.0646578
0.0776713
0.0909554
0.104511
0.118223
0.131919
0.14552
0.159038
0.172538
0.186186
0.200168
0.214513
0.229109
0.243768
0.258241
0.272341
0.286141
0.299945
0.314038
0.328536
0.343402
0.35848
0.373507
0.38822
0.402568
0.416719
0.430821
0.444856
0.458727
0.472344
0.485612
0.498403
0.510657
0.522453
0.533881
0.544953
0.555621
0.565866
0.575766
0.585383
0.594651
0.603428
0.611631
0.619326
0.626648
0.633637
0.640212
0.646277
0.651812
0.656844
0.661382
0.66536
0.668642
0.671044
0.672389
0.672587
0.671588
0.669388
0.66604
0.661591
0.65628
0.650369
0.64341
0.63484
-0.105887
-0.114873
-0.122232
-0.128373
-0.133775
-0.138279
-0.141895
-0.144735
-0.146917
-0.148495
-0.149455
-0.149725
-0.149149
-0.147616
-0.145188
-0.141969
-0.137982
-0.133255
-0.127832
-0.121703
-0.11487
-0.107362
-0.0991934
-0.0903943
-0.0810266
-0.071221
-0.0611636
-0.0508768
-0.0402053
-0.0290791
-0.0175547
-0.00564807
0.00659829
0.0190815
0.0317198
0.0445299
0.0575845
0.0709418
0.0846355
0.0986223
0.112717
0.126705
0.140513
0.15421
0.167961
0.181994
0.196462
0.211322
0.226414
0.241524
0.256392
0.270874
0.285107
0.299395
0.313981
0.328944
0.344213
0.359614
0.374907
0.389907
0.404635
0.419249
0.433822
0.448284
0.462543
0.476546
0.490232
0.503493
0.516262
0.52857
0.540454
0.551917
0.562952
0.573596
0.583948
0.59404
0.603772
0.613
0.621659
0.629812
0.637563
0.644927
0.651836
0.658226
0.664088
0.669446
0.674297
0.67856
0.682066
0.684612
0.686071
0.686393
0.685521
0.683429
0.680054
0.675533
0.670043
0.663935
0.656704
0.647788
-0.118371
-0.128005
-0.135934
-0.142573
-0.148388
-0.153222
-0.157089
-0.160104
-0.162376
-0.163945
-0.164779
-0.164815
-0.163948
-0.162105
-0.159363
-0.155825
-0.151486
-0.146354
-0.140495
-0.133937
-0.126693
-0.118791
-0.110269
-0.101189
-0.0916048
-0.0816034
-0.0713202
-0.060741
-0.049699
-0.0381426
-0.026172
-0.0138799
-0.00134639
0.0113465
0.0241984
0.0372834
0.0506903
0.0644514
0.0785468
0.0928878
0.107276
0.121517
0.135553
0.149482
0.163536
0.177985
0.192917
0.208213
0.22369
0.239139
0.254342
0.269232
0.283982
0.298837
0.31394
0.329317
0.34491
0.360587
0.376176
0.391559
0.406764
0.421871
0.436865
0.451674
0.466275
0.480683
0.494858
0.508654
0.521948
0.534727
0.547011
0.558836
0.570252
0.58133
0.592158
0.602734
0.612936
0.622633
0.631768
0.64039
0.648581
0.656363
0.663688
0.670506
0.6768
0.68258
0.687818
0.692388
0.696092
0.698782
0.700414
0.700935
0.700239
0.698209
0.694773
0.690099
0.68443
0.678086
0.67055
0.661241
-0.131376
-0.141732
-0.150302
-0.157514
-0.163827
-0.169059
-0.17322
-0.176406
-0.178699
-0.180132
-0.180706
-0.180419
-0.179231
-0.177086
-0.174038
-0.170176
-0.165476
-0.15992
-0.153586
-0.146543
-0.13884
-0.130513
-0.121615
-0.112241
-0.102437
-0.0922302
-0.0816847
-0.0707591
-0.0593101
-0.0473253
-0.0349292
-0.0222618
-0.00941952
0.00353894
0.0166832
0.0301347
0.0439642
0.0581586
0.0726457
0.0872967
0.101938
0.116445
0.130789
0.14505
0.159465
0.174292
0.189581
0.205193
0.220962
0.236708
0.252253
0.267584
0.282867
0.298261
0.313822
0.32956
0.345452
0.361428
0.377374
0.393197
0.408883
0.424427
0.439769
0.454889
0.469858
0.484733
0.499439
0.513765
0.527538
0.540742
0.553427
0.565663
0.577528
0.589088
0.600403
0.611454
0.622122
0.632291
0.641911
0.651026
0.659715
0.668007
0.675855
0.683197
0.690007
0.696276
0.701934
0.70681
0.710734
0.713645
0.715528
0.716275
0.715721
0.713671
0.710164
0.705312
0.699455
0.692855
0.684933
0.675146
-0.144816
-0.156002
-0.165305
-0.173178
-0.180082
-0.185765
-0.190214
-0.193501
-0.195693
-0.196863
-0.197094
-0.196464
-0.194971
-0.192542
-0.189183
-0.184962
-0.179857
-0.173846
-0.167005
-0.159443
-0.151256
-0.142495
-0.13322
-0.123535
-0.11348
-0.103026
-0.0921705
-0.0808605
-0.0690056
-0.0566409
-0.0438816
-0.0308571
-0.0176624
-0.00434689
0.00917805
0.0230559
0.0373329
0.0519531
0.0668183
0.0817873
0.0967179
0.11155
0.126279
0.140954
0.155763
0.170915
0.186444
0.202269
0.218295
0.234367
0.250311
0.266108
0.281868
0.297677
0.313576
0.329618
0.345833
0.362173
0.378523
0.394765
0.410843
0.426715
0.442351
0.457817
0.473238
0.488632
0.503846
0.51862
0.532801
0.546427
0.559586
0.572349
0.584761
0.596857
0.608682
0.620226
0.631389
0.642065
0.652216
0.66189
0.67117
0.680071
0.688523
0.696452
0.703831
0.710627
0.716721
0.721933
0.726149
0.729354
0.731497
0.732433
0.731955
0.729893
0.726309
0.721317
0.715201
0.708263
0.699861
0.689471
-0.158613
-0.170787
-0.180939
-0.189562
-0.197109
-0.203235
-0.207901
-0.211183
-0.213187
-0.214056
-0.213954
-0.213006
-0.21121
-0.208467
-0.204751
-0.200112
-0.194551
-0.188058
-0.180705
-0.172624
-0.163952
-0.154758
-0.145088
-0.135044
-0.124667
-0.113911
-0.102721
-0.0910289
-0.0787979
-0.0661026
-0.0530332
-0.039657
-0.0260563
-0.0122921
0.00168169
0.0159872
0.0306705
0.0456736
0.0609011
0.07623
0.0915498
0.106809
0.121978
0.137083
0.152273
0.167703
0.183417
0.199424
0.215715
0.232148
0.248523
0.264773
0.280935
0.297047
0.313198
0.329531
0.346113
0.362869
0.379631
0.39624
0.412625
0.428774
0.444728
0.46062
0.476556
0.492459
0.508098
0.523234
0.537801
0.551907
0.56564
0.57901
0.592006
0.604645
0.616998
0.629079
0.640799
0.652056
0.662818
0.673141
0.683099
0.69267
0.701765
0.710318
0.718306
0.725661
0.732227
0.737834
0.742402
0.745906
0.748278
0.749381
0.748992
0.746999
0.743333
0.73817
0.731712
0.724306
0.715328
0.704233
-0.172763
-0.186099
-0.197204
-0.206625
-0.214804
-0.221329
-0.226146
-0.229378
-0.231204
-0.231827
-0.231449
-0.230188
-0.228032
-0.224891
-0.220743
-0.215637
-0.209586
-0.202594
-0.194731
-0.186134
-0.176975
-0.167331
-0.157224
-0.146744
-0.135955
-0.124835
-0.113307
-0.101269
-0.0886969
-0.075681
-0.0623012
-0.0485654
-0.0345367
-0.0202954
-0.00585753
0.00884295
0.0238696
0.0392184
0.0548205
0.0705713
0.0863798
0.102154
0.117789
0.133285
0.148796
0.164473
0.180389
0.196628
0.213225
0.23002
0.246787
0.263426
0.279923
0.296307
0.312728
0.329394
0.346369
0.363521
0.380638
0.397554
0.414233
0.430711
0.447072
0.46345
0.479881
0.496202
0.512184
0.527679
0.54272
0.557433
0.571829
0.585827
0.59939
0.612574
0.625495
0.638182
0.650533
0.662441
0.673887
0.684931
0.69561
0.705873
0.715629
0.72484
0.733471
0.741414
0.748488
0.754529
0.759453
0.763235
0.765852
0.767178
0.766971
0.765059
0.761305
0.755849
0.74898
0.741029
0.73137
0.71947
-0.187306
-0.201951
-0.214079
-0.224299
-0.23308
-0.239988
-0.244974
-0.248212
-0.249937
-0.250381
-0.249742
-0.248128
-0.245533
-0.241909
-0.237265
-0.231651
-0.225083
-0.217578
-0.2092
-0.200081
-0.190405
-0.180262
-0.169655
-0.158659
-0.147368
-0.135816
-0.123935
-0.111582
-0.0986982
-0.0853479
-0.0716099
-0.0574885
-0.0430395
-0.0283546
-0.0134851
0.00158737
0.016939
0.0326354
0.0486448
0.0648665
0.0812046
0.0975094
0.113592
0.129433
0.145222
0.161146
0.177329
0.193889
0.210837
0.227963
0.245034
0.261959
0.278733
0.295407
0.312168
0.329221
0.34657
0.364039
0.381423
0.398619
0.415646
0.432559
0.449411
0.466272
0.483109
0.499749
0.516054
0.532001
0.547663
0.563094
0.578188
0.592807
0.60695
0.620748
0.634341
0.647728
0.660775
0.673385
0.685566
0.697371
0.7088
0.719776
0.730231
0.740134
0.749426
0.757965
0.765558
0.772031
0.777303
0.781404
0.784357
0.785989
0.786019
0.784114
0.780226
0.774429
0.767073
0.758531
0.748084
0.735224
-0.202304
-0.218363
-0.23157
-0.242607
-0.252007
-0.259338
-0.26457
-0.267906
-0.269595
-0.269871
-0.268933
-0.26691
-0.263829
-0.259678
-0.254492
-0.248326
-0.241206
-0.233169
-0.224272
-0.214619
-0.204375
-0.193639
-0.182433
-0.17084
-0.158989
-0.146958
-0.134688
-0.122005
-0.108795
-0.0950797
-0.0809191
-0.0663681
-0.0515094
-0.0364348
-0.0211898
-0.00575767
0.00995021
0.0260349
0.0424799
0.0591753
0.0760039
0.0927745
0.10926
0.125436
0.141515
0.157724
0.174233
0.191166
0.208472
0.225893
0.243204
0.260358
0.277385
0.294371
0.311515
0.328965
0.346647
0.364372
0.382005
0.399523
0.416984
0.434403
0.451753
0.469037
0.486207
0.503158
0.519871
0.536397
0.552768
0.568916
0.58466
0.599886
0.614675
0.629205
0.643576
0.657722
0.671494
0.684837
0.6978
0.710416
0.722641
0.734383
0.745579
0.756195
0.766149
0.775287
0.783405
0.790323
0.796003
0.800536
0.803914
0.805889
0.806101
0.804187
0.800116
0.794014
0.786136
0.776883
0.765511
0.751509
-0.217877
-0.235453
-0.249819
-0.261752
-0.271843
-0.279653
-0.285187
-0.288664
-0.29033
-0.290414
-0.289136
-0.286666
-0.283074
-0.27837
-0.272608
-0.265853
-0.258146
-0.249545
-0.240103
-0.22988
-0.218996
-0.207554
-0.195631
-0.183367
-0.170929
-0.158401
-0.145693
-0.132598
-0.118973
-0.104826
-0.0901991
-0.0751913
-0.0599307
-0.0445073
-0.02893
-0.0131403
0.00296931
0.0194879
0.0363771
0.0535101
0.0707449
0.087877
0.104706
0.121236
0.137667
0.154222
0.171084
0.188369
0.205985
0.223667
0.241225
0.258644
0.275963
0.293282
0.31079
0.328581
0.346541
0.364522
0.382469
0.400405
0.418357
0.436264
0.454036
0.471673
0.489186
0.506557
0.523826
0.541026
0.558096
0.574887
0.591233
0.607106
0.622648
0.638
0.653176
0.668064
0.682561
0.696685
0.710503
0.724004
0.737089
0.749644
0.761604
0.772933
0.783557
0.79332
0.802003
0.80944
0.815643
0.820698
0.824522
0.826823
0.827165
0.8253
0.821083
0.814646
0.806197
0.796103
0.783635
0.768298
-0.234254
-0.253476
-0.26911
-0.282041
-0.292892
-0.301208
-0.307039
-0.31064
-0.312261
-0.312137
-0.310507
-0.307579
-0.303447
-0.298149
-0.291768
-0.284394
-0.276078
-0.266866
-0.256797
-0.245912
-0.2343
-0.222069
-0.209355
-0.196366
-0.183305
-0.170241
-0.157022
-0.143399
-0.129235
-0.114566
-0.0994572
-0.084003
-0.0683332
-0.0525415
-0.0366147
-0.0204427
-0.00389518
0.0130696
0.0303686
0.0478752
0.0654442
0.0828746
0.100017
0.116917
0.133751
0.150694
0.167905
0.185482
0.203337
0.221247
0.239081
0.256827
0.274496
0.292159
0.309985
0.328046
0.346252
0.364529
0.382881
0.401303
0.419738
0.438057
0.456173
0.474155
0.492095
0.510016
0.527928
0.545793
0.563488
0.580874
0.597863
0.614492
0.630877
0.647061
0.66299
0.678589
0.693851
0.708853
0.723632
0.738099
0.752097
0.765491
0.778228
0.7903
0.801653
0.812115
0.821448
0.829511
0.836326
0.841925
0.846186
0.848808
0.849346
0.847547
0.843227
0.836377
0.827236
0.816214
0.802518
0.785646
-0.251724
-0.272743
-0.289749
-0.303731
-0.31536
-0.324172
-0.330269
-0.333958
-0.335509
-0.335164
-0.333184
-0.329787
-0.325083
-0.319137
-0.312075
-0.304034
-0.295071
-0.28519
-0.274389
-0.262716
-0.250283
-0.237222
-0.223703
-0.209964
-0.196226
-0.182534
-0.168696
-0.15443
-0.139626
-0.124354
-0.108733
-0.0928409
-0.0767333
-0.0604798
-0.0441003
-0.0274887
-0.0104981
0.00687807
0.0245205
0.0423262
0.060183
0.0779086
0.0953805
0.112655
0.129882
0.147195
0.164723
0.182548
0.200602
0.218729
0.236843
0.254927
0.272945
0.290939
0.30906
0.327381
0.345859
0.364488
0.383282
0.402167
0.421014
0.439685
0.458155
0.47657
0.49505
0.513576
0.532093
0.550526
0.568778
0.586784
0.604514
0.621979
0.639198
0.656141
0.672775
0.689125
0.705269
0.721278
0.737109
0.752596
0.767539
0.781811
0.795393
0.808316
0.820517
0.831785
0.841875
0.850658
0.85813
0.864298
0.869043
0.87202
0.87284
0.871079
0.866584
0.859297
0.849405
0.837368
0.82231
0.803688
-0.270523
-0.293487
-0.31195
-0.326988
-0.33937
-0.348652
-0.354987
-0.35874
-0.3602
-0.35961
-0.35724
-0.353326
-0.348001
-0.341358
-0.333554
-0.324769
-0.315083
-0.304458
-0.292838
-0.280284
-0.266964
-0.253055
-0.238738
-0.224234
-0.209747
-0.195302
-0.180709
-0.165698
-0.150194
-0.134275
-0.118085
-0.101698
-0.0850933
-0.0682755
-0.0513103
-0.0341766
-0.0167606
0.000948265
0.018856
0.0369075
0.0550381
0.0730868
0.0909158
0.108543
0.126094
0.143702
0.161496
0.179558
0.19784
0.216216
0.234609
0.252982
0.271287
0.289572
0.307989
0.326615
0.34543
0.364446
0.383646
0.402902
0.422076
0.441096
0.460012
0.47898
0.498065
0.517167
0.536202
0.555144
0.573981
0.592696
0.61123
0.629501
0.647458
0.665091
0.682469
0.699699
0.716863
0.73396
0.750877
0.767408
0.783351
0.798599
0.81317
0.827096
0.840273
0.852458
0.86341
0.872996
0.881194
0.888015
0.893318
0.8967
0.89775
0.896023
0.891306
0.883578
0.872946
0.859802
0.843198
0.822541
-0.290798
-0.315854
-0.335855
-0.351958
-0.365082
-0.374819
-0.381368
-0.385156
-0.38649
-0.385595
-0.382738
-0.378191
-0.372157
-0.364772
-0.356185
-0.346578
-0.33606
-0.324584
-0.312066
-0.298583
-0.28436
-0.269605
-0.254478
-0.239158
-0.223819
-0.208488
-0.193007
-0.177178
-0.160944
-0.144374
-0.127569
-0.110575
-0.0933584
-0.0759025
-0.0582922
-0.0405873
-0.0227451
-0.0047417
0.0133997
0.0316848
0.0500883
0.068466
0.0866466
0.104588
0.122394
0.140227
0.158243
0.176538
0.195078
0.213736
0.232404
0.251025
0.26957
0.288122
0.30685
0.325822
0.345004
0.364393
0.383937
0.403493
0.422973
0.442395
0.461839
0.481401
0.501048
0.520643
0.540152
0.559647
0.579169
0.598658
0.617959
0.636931
0.655553
0.673921
0.692177
0.710423
0.728671
0.746866
0.764884
0.782524
0.799587
0.815972
0.831698
0.846764
0.861033
0.874258
0.886201
0.896712
0.905766
0.913343
0.919227
0.923033
0.924248
0.922572
0.917729
0.909566
0.89812
0.883745
0.865427
0.842461
-0.31269
-0.339994
-0.361632
-0.37886
-0.392762
-0.402969
-0.409714
-0.41347
-0.414577
-0.413255
-0.409774
-0.404459
-0.397606
-0.389412
-0.37999
-0.369476
-0.357999
-0.345546
-0.332042
-0.317588
-0.302449
-0.286836
-0.270854
-0.254623
-0.238304
-0.221971
-0.205514
-0.188816
-0.171832
-0.1546
-0.137144
-0.119446
-0.10149
-0.0833255
-0.0650714
-0.0468157
-0.028553
-0.0102356
0.00818573
0.0267548
0.0454502
0.0641277
0.0825971
0.100791
0.118816
0.136858
0.155081
0.173587
0.192356
0.211257
0.230164
0.249017
0.267815
0.286663
0.305722
0.325031
0.344543
0.364248
0.384092
0.403954
0.423805
0.443707
0.463706
0.483806
0.50392
0.523954
0.543976
0.564118
0.584381
0.604599
0.624558
0.644164
0.663509
0.682761
0.70203
0.721337
0.740652
0.75995
0.779145
0.798031
0.816373
0.834051
0.851065
0.8674
0.882912
0.897354
0.91046
0.922058
0.9321
0.940498
0.946987
0.951218
0.95271
0.951143
0.946225
0.937629
0.925277
0.909558
0.88937
0.863866
-0.336438
-0.366161
-0.389566
-0.408022
-0.422763
-0.433471
-0.440389
-0.443999
-0.444698
-0.442765
-0.438523
-0.432347
-0.42459
-0.415485
-0.405106
-0.39354
-0.380948
-0.367385
-0.352805
-0.337318
-0.321203
-0.304656
-0.287723
-0.270467
-0.253049
-0.235617
-0.218147
-0.200553
-0.182779
-0.164826
-0.146654
-0.128181
-0.109416
-0.0905172
-0.0716614
-0.0529161
-0.0342459
-0.0155692
0.00319917
0.0221031
0.0410963
0.0600191
0.0786891
0.0970714
0.115312
0.133594
0.152047
0.17075
0.189692
0.208757
0.227841
0.246915
0.266002
0.285188
0.304582
0.324193
0.343979
0.363954
0.384092
0.404309
0.424602
0.445018
0.465537
0.4861
0.50664
0.527158
0.54779
0.568638
0.589596
0.610432
0.630985
0.651294
0.671525
0.691799
0.712116
0.732444
0.752821
0.773306
0.793821
0.814092
0.833831
0.852909
0.871341
0.889119
0.906087
0.921949
0.936393
0.949232
0.960369
0.969667
0.976889
0.981629
0.983548
0.982201
0.97719
0.968133
0.954871
0.93777
0.91556
0.887246
-0.362414
-0.39475
-0.420078
-0.439885
-0.455514
-0.466704
-0.47372
-0.477044
-0.477141
-0.474411
-0.469288
-0.462186
-0.453445
-0.443285
-0.431753
-0.418919
-0.40501
-0.390178
-0.374419
-0.357809
-0.340596
-0.322965
-0.304938
-0.286541
-0.267949
-0.249352
-0.230839
-0.212325
-0.193699
-0.17492
-0.15595
-0.136691
-0.117147
-0.097546
-0.0781287
-0.0589391
-0.0398733
-0.0208093
-0.0016686
0.0175666
0.036829
0.0559504
0.074772
0.0933212
0.111789
0.130336
0.149034
0.167937
0.187038
0.206245
0.22549
0.24479
0.264177
0.283692
0.303395
0.323283
0.343338
0.363605
0.384077
0.404684
0.425419
0.446299
0.467263
0.488249
0.509252
0.530341
0.551638
0.573153
0.594705
0.616104
0.637325
0.658503
0.67976
0.701083
0.722395
0.743737
0.765272
0.787095
0.809046
0.830769
0.85197
0.87257
0.892613
0.912066
0.930702
0.948154
0.964096
0.978337
0.990733
1.00112
1.00926
1.01472
1.01715
1.01611
1.01111
1.00165
0.98749
0.968929
0.944543
0.913138
-0.391125
-0.426286
-0.453693
-0.474959
-0.49149
-0.50306
-0.510021
-0.512911
-0.512272
-0.508624
-0.502511
-0.494366
-0.484486
-0.473059
-0.460127
-0.44578
-0.430324
-0.414028
-0.396935
-0.379064
-0.360589
-0.341676
-0.322385
-0.302756
-0.28296
-0.263192
-0.243581
-0.224086
-0.204554
-0.184879
-0.165043
-0.145003
-0.124769
-0.104549
-0.08459
-0.0649329
-0.0454344
-0.0259597
-0.00646733
0.013039
0.0325102
0.0518043
0.0707942
0.0895479
0.108263
0.127055
0.14596
0.165038
0.184311
0.203697
0.223144
0.242687
0.262349
0.28214
0.302102
0.322262
0.342634
0.363259
0.384111
0.40511
0.426244
0.447522
0.468891
0.490318
0.511845
0.533545
0.555472
0.577563
0.59966
0.621689
0.643737
0.665919
0.688222
0.710535
0.73283
0.755286
0.778134
0.801394
0.824803
0.848002
0.870777
0.893102
0.914992
0.936323
0.956778
0.975975
0.993622
1.0095
1.02343
1.03518
1.04443
1.05085
1.05396
1.05337
1.04853
1.03879
1.02373
1.00361
0.976878
0.942123
-0.423209
-0.461403
-0.49099
-0.513753
-0.531168
-0.542994
-0.549718
-0.55202
-0.550541
-0.545886
-0.538646
-0.529253
-0.517964
-0.504965
-0.490342
-0.474233
-0.457005
-0.439015
-0.420364
-0.401041
-0.381127
-0.360759
-0.340039
-0.319084
-0.298051
-0.277129
-0.256404
-0.23584
-0.215312
-0.194703
-0.173993
-0.153195
-0.132341
-0.111572
-0.0910776
-0.0708993
-0.0509106
-0.0310111
-0.0112051
0.00850525
0.0281284
0.0475847
0.0667865
0.0858048
0.10479
0.123798
0.142857
0.162075
0.181518
0.201106
0.220778
0.240561
0.260467
0.280493
0.300702
0.32116
0.341892
0.362899
0.384121
0.405474
0.426967
0.448629
0.470426
0.492345
0.514428
0.536712
0.5592
0.581827
0.604523
0.627317
0.650308
0.673507
0.696798
0.720084
0.74346
0.767183
0.79143
0.816116
0.840977
0.865753
0.890306
0.914582
0.938497
0.961833
0.984256
1.00543
1.02508
1.04291
1.05867
1.07209
1.08274
1.09034
1.09445
1.09459
1.09007
1.0801
1.06415
1.04247
1.01325
0.974909
-0.459364
-0.500793
-0.532589
-0.556791
-0.575025
-0.587015
-0.593364
-0.594914
-0.592437
-0.586598
-0.577997
-0.56705
-0.554003
-0.539077
-0.522442
-0.504316
-0.485092
-0.465163
-0.444686
-0.423674
-0.402148
-0.380198
-0.357939
-0.33555
-0.313213
-0.291087
-0.2692
-0.247492
-0.22589
-0.204332
-0.18279
-0.161275
-0.139824
-0.118526
-0.0975025
-0.0767904
-0.0563117
-0.0360226
-0.0159511
0.00393109
0.0236946
0.0433204
0.0627555
0.0820549
0.101309
0.120527
0.13975
0.159132
0.178754
0.19853
0.21839
0.238372
0.258496
0.278773
0.29928
0.32009
0.341194
0.362547
0.384079
0.405743
0.427584
0.449649
0.471904
0.494326
0.516938
0.539759
0.562781
0.585987
0.609379
0.633019
0.65695
0.681104
0.705357
0.729698
0.754292
0.779356
0.804979
0.831074
0.85748
0.884031
0.910565
0.936935
0.962979
0.988465
1.0131
1.03657
1.05853
1.07865
1.0966
1.11199
1.1245
1.13366
1.1391
1.14024
1.13624
1.12617
1.10942
1.08619
1.05439
1.01226
-0.500277
-0.545161
-0.579196
-0.604714
-0.623633
-0.635671
-0.6415
-0.642098
-0.638356
-0.631006
-0.620662
-0.607757
-0.592568
-0.575355
-0.55638
-0.535961
-0.514522
-0.492435
-0.469868
-0.44689
-0.423549
-0.399907
-0.376066
-0.352162
-0.328393
-0.304931
-0.281795
-0.258893
-0.236178
-0.213671
-0.19135
-0.169162
-0.147105
-0.125247
-0.103692
-0.082482
-0.0615855
-0.0409946
-0.0207135
-0.000659191
0.0192772
0.0390972
0.0587558
0.0782884
0.097755
0.117168
0.136598
0.1562
0.176024
0.195963
0.215964
0.236105
0.256445
0.27701
0.297867
0.31905
0.340504
0.362156
0.383964
0.405938
0.42815
0.450633
0.473336
0.496228
0.519334
0.542677
0.566265
0.590108
0.614238
0.6387
0.663504
0.688575
0.713843
0.739344
0.765211
0.79159
0.818568
0.846162
0.874301
0.9028
0.931419
0.959962
0.988277
1.01616
1.04331
1.06937
1.09397
1.11675
1.1373
1.15517
1.16996
1.18118
1.18833
1.19077
1.18757
1.17765
1.16027
1.13552
1.10107
1.05489
-0.546665
-0.595266
-0.631616
-0.65833
-0.677722
-0.689569
-0.694605
-0.693918
-0.688505
-0.679177
-0.666592
-0.651248
-0.633501
-0.613653
-0.592018
-0.569009
-0.545099
-0.520634
-0.49576
-0.470577
-0.445213
-0.419742
-0.394242
-0.368788
-0.343513
-0.318583
-0.294086
-0.269954
-0.246135
-0.222686
-0.199601
-0.176756
-0.154072
-0.131615
-0.109522
-0.0878601
-0.0666305
-0.0458221
-0.0253767
-0.0051471
0.0149908
0.0350255
0.0548937
0.0746081
0.0942289
0.113809
0.133447
0.153271
0.17328
0.193357
0.213493
0.233814
0.254405
0.275284
0.296483
0.317996
0.339742
0.361659
0.383748
0.406056
0.428646
0.451527
0.474646
0.497985
0.521586
0.545477
0.569659
0.594143
0.618969
0.644187
0.669819
0.695832
0.722181
0.748873
0.775984
0.80366
0.83208
0.861341
0.891354
0.921866
0.952626
0.983482
1.0143
1.04484
1.07476
1.1037
1.13131
1.1572
1.18087
1.20179
1.21937
1.23313
1.2425
1.24671
1.2447
1.23521
1.21742
1.19131
1.15419
1.10371
-0.599451
-0.65203
-0.690766
-0.718539
-0.73812
-0.749382
-0.753152
-0.750649
-0.742999
-0.731113
-0.71571
-0.697379
-0.676606
-0.653758
-0.629152
-0.603228
-0.576526
-0.549422
-0.522056
-0.494509
-0.466933
-0.439491
-0.412234
-0.385187
-0.358391
-0.331967
-0.306059
-0.28068
-0.255788
-0.23141
-0.207535
-0.184008
-0.160692
-0.137644
-0.115034
-0.0929646
-0.0714479
-0.0504435
-0.0298317
-0.00942454
0.0109056
0.0311399
0.051202
0.0710868
0.0908613
0.11061
0.130437
0.150429
0.17056
0.190752
0.211053
0.23161
0.252494
0.273686
0.295182
0.31696
0.33895
0.361119
0.383494
0.406126
0.429058
0.452293
0.475802
0.499596
0.523713
0.548159
0.572911
0.597981
0.623431
0.649351
0.675806
0.702783
0.730215
0.758062
0.786396
0.815437
0.845436
0.87647
0.908383
0.940936
0.97396
1.00734
1.04089
1.07429
1.10722
1.13937
1.17047
1.20001
1.22734
1.25186
1.27287
1.28981
1.30201
1.30857
1.30825
1.29962
1.28176
1.25452
1.21472
1.15984
-0.659802
-0.716594
-0.75772
-0.786313
-0.805671
-0.815806
-0.817664
-0.812644
-0.802038
-0.786903
-0.768036
-0.746103
-0.721731
-0.695402
-0.667451
-0.638297
-0.608494
-0.57846
-0.548374
-0.518323
-0.48844
-0.4589
-0.429777
-0.401071
-0.372768
-0.344919
-0.317651
-0.291056
-0.265128
-0.23984
-0.215147
-0.190899
-0.166955
-0.143364
-0.120296
-0.0978697
-0.0760838
-0.0548539
-0.034027
-0.0134213
0.00707991
0.0274699
0.047686
0.0677255
0.0876658
0.107601
0.127606
0.147726
0.167949
0.188265
0.208767
0.229589
0.250759
0.272224
0.293966
0.315969
0.338186
0.360599
0.383241
0.406157
0.429386
0.452949
0.476853
0.501113
0.525743
0.55071
0.575971
0.601557
0.627574
0.654167
0.681432
0.70935
0.737815
0.766778
0.796368
0.826869
0.858514
0.891312
0.925115
0.959796
0.99526
1.03134
1.06776
1.1042
1.14044
1.17628
1.21134
1.24503
1.27666
1.3054
1.33062
1.35155
1.36733
1.37695
1.37896
1.37178
1.35432
1.32627
1.28389
1.22439
-0.729008
-0.790278
-0.833724
-0.862741
-0.881285
-0.889591
-0.88876
-0.880379
-0.865953
-0.846744
-0.823666
-0.797435
-0.768782
-0.73835
-0.706571
-0.673842
-0.640646
-0.607409
-0.574387
-0.541678
-0.509409
-0.477719
-0.446674
-0.416252
-0.386433
-0.357232
-0.328713
-0.300974
-0.274049
-0.247884
-0.22238
-0.197402
-0.172845
-0.148758
-0.125295
-0.102564
-0.080531
-0.0590567
-0.0379738
-0.0171365
0.00354515
0.0240743
0.0444077
0.0645609
0.084635
0.104731
0.124895
0.145143
0.16549
0.185983
0.206723
0.227801
0.249208
0.270889
0.292835
0.315041
0.33747
0.360103
0.382975
0.406136
0.429642
0.453537
0.477845
0.502565
0.527672
0.553101
0.578809
0.604853
0.631397
0.658634
0.686676
0.71548
0.744923
0.774997
0.805888
0.837877
0.871129
0.905636
0.941363
0.978296
1.01632
1.05519
1.0946
1.13435
1.17428
1.21421
1.2537
1.29213
1.32871
1.36254
1.39281
1.41861
1.43895
1.45254
1.45776
1.45279
1.43634
1.40794
1.36315
1.29863
-0.808469
-0.874555
-0.9202
-0.949104
-0.96606
-0.971645
-0.96717
-0.954441
-0.935182
-0.910886
-0.882645
-0.851276
-0.817605
-0.782404
-0.746221
-0.709486
-0.672615
-0.635965
-0.599802
-0.564298
-0.529571
-0.495727
-0.46279
-0.430674
-0.399344
-0.368818
-0.339119
-0.310306
-0.282426
-0.255422
-0.229161
-0.203502
-0.178375
-0.15383
-0.130008
-0.107001
-0.0847376
-0.0630254
-0.0416865
-0.0206077
0.000272881
0.0209551
0.0414047
0.0616556
0.0818364
0.10206
0.122358
0.142738
0.163248
0.183962
0.204955
0.226265
0.247865
0.269719
0.291838
0.314222
0.336832
0.359651
0.382721
0.406109
0.429886
0.454112
0.478811
0.503958
0.529488
0.555317
0.58141
0.607864
0.634901
0.662749
0.691514
0.721136
0.751514
0.782697
0.814885
0.848298
0.883059
0.919246
0.956958
0.996213
1.03683
1.07855
1.12114
1.16448
1.20847
1.25287
1.29731
1.34113
1.3834
1.42323
1.45955
1.49133
1.51736
1.5361
1.54565
1.54394
1.52942
1.50122
1.45409
1.38441
-0.899871
-0.971193
-1.01887
-1.04699
-1.06138
-1.06308
-1.05373
-1.03542
-1.01011
-0.979501
-0.94493
-0.907417
-0.867901
-0.827241
-0.786079
-0.744887
-0.704025
-0.663771
-0.624334
-0.585928
-0.548686
-0.512699
-0.477932
-0.444215
-0.411435
-0.379602
-0.348756
-0.318928
-0.290142
-0.262345
-0.235394
-0.209139
-0.183514
-0.158567
-0.134426
-0.111155
-0.0886471
-0.0666829
-0.0450921
-0.023789
-0.00273191
0.0180807
0.0386364
0.0589983
0.07931
0.0996762
0.120112
0.140636
0.161325
0.182264
0.203492
0.224996
0.246746
0.268737
0.290998
0.313532
0.336298
0.35928
0.382529
0.406128
0.430164
0.454703
0.479757
0.505273
0.531156
0.557317
0.583743
0.610576
0.63808
0.666495
0.695917
0.726293
0.75757
0.789826
0.823224
0.85793
0.894112
0.931976
0.971689
1.01324
1.05646
1.10112
1.14711
1.1943
1.24263
1.29192
1.34186
1.39176
1.44059
1.48737
1.53091
1.56998
1.60311
1.6285
1.64385
1.64669
1.63524
1.60809
1.55892
1.48368
-1.00538
-1.08249
-1.13197
-1.15843
-1.16896
-1.16525
-1.14936
-1.12381
-1.09088
-1.05252
-1.01031
-0.965517
-0.919243
-0.872431
-0.825741
-0.779625
-0.734439
-0.690383
-0.647592
-0.606229
-0.566444
-0.528307
-0.491739
-0.456507
-0.422381
-0.389316
-0.357387
-0.326634
-0.297042
-0.268531
-0.24096
-0.214191
-0.188161
-0.162911
-0.138536
-0.115043
-0.0922779
-0.0700262
-0.048161
-0.0266427
-0.00545036
0.0154401
0.036074
0.05656
0.0770368
0.0975718
0.118163
0.138849
0.159739
0.180906
0.202338
0.223985
0.245834
0.267926
0.29031
0.312981
0.335885
0.359009
0.382416
0.406214
0.430495
0.455311
0.480655
0.506455
0.532613
0.559055
0.585788
0.612981
0.64092
0.669852
0.699873
0.730952
0.763067
0.796291
0.830751
0.866621
0.904162
0.943659
0.985296
1.02908
1.07492
1.12266
1.17218
1.2234
1.27634
1.331
1.38702
1.44365
1.49997
1.55479
1.60692
1.65489
1.69685
1.73067
1.75368
1.76291
1.75596
1.73095
1.68022
1.59881
-1.1278
-1.21151
-1.26242
-1.28592
-1.29081
-1.27962
-1.25499
-1.22002
-1.17747
-1.12962
-1.07829
-1.02501
-0.971052
-0.917379
-0.864639
-0.813209
-0.763369
-0.715295
-0.669066
-0.624755
-0.582469
-0.54221
-0.50385
-0.467126
-0.431735
-0.39756
-0.364679
-0.333153
-0.302915
-0.273822
-0.245728
-0.21853
-0.192193
-0.166754
-0.142249
-0.118597
-0.0955977
-0.0730672
-0.0509419
-0.0292334
-0.0079329
0.0130255
0.0337567
0.0543979
0.0750502
0.095739
0.116475
0.137343
0.158461
0.179855
0.201443
0.223166
0.24507
0.267253
0.289765
0.312563
0.335578
0.358812
0.382367
0.406362
0.430861
0.455881
0.481414
0.507413
0.533799
0.560497
0.587513
0.615037
0.643382
0.6728
0.703373
0.735077
0.767912
0.801956
0.837333
0.874258
0.913054
0.954055
0.997498
1.04348
1.09196
1.14279
1.19588
1.2513
1.30919
1.3696
1.4322
1.4963
1.56103
1.62522
1.68751
1.74618
1.79915
1.84378
1.87683
1.8947
1.89441
1.87307
1.82105
1.73292
-1.27077
-1.36221
-1.414
-1.43261
-1.42923
-1.40764
-1.37136
-1.32424
-1.26963
-1.21022
-1.14812
-1.08508
-1.02248
-0.96127
-0.902008
-0.844957
-0.790242
-0.737994
-0.688259
-0.641046
-0.596359
-0.554086
-0.514002
-0.475814
-0.439218
-0.404061
-0.370391
-0.338255
-0.307527
-0.277994
-0.2495
-0.221988
-0.195463
-0.169939
-0.145364
-0.121578
-0.098375
-0.0756357
-0.0533519
-0.0315471
-0.0101812
0.0108688
0.031753
0.0525782
0.073383
0.0941843
0.115055
0.136127
0.157479
0.179046
0.200702
0.222436
0.244384
0.266679
0.289318
0.312205
0.335286
0.358624
0.382345
0.406524
0.431161
0.456269
0.4819
0.508058
0.534651
0.561566
0.588825
0.616667
0.64542
0.67529
0.706325
0.738528
0.77195
0.80668
0.842832
0.880656
0.920551
0.962924
1.00808
1.05618
1.1072
1.16105
1.21776
1.27753
1.34057
1.40701
1.47668
1.54906
1.62315
1.69802
1.77227
1.84389
1.9104
1.96875
2.01508
2.0448
2.05391
2.03824
1.98581
1.8898
-1.43907
-1.53985
-1.59152
-1.60233
-1.58685
-1.5508
-1.499
-1.43629
-1.36672
-1.29342
-1.21874
-1.14459
-1.0724
-1.003
-0.936816
-0.873923
-0.81426
-0.757822
-0.704613
-0.654587
-0.607625
-0.563491
-0.521832
-0.482298
-0.44462
-0.408653
-0.374384
-0.341786
-0.310675
-0.280806
-0.252039
-0.22437
-0.197818
-0.172324
-0.147718
-0.123796
-0.100423
-0.0775725
-0.055261
-0.0334641
-0.012071
0.00908283
0.0301246
0.0510895
0.0719793
0.0928638
0.113893
0.135185
0.156716
0.178342
0.199971
0.2217
0.24373
0.266144
0.288857
0.31177
0.334913
0.358399
0.382299
0.406588
0.43124
0.456348
0.482052
0.508353
0.535095
0.562167
0.589658
0.617844
0.646988
0.677214
0.708582
0.74117
0.775059
0.81031
0.84706
0.885631
0.926483
0.970072
1.01678
1.06682
1.12024
1.17703
1.23731
1.30138
1.36971
1.44248
1.51962
1.6008
1.68537
1.77243
1.86047
1.94747
2.03067
2.10649
2.17011
2.21595
2.23855
2.2317
2.17993
2.07453
-1.63938
-1.75154
-1.80121
-1.79971
-1.76669
-1.71063
-1.63821
-1.55559
-1.4676
-1.37775
-1.28858
-1.20198
-1.11928
-1.04115
-0.967739
-0.898881
-0.83432
-0.773853
-0.717383
-0.66475
-0.615692
-0.569861
-0.526813
-0.486153
-0.447631
-0.411105
-0.376471
-0.343577
-0.312185
-0.282076
-0.253174
-0.225518
-0.199098
-0.173734
-0.149149
-0.125156
-0.101731
-0.0789121
-0.0566824
-0.0349343
-0.0135089
0.00773613
0.0288588
0.0498494
0.0707497
0.0917202
0.112931
0.134399
0.155984
0.17755
0.199126
0.220899
0.243032
0.26551
0.28822
0.31115
0.334418
0.358095
0.38212
0.406404
0.430993
0.456095
0.481871
0.508254
0.535068
0.562277
0.590034
0.618557
0.648
0.678455
0.710047
0.742909
0.777108
0.812706
0.849902
0.889075
0.930699
0.975295
1.02336
1.07517
1.13074
1.19019
1.25389
1.32227
1.3958
1.47491
1.55987
1.65048
1.74645
1.84699
1.95091
2.05615
2.15964
2.25734
2.34366
2.41146
2.45325
2.46005
2.41092
2.29432
-1.88148
-2.00741
-2.05147
-2.0305
-1.97197
-1.88831
-1.7887
-1.68086
-1.57036
-1.46106
-1.35543
-1.25515
-1.16124
-1.07404
-0.993276
-0.9185
-0.849222
-0.785054
-0.725716
-0.670852
-0.620004
-0.572703
-0.528495
-0.486995
-0.447943
-0.411144
-0.376369
-0.343346
-0.311819
-0.281637
-0.252793
-0.225324
-0.199134
-0.173933
-0.149423
-0.125502
-0.10223
-0.0796251
-0.0575678
-0.0358841
-0.0144438
0.00680896
0.0278763
0.0487832
0.0696669
0.0907353
0.112082
0.133592
0.155091
0.17655
0.198117
0.219964
0.242145
0.264594
0.287276
0.310292
0.333747
0.35758
0.381625
0.405832
0.430368
0.455483
0.481285
0.507668
0.534522
0.561896
0.589925
0.618708
0.648318
0.67889
0.710606
0.743603
0.777954
0.813765
0.85126
0.890828
0.933031
0.978474
1.02764
1.08082
1.13822
1.20011
1.26692
1.33925
1.41778
1.50318
1.59599
1.69641
1.80446
1.91983
2.04171
2.16815
2.2961
2.42121
2.53708
2.63474
2.70413
2.732
2.68953
2.55941
-2.18035
-2.32225
-2.3537
-2.30175
-2.20591
-2.08425
-1.949
-1.80953
-1.672
-1.5402
-1.41632
-1.30147
-1.19603
-1.09973
-1.01184
-0.931468
-0.857885
-0.790502
-0.728801
-0.672183
-0.619964
-0.571553
-0.526528
-0.484552
-0.445318
-0.408505
-0.373758
-0.340751
-0.309277
-0.279269
-0.250735
-0.223631
-0.197742
-0.172738
-0.1484
-0.124736
-0.101814
-0.0795467
-0.0577148
-0.0361485
-0.0148111
0.00627817
0.0271451
0.0479098
0.0687714
0.0898879
0.111231
0.132622
0.153958
0.175335
0.196918
0.218782
0.240902
0.263267
0.285966
0.309127
0.332751
0.356646
0.380636
0.404772
0.429288
0.454398
0.480155
0.506494
0.533401
0.560957
0.589201
0.618119
0.64777
0.678348
0.710086
0.743104
0.777459
0.81331
0.850953
0.890785
0.933356
0.979328
1.02924
1.08346
1.14229
1.20613
1.27558
1.35141
1.43451
1.52583
1.62617
1.73637
1.85688
1.98811
2.12973
2.28035
2.43744
2.59661
2.75071
2.88911
2.99838
3.05934
3.03094
2.88548
-2.56033
-2.7181
-2.72314
-2.62145
-2.47091
-2.29709
-2.1156
-1.93718
-1.76795
-1.61095
-1.46751
-1.33772
-1.22092
-1.11601
-1.02161
-0.936384
-0.859257
-0.789369
-0.725918
-0.668064
-0.614951
-0.565913
-0.520549
-0.478543
-0.439493
-0.402918
-0.368372
-0.335566
-0.304387
-0.274818
-0.246814
-0.220209
-0.194709
-0.170028
-0.146065
-0.12287
-0.100432
-0.0785535
-0.0569933
-0.0356645
-0.014618
0.00613094
0.0266993
0.047287
0.0680706
0.0891017
0.110273
0.131439
0.152605
0.173914
0.195463
0.217231
0.239205
0.26149
0.28425
0.307551
0.331258
0.355124
0.37904
0.403143
0.427652
0.452707
0.478363
0.504657
0.531653
0.559363
0.587688
0.616579
0.646177
0.676711
0.708341
0.741188
0.775419
0.81123
0.848858
0.888706
0.931392
0.977592
1.02787
1.08264
1.14235
1.20757
1.27905
1.35772
1.44466
1.54111
1.64839
1.76782
1.90063
2.04801
2.21061
2.38819
2.57914
2.77981
2.98314
3.17696
3.34413
3.45775
3.45806
3.29796
-3.06388
-3.22864
-3.1795
-2.9974
-2.76676
-2.5221
-2.28178
-2.05669
-1.8516
-1.66766
-1.50433
-1.36008
-1.23283
-1.12038
-1.02062
-0.931705
-0.852168
-0.780768
-0.716372
-0.657921
-0.60449
-0.555406
-0.51026
-0.468682
-0.430156
-0.394081
-0.359997
-0.327698
-0.297138
-0.268271
-0.240954
-0.214936
-0.189938
-0.16578
-0.142429
-0.119884
-0.0980179
-0.0765843
-0.0554062
-0.0344938
-0.0139228
0.00636384
0.0265754
0.0469257
0.0675111
0.0882946
0.109168
0.130069
0.151067
0.172268
0.193674
0.215235
0.237031
0.259269
0.282095
0.305456
0.329135
0.352927
0.376807
0.400906
0.425361
0.450296
0.475859
0.502163
0.529219
0.556934
0.585191
0.613981
0.643442
0.673767
0.705129
0.737706
0.771705
0.807301
0.84469
0.884313
0.926831
0.972877
1.02301
1.07779
1.13777
1.20365
1.27635
1.35694
1.44673
1.54721
1.66027
1.7878
1.932
2.09497
2.27885
2.48515
2.71413
2.96415
3.22961
3.49806
3.74946
3.9475
4.00563
3.84113
-3.76867
-3.90537
-3.74598
-3.4337
-3.08715
-2.74847
-2.43584
-2.1573
-1.91387
-1.70304
-1.52116
-1.36427
-1.2285
-1.11037
-1.00699
-0.915997
-0.835456
-0.763737
-0.699385
-0.641172
-0.588167
-0.539726
-0.495388
-0.45468
-0.416993
-0.381709
-0.348431
-0.317023
-0.287436
-0.259537
-0.233079
-0.207793
-0.183486
-0.160076
-0.137529
-0.115747
-0.0945251
-0.0736449
-0.0530242
-0.0327248
-0.0127773
0.00696764
0.0267628
0.0467728
0.0670075
0.0874035
0.107912
0.12854
0.149338
0.17033
0.191472
0.212774
0.23441
0.256606
0.279424
0.302735
0.326334
0.350069
0.373919
0.397967
0.422328
0.447161
0.47266
0.498938
0.52595
0.553547
0.581619
0.61019
0.639379
0.669338
0.700286
0.732479
0.766084
0.801217
0.838115
0.877242
0.919209
0.964621
1.01409
1.06825
1.12777
1.19346
1.26638
1.34773
1.439
1.54201
1.6591
1.7929
1.94644
2.12325
2.32719
2.56213
2.83165
3.13787
3.47906
3.84605
4.21856
4.55247
4.72666
4.59524
-4.81671
-4.8231
-4.44451
-3.92458
-3.41457
-2.95605
-2.55951
-2.22417
-1.94336
-1.70862
-1.51181
-1.34584
-1.20477
-1.0838
-0.979228
-0.888153
-0.808223
-0.737482
-0.674267
-0.617262
-0.56555
-0.518499
-0.475579
-0.436215
-0.399762
-0.365659
-0.333594
-0.303463
-0.275168
-0.248478
-0.223089
-0.19877
-0.17542
-0.153001
-0.131418
-0.110491
-0.090012
-0.0698457
-0.0499802
-0.030461
-0.0112365
0.00790283
0.0271908
0.0467226
0.0664688
0.0863972
0.106514
0.12683
0.147338
0.168015
0.188836
0.209875
0.231348
0.25345
0.276183
0.299384
0.322874
0.346535
0.370334
0.394308
0.418561
0.443297
0.468734
0.494927
0.521765
0.549116
0.576904
0.605124
0.633865
0.663308
0.693717
0.725347
0.758314
0.792706
0.828807
0.86707
0.908019
0.952259
1.00045
1.05328
1.11152
1.17607
1.24802
1.32873
1.41979
1.52336
1.64204
1.77932
1.93904
2.12617
2.34659
2.60732
2.91641
3.28219
3.71109
4.20305
4.74571
5.29497
5.69721
5.70602
-6.46522
-6.08056
-5.28687
-4.44966
-3.71868
-3.11558
-2.62934
-2.24033
-1.92852
-1.67675
-1.47132
-1.30163
-1.15968
-1.03948
-0.936634
-0.84777
-0.770231
-0.701863
-0.640936
-0.586151
-0.536607
-0.491667
-0.450751
-0.413236
-0.3785
-0.346067
-0.315681
-0.287217
-0.260505
-0.235255
-0.211169
-0.188083
-0.165959
-0.144736
-0.124251
-0.104293
-0.0847083
-0.0654393
-0.0464918
-0.0278566
-0.00941805
0.00904387
0.0277204
0.0466628
0.0658399
0.0852531
0.104934
0.124872
0.145012
0.165309
0.185779
0.206557
0.22786
0.249824
0.272401
0.295443
0.318812
0.342389
0.366103
0.389976
0.414138
0.438801
0.464138
0.490153
0.516725
0.543736
0.571122
0.598853
0.626999
0.655792
0.68552
0.716355
0.748377
0.78172
0.816675
0.853622
0.893025
0.935512
0.981785
1.03255
1.08862
1.15096
1.22069
1.29921
1.38818
1.48987
1.60735
1.74443
1.90591
2.09792
2.32851
2.60819
2.95058
3.37306
3.89581
4.53815
5.31001
6.18673
7.01665
7.43452
-9.28793
-7.80214
-6.22483
-4.93523
-3.93279
-3.17547
-2.6095
-2.18259
-1.85501
-1.59892
-1.39481
-1.229
-1.09193
-0.976886
-0.879089
-0.794988
-0.72181
-0.657373
-0.600021
-0.548543
-0.502081
-0.459989
-0.421673
-0.386532
-0.354023
-0.323749
-0.295472
-0.269018
-0.244153
-0.220574
-0.198028
-0.176412
-0.155702
-0.1358
-0.116504
-0.097623
-0.079063
-0.0608102
-0.0428558
-0.0251355
-0.00749723
0.0102598
0.0282753
0.0465749
0.0651507
0.0840391
0.103267
0.122782
0.1425
0.162396
0.182539
0.203079
0.224196
0.245973
0.268356
0.291224
0.314453
0.33791
0.361514
0.385293
0.409382
0.433966
0.459159
0.484926
0.511159
0.537761
0.564638
0.591755
0.619215
0.647252
0.676102
0.705883
0.736676
0.768649
0.802037
0.837171
0.874524
0.91469
0.958353
1.00628
1.05928
1.11829
1.18443
1.25903
1.34379
1.44099
1.55386
1.68624
1.84355
2.03273
2.26339
2.54923
2.90979
3.37326
3.97996
4.78274
5.83572
7.17868
8.81176
10.3606
-14.7788
-10.0664
-6.91423
-5.06214
-3.83104
-2.98736
-2.40492
-1.98987
-1.68272
-1.44785
-1.26304
-1.11389
-0.990928
-0.887793
-0.800071
-0.724527
-0.658647
-0.600497
-0.548651
-0.502083
-0.460036
-0.421899
-0.387116
-0.355165
-0.325602
-0.298099
-0.272427
-0.24838
-0.225704
-0.204112
-0.183408
-0.163529
-0.144441
-0.126009
-0.108032
-0.0903642
-0.0729704
-0.0558438
-0.0389357
-0.0221444
-0.00532616
0.0116775
0.0289739
0.0465913
0.0645448
0.082881
0.101608
0.120642
0.1399
0.159396
0.179224
0.199514
0.2204
0.241944
0.264095
0.286749
0.30979
0.333083
0.356545
0.380215
0.404214
0.428668
0.453638
0.47908
0.504889
0.530965
0.557211
0.583591
0.610218
0.637297
0.664989
0.693376
0.722546
0.752664
0.783934
0.816635
0.851216
0.888247
0.928382
0.972338
1.02088
1.07492
1.13543
1.20357
1.28103
1.36991
1.47295
1.59398
1.73783
1.91119
2.12388
2.39021
2.73257
3.18689
3.81354
4.70814
6.00031
7.92521
11.1647
15.9834
-24.0485
-12.271
-6.64742
-4.36167
-3.15107
-2.41507
-1.94538
-1.62451
-1.39001
-1.20995
-1.0666
-0.949212
-0.850982
-0.76744
-0.695488
-0.632815
-0.577601
-0.528432
-0.484278
-0.444412
-0.408271
-0.375359
-0.345215
-0.317432
-0.291671
-0.267668
-0.245209
-0.224085
-0.204053
-0.184882
-0.166433
-0.148656
-0.131491
-0.114794
-0.0983928
-0.0821901
-0.0661726
-0.0503297
-0.0345977
-0.0188685
-0.00301528
0.0130835
0.0295133
0.0463201
0.0635463
0.081231
0.0993543
0.117829
0.136586
0.155647
0.175106
0.19508
0.215669
0.236916
0.258795
0.281222
0.304069
0.327202
0.350546
0.374123
0.398015
0.422301
0.447001
0.472068
0.497411
0.522907
0.548443
0.573986
0.599629
0.62551
0.651705
0.678282
0.705353
0.733049
0.761528
0.791043
0.822017
0.854961
0.890401
0.928986
0.971475
1.01853
1.07092
1.12979
1.19637
1.27235
1.35991
1.46184
1.58165
1.72438
1.89713
2.11071
2.38289
2.74586
3.26216
4.05184
5.33203
7.71252
13.45
25.3458
0
0
0
0
0
0
0
0
0
0
0
0
0
0
0
0
0
0
0
0
0
0
0
0
0
0
0
0
0
0
0
0
0
0
0
0
0
0
0
0
0
0
0
0
0
0
0
0
0
0
0
0
0
0
0
0
0
0
0
0
0
0
0
0
0
0
0
0
0
0
0
0
0
0
0
0
0
0
0
0
0
0
0
0
0
0
0
0
0
0
0
0
0
0
0
0
0
0
0
0
)
;

boundaryField
{
    obstacleFixedWalls
    {
        type            zeroGradient;
    }
    obstacleFrontAndBack
    {
        type            empty;
    }
    movingWall
    {
        type            zeroGradient;
    }
    fixedWalls
    {
        type            zeroGradient;
    }
    frontAndBack
    {
        type            empty;
    }
}


// ************************************************************************* //
