/*--------------------------------*- C++ -*----------------------------------*\
  =========                 |
  \\      /  F ield         | OpenFOAM: The Open Source CFD Toolbox
   \\    /   O peration     | Website:  https://openfoam.org
    \\  /    A nd           | Version:  11
     \\/     M anipulation  |
\*---------------------------------------------------------------------------*/
FoamFile
{
    format      ascii;
    class       volScalarField;
    location    "0.9";
    object      p;
}
// * * * * * * * * * * * * * * * * * * * * * * * * * * * * * * * * * * * * * //

dimensions      [0 2 -2 0 0 0 0];

internalField   nonuniform List<scalar> 
10100
(
7.09805e-08
-0.000848459
-0.00302588
-0.00507123
-0.00633531
-0.00673037
-0.00624021
-0.00486013
-0.00265448
0.000272913
0.00384516
0.00793418
0.0123313
0.0168235
0.0212487
0.0254621
0.0293779
0.0328872
0.0358751
0.0383507
0.0403779
0.0420573
0.0435163
0.0448619
0.0461734
0.0475312
0.0490297
0.0507419
0.0526839
0.0548308
0.0571394
0.0595495
0.0620051
0.0644887
0.0670282
0.0696634
0.0724089
0.0752601
0.0782092
0.0812436
0.0843394
0.0874613
0.0905683
0.0936271
0.0966145
0.099515
0.102332
0.105096
0.107851
0.110632
0.113457
0.116334
0.119263
0.122255
0.125326
0.12848
0.131711
0.135015
0.138383
0.141795
0.145227
0.148669
0.152125
0.155604
0.159116
0.162653
0.166169
0.169568
0.172757
0.175686
0.178371
0.180855
0.183164
0.185292
0.187211
0.188888
0.190304
0.191456
0.192352
0.193007
0.193436
0.193647
0.193636
0.19339
0.192874
0.192048
0.190882
0.189405
0.187707
0.185895
0.18404
0.182157
0.180243
0.178323
0.176471
0.174797
0.173445
0.172607
0.172453
0.173125
-0.00161063
-0.00122109
-0.00181729
-0.00247809
-0.00276544
-0.0025826
-0.00184757
-0.000513614
0.00144504
0.00398253
0.00705335
0.0105722
0.0144084
0.0183831
0.0222933
0.0260485
0.0295654
0.0327873
0.035667
0.0381458
0.0402242
0.0419729
0.043497
0.0449181
0.046345
0.0478659
0.0495528
0.0514376
0.0535072
0.0557293
0.0580667
0.0604715
0.0629011
0.0653487
0.0678376
0.0703941
0.0730363
0.0757765
0.0786205
0.081558
0.0845564
0.087573
0.0905755
0.0935429
0.0964533
0.0992884
0.102056
0.104789
0.107531
0.110313
0.113145
0.116022
0.11894
0.121912
0.12496
0.128084
0.131276
0.134534
0.137852
0.141202
0.144553
0.147893
0.151232
0.154586
0.157969
0.161374
0.164745
0.167985
0.171006
0.173777
0.176326
0.178702
0.180924
0.182973
0.184813
0.186412
0.187753
0.188833
0.18966
0.190255
0.190648
0.190863
0.190906
0.190755
0.190366
0.189689
0.188707
0.187466
0.186065
0.1846
0.183116
0.181601
0.180036
0.178438
0.176879
0.175471
0.17433
0.173589
0.173358
0.173708
-0.00333028
-0.00160717
-0.000855027
-0.000404485
8.39275e-05
0.000725058
0.00163276
0.00294845
0.00472401
0.00697386
0.00964793
0.0127214
0.0161028
0.0196498
0.0232064
0.0266159
0.0298105
0.0327746
0.0354929
0.0379169
0.0400229
0.0418252
0.0434042
0.0448878
0.0463941
0.048022
0.0498401
0.0518551
0.0540313
0.0563277
0.0586998
0.0611013
0.0635053
0.065922
0.0683765
0.0708789
0.0734416
0.0760953
0.0788601
0.0817217
0.0846437
0.0875859
0.0905165
0.093416
0.0962665
0.0990506
0.101778
0.104493
0.107235
0.110021
0.112855
0.115733
0.118648
0.121609
0.124636
0.127739
0.13091
0.134143
0.137431
0.140743
0.144036
0.147292
0.150526
0.15377
0.157043
0.160328
0.163559
0.166642
0.16951
0.172151
0.174603
0.176909
0.179077
0.181079
0.182869
0.184416
0.185705
0.186733
0.187507
0.188058
0.188431
0.188667
0.188771
0.188707
0.188417
0.18785
0.187006
0.185947
0.184775
0.183577
0.182375
0.181137
0.179825
0.178448
0.177081
0.175832
0.174777
0.173986
0.173514
0.173351
-0.00433975
-0.00155383
0.000226208
0.00154324
0.00260861
0.0035846
0.00462024
0.00589383
0.00753045
0.00955727
0.0119542
0.0146572
0.0176381
0.0208042
0.0240383
0.0271905
0.0301694
0.0329239
0.0354532
0.037756
0.0398131
0.0416328
0.0432786
0.0448428
0.046433
0.0481533
0.0500604
0.0521519
0.0544006
0.0567653
0.0591809
0.0615926
0.0639893
0.0663892
0.0688132
0.0712732
0.0737846
0.0763802
0.0790832
0.0818795
0.0847347
0.0876194
0.0905049
0.0933605
0.096164
0.0989126
0.101628
0.104348
0.107103
0.109902
0.112742
0.11562
0.11853
0.12148
0.124489
0.127568
0.130715
0.13393
0.137197
0.140473
0.143705
0.146875
0.150009
0.153145
0.156299
0.159445
0.162516
0.165434
0.168156
0.17069
0.173075
0.175339
0.177469
0.179424
0.181164
0.182662
0.183907
0.18489
0.18562
0.186139
0.186511
0.186783
0.186953
0.186971
0.186773
0.186318
0.185618
0.184739
0.183774
0.182796
0.181816
0.18079
0.179663
0.178433
0.17718
0.176002
0.174928
0.173978
0.173175
0.172486
-0.00430226
-0.000926628
0.00147965
0.00335706
0.00483125
0.00600459
0.00713159
0.00837055
0.00989163
0.01177
0.013987
0.0164812
0.0191824
0.0220391
0.0249847
0.0279224
0.0307366
0.0333633
0.0357641
0.0379401
0.0399066
0.0416953
0.0433604
0.0449779
0.0466445
0.0484424
0.0504084
0.0525449
0.0548356
0.0572386
0.0596862
0.0621219
0.0645322
0.066928
0.0693226
0.0717387
0.0742114
0.0767718
0.0794287
0.0821692
0.084972
0.0878132
0.090661
0.0934813
0.0962533
0.0989805
0.101693
0.104431
0.107208
0.110015
0.112851
0.115721
0.11862
0.121548
0.124526
0.127573
0.130694
0.133886
0.137125
0.140355
0.143516
0.146595
0.149629
0.152656
0.15568
0.158671
0.161572
0.164331
0.166927
0.169378
0.171714
0.173939
0.176026
0.177928
0.179613
0.181061
0.18226
0.183199
0.183894
0.184403
0.184799
0.185127
0.185369
0.185468
0.185362
0.185026
0.184477
0.183771
0.182983
0.182174
0.181355
0.180479
0.179481
0.17835
0.177158
0.175985
0.174814
0.173645
0.172509
0.171353
-0.00320602
0.000302466
0.00294747
0.00510737
0.00676357
0.00805081
0.00918834
0.0104125
0.0118599
0.0136091
0.0157024
0.0180863
0.0206476
0.0233406
0.0260821
0.0288222
0.031484
0.0339993
0.0363102
0.0384026
0.0403023
0.0420518
0.0437042
0.0453403
0.0470527
0.0489006
0.0509054
0.0530757
0.0553973
0.0578178
0.0602761
0.0627329
0.065166
0.0675634
0.0699338
0.0723125
0.074748
0.0772749
0.0798966
0.0825963
0.0853599
0.0881696
0.0909879
0.0937755
0.0965215
0.0992411
0.101963
0.104716
0.107506
0.110317
0.113147
0.116004
0.118884
0.121782
0.124721
0.127732
0.130824
0.133991
0.137195
0.140369
0.143453
0.146445
0.149388
0.152313
0.155209
0.158043
0.160784
0.163412
0.165919
0.168312
0.170602
0.172779
0.17481
0.176651
0.178276
0.17967
0.180821
0.181721
0.182396
0.182911
0.183344
0.183732
0.184043
0.184212
0.184189
0.183961
0.183551
0.182994
0.18234
0.181646
0.180933
0.180162
0.179261
0.178205
0.177047
0.175832
0.174518
0.173124
0.171698
0.170153
-0.00112343
0.002206
0.00476986
0.00695595
0.00865908
0.0099255
0.0110617
0.0122356
0.0135984
0.0152569
0.0172225
0.0194765
0.0219678
0.0245792
0.0272168
0.0298213
0.0323482
0.0347373
0.0369535
0.0389817
0.040837
0.0425595
0.0442082
0.0458638
0.0476002
0.0494675
0.0514975
0.0536977
0.0560409
0.0584716
0.0609373
0.0634062
0.0658494
0.0682395
0.0705855
0.0729359
0.0753419
0.0778321
0.0804143
0.0830829
0.0858255
0.0886156
0.0914078
0.0941667
0.0968963
0.0996208
0.102359
0.105124
0.107916
0.110726
0.113553
0.116403
0.119261
0.122122
0.125022
0.128004
0.131075
0.134212
0.137368
0.140477
0.143489
0.146408
0.149274
0.152104
0.154875
0.157568
0.160179
0.162713
0.165159
0.167508
0.169749
0.171868
0.173831
0.175602
0.177159
0.178493
0.179597
0.180469
0.181135
0.181663
0.182131
0.182566
0.182929
0.183152
0.183197
0.183068
0.18278
0.182345
0.18179
0.181171
0.180529
0.17984
0.179024
0.178036
0.176896
0.175619
0.174158
0.17257
0.170914
0.169049
0.00184205
0.00475008
0.00705988
0.00906338
0.0106517
0.011832
0.0128687
0.0139502
0.0152232
0.0167739
0.018618
0.0207418
0.0231234
0.0256503
0.0282293
0.0307539
0.0331809
0.0354754
0.0376086
0.0395733
0.0413939
0.0431064
0.0447651
0.0464451
0.0482061
0.0500912
0.0521393
0.0543566
0.0567063
0.0591413
0.0616197
0.0640965
0.0665264
0.0688887
0.071209
0.0735385
0.0759163
0.0783668
0.0809126
0.0835626
0.0862969
0.0890721
0.0918389
0.0945762
0.0973031
0.100041
0.10279
0.105557
0.108347
0.111158
0.113987
0.116829
0.119664
0.122491
0.125362
0.128327
0.13138
0.134477
0.137572
0.140616
0.143571
0.146435
0.149234
0.151973
0.154633
0.157212
0.159731
0.162203
0.164609
0.166916
0.169108
0.171166
0.173063
0.174763
0.176249
0.177525
0.178594
0.179457
0.180132
0.18068
0.181173
0.181638
0.182037
0.182306
0.182416
0.182376
0.182191
0.181849
0.181361
0.180785
0.180183
0.179546
0.178796
0.177868
0.176748
0.175421
0.173848
0.172118
0.170277
0.168138
0.00557729
0.00790631
0.00979466
0.0114846
0.0128307
0.0138395
0.0146988
0.0156301
0.0167661
0.0181803
0.0199074
0.0219231
0.0241678
0.0265832
0.0290672
0.0315224
0.0338761
0.0360976
0.0381717
0.0400977
0.0418957
0.0436058
0.0452848
0.0469914
0.0487798
0.0506961
0.0527663
0.0549855
0.0573303
0.0597706
0.0622573
0.0647256
0.0671281
0.0694621
0.0717605
0.0740639
0.0764062
0.0788243
0.0813548
0.0840013
0.0867268
0.0894828
0.0922309
0.0949612
0.0976924
0.100435
0.10318
0.105938
0.108729
0.111547
0.114376
0.117204
0.120015
0.122821
0.12568
0.128636
0.131663
0.134709
0.13774
0.140732
0.143647
0.146468
0.149202
0.151855
0.154422
0.156919
0.159379
0.161812
0.164187
0.16646
0.168609
0.170621
0.172466
0.174107
0.175536
0.176774
0.177838
0.178723
0.179429
0.18
0.180509
0.180997
0.181432
0.181753
0.181927
0.181958
0.181844
0.181561
0.181111
0.180554
0.179962
0.179342
0.17863
0.177756
0.176671
0.175325
0.173681
0.171841
0.169835
0.167446
0.00993092
0.0115657
0.012933
0.0141868
0.0151855
0.0159217
0.0165818
0.0173142
0.0182591
0.0195248
0.021121
0.0230081
0.0251212
0.0274157
0.0297795
0.0321318
0.0344046
0.0365594
0.0385813
0.0404791
0.0422684
0.0439827
0.0456821
0.0474229
0.0492481
0.0511945
0.0532837
0.055513
0.0578629
0.0603014
0.0627758
0.0652256
0.0676114
0.0699298
0.0722063
0.0744806
0.0767975
0.0792059
0.0817411
0.0843907
0.0871051
0.089844
0.0925845
0.0953167
0.0980463
0.100774
0.103499
0.106247
0.109042
0.111865
0.114683
0.117491
0.12029
0.123096
0.125956
0.128897
0.131885
0.134874
0.137853
0.140809
0.143695
0.14647
0.149136
0.151713
0.154209
0.156646
0.15906
0.161464
0.163821
0.166079
0.168209
0.170197
0.172012
0.173621
0.175022
0.176257
0.177353
0.17829
0.179041
0.179633
0.180152
0.180658
0.181134
0.181511
0.18174
0.181816
0.181736
0.181482
0.181059
0.180519
0.179929
0.179309
0.178617
0.177791
0.176746
0.175395
0.173689
0.171742
0.169578
0.166971
0.0147549
0.0155933
0.0163435
0.0170882
0.0176684
0.018082
0.0184812
0.0190033
0.0197622
0.0208526
0.0222926
0.0240287
0.0260061
0.0281517
0.0303903
0.0326174
0.0347756
0.0368516
0.0388233
0.0406765
0.0424405
0.0441695
0.045903
0.0476736
0.0495296
0.0515131
0.0536337
0.0558792
0.0582335
0.0606687
0.0631326
0.065569
0.0679466
0.0702604
0.072528
0.0747922
0.0771105
0.0795351
0.0820893
0.0847458
0.0874551
0.0901904
0.0929344
0.0956643
0.0983756
0.101076
0.103779
0.106521
0.109318
0.112135
0.114935
0.117731
0.120539
0.12336
0.126215
0.129126
0.132068
0.135009
0.137952
0.140881
0.143733
0.146454
0.149053
0.151564
0.154001
0.156381
0.158748
0.161129
0.16349
0.165762
0.167899
0.169885
0.171695
0.173301
0.174712
0.175978
0.177127
0.178124
0.178917
0.179524
0.180041
0.180558
0.18107
0.181498
0.181771
0.181871
0.181807
0.181579
0.181195
0.18069
0.180115
0.179494
0.178816
0.178023
0.176999
0.17562
0.173836
0.171782
0.169487
0.166716
0.0198547
0.0198178
0.0198931
0.0200635
0.020212
0.0202988
0.0204141
0.0207204
0.0213155
0.0222326
0.0234833
0.0250424
0.0268652
0.0288425
0.0309043
0.0329826
0.0350273
0.0369956
0.0388722
0.0406695
0.042418
0.0441496
0.0458951
0.0476993
0.0496065
0.0516333
0.0537777
0.056038
0.0584045
0.0608427
0.0633006
0.0657335
0.0681171
0.070442
0.0727228
0.0750102
0.0773662
0.0798314
0.0824148
0.0850882
0.0878114
0.0905625
0.0933137
0.0960297
0.0987134
0.101393
0.104088
0.106825
0.109614
0.112417
0.115209
0.118017
0.120848
0.123677
0.126513
0.129386
0.132289
0.135195
0.138106
0.141003
0.143814
0.146479
0.149013
0.151459
0.153831
0.156147
0.158464
0.160833
0.163219
0.16553
0.167691
0.169686
0.171505
0.173136
0.174586
0.175898
0.177098
0.178143
0.178967
0.179583
0.1801
0.180624
0.181166
0.181638
0.181949
0.182074
0.182031
0.18184
0.181509
0.181048
0.180487
0.17986
0.179182
0.178396
0.177357
0.175922
0.174059
0.17193
0.16956
0.166691
0.024979
0.0240664
0.0234405
0.0230211
0.0227227
0.0225009
0.0224026
0.0225168
0.0229271
0.0236716
0.0247509
0.026122
0.0277173
0.0294996
0.0313802
0.033281
0.0351622
0.0369988
0.0387791
0.0405103
0.0422198
0.0439386
0.0457007
0.0475465
0.0495011
0.0515652
0.0537353
0.0560123
0.0583847
0.0608207
0.0632788
0.0657218
0.0681242
0.0704771
0.0728013
0.0751497
0.0775725
0.0800941
0.0827213
0.0854342
0.0881939
0.0909699
0.0937253
0.0964277
0.0990978
0.101776
0.104473
0.107204
0.109983
0.112785
0.115593
0.118426
0.121275
0.124098
0.126905
0.129745
0.13262
0.135498
0.138372
0.141231
0.144004
0.146619
0.149085
0.151452
0.153745
0.15599
0.158264
0.160632
0.163057
0.16541
0.167594
0.169593
0.171426
0.173093
0.174594
0.175955
0.177194
0.178273
0.179132
0.179778
0.180317
0.180866
0.181442
0.181959
0.182312
0.182468
0.182453
0.182298
0.182004
0.181558
0.180978
0.180319
0.179617
0.178811
0.177734
0.176243
0.174336
0.172193
0.169809
0.166897
0.0298869
0.0281662
0.0268607
0.0258636
0.0251307
0.0246537
0.0243717
0.0243168
0.0245794
0.0251683
0.026051
0.0272132
0.0285972
0.0301548
0.0318133
0.0335226
0.0352373
0.0369294
0.0385965
0.0402555
0.0419272
0.0436341
0.045412
0.0472946
0.0492894
0.0513846
0.0535735
0.0558558
0.0582217
0.0606481
0.0631042
0.065559
0.0679909
0.0703952
0.072791
0.0752216
0.0777243
0.0803173
0.08301
0.0857816
0.0885841
0.0913834
0.0941492
0.0968587
0.0995397
0.102231
0.104934
0.107665
0.110453
0.113281
0.116119
0.118973
0.121828
0.124639
0.127423
0.13024
0.133093
0.135941
0.138781
0.14161
0.144355
0.146926
0.149318
0.151592
0.153796
0.155976
0.158217
0.160589
0.163042
0.16542
0.167605
0.169593
0.171431
0.173134
0.174687
0.176094
0.177371
0.178496
0.179419
0.180139
0.180748
0.181354
0.181981
0.182542
0.182934
0.183118
0.183123
0.182981
0.182682
0.1822
0.181556
0.180832
0.180084
0.179241
0.178125
0.17661
0.174718
0.172614
0.170252
0.167329
0.0343856
0.0319274
0.0300587
0.0285551
0.0274037
0.0266622
0.0262435
0.0260728
0.0261753
0.0266014
0.0273217
0.0282734
0.0294365
0.030764
0.0322141
0.0337324
0.0352724
0.0368247
0.0383962
0.039994
0.0416273
0.0433255
0.0451278
0.0470473
0.0490687
0.0511769
0.0533695
0.0556444
0.0579891
0.0603898
0.0628334
0.0653011
0.0677748
0.070245
0.0727216
0.0752398
0.0778313
0.0805081
0.0832743
0.0861031
0.0889436
0.0917702
0.0945638
0.0973024
0.100009
0.102722
0.105444
0.108199
0.111023
0.11389
0.116757
0.119624
0.122482
0.125291
0.128062
0.130859
0.133693
0.136521
0.139343
0.142161
0.144892
0.147422
0.149733
0.151911
0.154036
0.15617
0.158391
0.160756
0.163204
0.165571
0.167728
0.169685
0.171512
0.17324
0.174842
0.176302
0.177633
0.178831
0.179857
0.180699
0.181419
0.182109
0.182792
0.183393
0.18381
0.184005
0.184012
0.183858
0.183523
0.182974
0.182246
0.181446
0.180642
0.17976
0.178623
0.177124
0.175287
0.173243
0.170911
0.167992
0.0383454
0.0352693
0.0329085
0.0309994
0.0295204
0.0285218
0.0279348
0.0276536
0.0276366
0.0279043
0.0284474
0.0292103
0.0301735
0.0313002
0.0325533
0.0338845
0.0352749
0.0367234
0.0382217
0.0397648
0.0413722
0.0430839
0.0449203
0.0468656
0.0488983
0.0510104
0.0531966
0.055445
0.0577476
0.0601111
0.0625417
0.065026
0.067542
0.0700758
0.0726323
0.0752405
0.0779221
0.0806763
0.0835021
0.0863767
0.0892554
0.0921197
0.0949532
0.0977294
0.100471
0.103222
0.105989
0.108793
0.111665
0.114574
0.117465
0.120345
0.123216
0.126031
0.128796
0.131577
0.1344
0.137231
0.140062
0.142886
0.145609
0.148099
0.150338
0.152438
0.154514
0.156626
0.15883
0.161165
0.16357
0.165884
0.167988
0.169895
0.171699
0.173439
0.175083
0.176603
0.178008
0.179302
0.180453
0.181433
0.182273
0.183046
0.183774
0.184396
0.18482
0.185014
0.185013
0.184843
0.184476
0.183876
0.183087
0.182232
0.181386
0.180475
0.179336
0.177871
0.176094
0.174101
0.1718
0.168907
0.0417498
0.038132
0.0353577
0.0331358
0.0313773
0.0301567
0.0294068
0.0289995
0.0288649
0.0289924
0.0293718
0.0299779
0.0307613
0.0317073
0.0327831
0.0339631
0.0352449
0.0366143
0.0380536
0.0395664
0.0411819
0.0429253
0.0447897
0.046752
0.0487981
0.0509154
0.0530822
0.055286
0.0575398
0.0598715
0.0622943
0.0647921
0.0673435
0.0699372
0.0725723
0.0752643
0.07802
0.0808302
0.0836993
0.0866143
0.0895338
0.092439
0.0953139
0.0981334
0.100926
0.10374
0.106575
0.109438
0.112358
0.115303
0.118223
0.121125
0.124015
0.12684
0.129599
0.132371
0.135202
0.138059
0.140915
0.14375
0.146465
0.148926
0.151122
0.153183
0.155241
0.157353
0.159542
0.161826
0.164154
0.166388
0.168422
0.170275
0.172047
0.173788
0.175468
0.177047
0.17853
0.179922
0.181187
0.182283
0.183217
0.184048
0.1848
0.185424
0.185843
0.18603
0.186025
0.185853
0.185482
0.184874
0.184076
0.183209
0.182348
0.181425
0.180289
0.17885
0.177114
0.175166
0.172913
0.170083
0.0446093
0.0405486
0.0374018
0.0349039
0.0329392
0.0315256
0.0306026
0.0300704
0.0298281
0.0298373
0.0300825
0.0305409
0.0311672
0.0319514
0.0328794
0.0339464
0.0351423
0.0364467
0.0378511
0.0393687
0.0410175
0.0427952
0.0446842
0.0466706
0.0487396
0.05086
0.0529997
0.055161
0.0573793
0.0596917
0.0621101
0.0646205
0.0672083
0.0698627
0.072569
0.0753267
0.0781354
0.080987
0.0838934
0.0868466
0.089803
0.092745
0.0956644
0.0985421
0.101407
0.104299
0.107206
0.110123
0.113084
0.116067
0.119021
0.121948
0.124853
0.127684
0.130441
0.133215
0.136069
0.138962
0.141842
0.144678
0.147385
0.149842
0.152038
0.154105
0.156179
0.158304
0.16048
0.162708
0.164949
0.167096
0.16906
0.170867
0.172615
0.174355
0.176061
0.177689
0.179236
0.180703
0.182049
0.183219
0.184211
0.185072
0.185832
0.18645
0.186859
0.187041
0.187037
0.186875
0.186523
0.185943
0.185178
0.184337
0.183484
0.182554
0.181413
0.179981
0.178279
0.176393
0.174223
0.171502
0.0468648
0.0425495
0.0391088
0.036331
0.0341753
0.0326053
0.0315298
0.030873
0.030532
0.0304443
0.030581
0.0308978
0.0313843
0.0320274
0.0328326
0.0338026
0.034921
0.0361775
0.037575
0.03912
0.0408055
0.0426135
0.0445338
0.0465574
0.0486537
0.0507746
0.0528933
0.0550316
0.0572357
0.0595421
0.0619646
0.0644964
0.0671276
0.0698404
0.072605
0.0754128
0.0782648
0.0811555
0.0840973
0.0870827
0.0900697
0.0930495
0.0960247
0.098976
0.101921
0.104888
0.107855
0.110819
0.11382
0.116843
0.119829
0.122774
0.125686
0.128523
0.131286
0.134073
0.13695
0.139868
0.142759
0.145589
0.148297
0.15078
0.153021
0.155137
0.157253
0.159406
0.16158
0.163765
0.165934
0.168005
0.169917
0.171696
0.173435
0.17518
0.176903
0.178561
0.180145
0.181653
0.183042
0.184254
0.185279
0.186162
0.186929
0.187545
0.187948
0.188127
0.188125
0.187972
0.187639
0.187092
0.18637
0.185563
0.184719
0.183774
0.182613
0.181187
0.179542
0.17776
0.175714
0.173142
0.0484959
0.0440735
0.0404589
0.0374478
0.0350905
0.0333886
0.0322011
0.0314361
0.0310077
0.0308383
0.030875
0.0310731
0.0314303
0.0319501
0.032646
0.0335185
0.0345672
0.0357976
0.0372065
0.0387771
0.0404857
0.0423215
0.0442838
0.0463504
0.0484686
0.0505889
0.052702
0.0548422
0.0570536
0.0593687
0.0618072
0.0643699
0.0670468
0.0698121
0.0726269
0.0754805
0.0783759
0.0813046
0.0842771
0.08729
0.0903093
0.0933358
0.0963768
0.0994047
0.102422
0.105451
0.10847
0.111479
0.114522
0.117584
0.120599
0.123558
0.12648
0.129334
0.132119
0.134922
0.13781
0.140736
0.14363
0.14646
0.149186
0.151722
0.154043
0.156239
0.15842
0.160616
0.162806
0.164972
0.167093
0.169114
0.170994
0.172765
0.174508
0.176258
0.177985
0.179646
0.181234
0.182752
0.184161
0.185405
0.186467
0.18738
0.188166
0.188788
0.189189
0.189365
0.189362
0.189207
0.188875
0.188344
0.187649
0.186861
0.186007
0.185033
0.183856
0.182468
0.18093
0.179297
0.177404
0.175009
0.0494758
0.0450518
0.0413803
0.038217
0.0356881
0.0338757
0.0326119
0.0317751
0.0312803
0.0310424
0.0309876
0.0310924
0.0313385
0.0317455
0.0323333
0.0331153
0.0341131
0.0353308
0.0367443
0.0383201
0.0400406
0.041908
0.0439133
0.0460093
0.0481351
0.0502582
0.0523856
0.0545491
0.0567812
0.059113
0.0615737
0.0641707
0.0668912
0.0697045
0.072567
0.0754663
0.0784038
0.0813674
0.0843686
0.0874124
0.0904734
0.093555
0.0966617
0.0997579
0.102838
0.105923
0.108997
0.112059
0.115149
0.118252
0.121304
0.124293
0.127244
0.130136
0.132958
0.135779
0.138667
0.141592
0.144491
0.147339
0.150103
0.152709
0.155126
0.157419
0.159681
0.161935
0.164155
0.166322
0.168419
0.170412
0.172279
0.174053
0.175801
0.177546
0.179257
0.180894
0.182463
0.183974
0.185401
0.186686
0.187803
0.188765
0.189577
0.190202
0.190595
0.190762
0.190749
0.190581
0.190236
0.189705
0.189021
0.188233
0.187355
0.186355
0.185196
0.1839
0.182517
0.181058
0.179333
0.177125
0.0498305
0.0454639
0.0417995
0.0385785
0.0359491
0.0340583
0.0327518
0.0318826
0.0313457
0.0310583
0.0309455
0.030972
0.0311244
0.0314301
0.0319229
0.0326392
0.0336017
0.0347978
0.0361933
0.0377613
0.0394958
0.0413926
0.0434188
0.0455161
0.0476407
0.0497801
0.0519387
0.0541309
0.0563808
0.058727
0.0612107
0.0638415
0.0666021
0.0694583
0.0723645
0.0753065
0.0782846
0.0812852
0.0843216
0.0874056
0.0905156
0.0936528
0.0968194
0.0999777
0.103119
0.106267
0.109408
0.112534
0.115681
0.11884
0.121952
0.125001
0.128009
0.130957
0.133826
0.13667
0.139559
0.142486
0.145403
0.148284
0.151097
0.153775
0.156287
0.158683
0.161035
0.163357
0.165617
0.167794
0.169881
0.171863
0.17373
0.175513
0.177262
0.178989
0.180666
0.18227
0.183818
0.185333
0.186794
0.188141
0.189329
0.190344
0.191176
0.191788
0.192154
0.192292
0.192255
0.192064
0.191706
0.191176
0.190502
0.189714
0.188824
0.187829
0.186737
0.185575
0.184363
0.183073
0.181507
0.179484
0.049647
0.0453349
0.0417009
0.0385061
0.0358557
0.0339274
0.0326085
0.0317417
0.0311965
0.0308823
0.0307382
0.0307034
0.030783
0.0310117
0.0314396
0.032111
0.0330354
0.0341948
0.0355651
0.0371304
0.0388783
0.0407815
0.0427952
0.0448785
0.0470117
0.0491814
0.0513701
0.0535777
0.0558343
0.0581931
0.0607019
0.0633646
0.066158
0.0690495
0.0719955
0.0749813
0.0780066
0.0810548
0.084137
0.0872672
0.0904263
0.0936152
0.0968376
0.100059
0.103269
0.106487
0.109703
0.112906
0.116126
0.119359
0.122557
0.125694
0.128777
0.131787
0.134706
0.137582
0.140486
0.143428
0.146373
0.149292
0.152151
0.154893
0.157493
0.159992
0.16244
0.164836
0.167141
0.169336
0.171424
0.173409
0.175294
0.177099
0.178852
0.180562
0.18221
0.183795
0.18535
0.186902
0.188425
0.189849
0.191108
0.192164
0.192994
0.193571
0.193887
0.193978
0.193902
0.193683
0.193315
0.192798
0.192146
0.191375
0.190502
0.189553
0.188559
0.187532
0.186461
0.185309
0.183875
0.182022
0.0489936
0.0447387
0.0411472
0.0380199
0.0354142
0.0335009
0.0321971
0.0313493
0.0308194
0.0305025
0.0303331
0.0302629
0.0302984
0.0304795
0.0308651
0.0314944
0.0323761
0.0335035
0.0348611
0.0364274
0.0381704
0.0400514
0.042041
0.0441233
0.0462807
0.0484774
0.0506772
0.0528855
0.0551497
0.0575296
0.0600665
0.0627555
0.065574
0.0684992
0.0714924
0.0745354
0.0776214
0.080728
0.0838609
0.087036
0.0902401
0.093477
0.0967539
0.10004
0.103319
0.106607
0.109898
0.113185
0.116488
0.119809
0.123104
0.126336
0.129495
0.132564
0.135537
0.13846
0.141399
0.144371
0.147349
0.150304
0.153201
0.156001
0.158689
0.161294
0.163845
0.166323
0.168683
0.170908
0.173014
0.175025
0.176952
0.178799
0.180576
0.182285
0.183928
0.18553
0.187132
0.188754
0.190357
0.191855
0.193165
0.194237
0.195045
0.195575
0.195839
0.195884
0.195769
0.195525
0.195152
0.194653
0.194031
0.193293
0.192462
0.191578
0.190669
0.189732
0.188753
0.187694
0.186357
0.184649
0.0479188
0.0437757
0.0402474
0.0372018
0.0346796
0.0328199
0.0315445
0.030715
0.0301984
0.029891
0.0297061
0.0296189
0.0296303
0.0297821
0.0301322
0.0307214
0.0315723
0.0326863
0.0340407
0.035598
0.0373179
0.0391747
0.0411618
0.0432662
0.0454483
0.0476538
0.0498518
0.0520678
0.0543575
0.05677
0.0593334
0.062043
0.0648897
0.0678633
0.0709242
0.0740415
0.0771974
0.080363
0.0835423
0.086757
0.0900025
0.0932837
0.0966089
0.099952
0.103293
0.106642
0.110004
0.113376
0.116768
0.120174
0.123556
0.126873
0.130101
0.133231
0.13627
0.139263
0.142262
0.145281
0.148297
0.151284
0.154222
0.157089
0.159879
0.162603
0.165267
0.167836
0.170265
0.172538
0.174686
0.176747
0.178736
0.180647
0.182467
0.184199
0.185863
0.187506
0.189176
0.190876
0.192547
0.194092
0.195422
0.196487
0.197268
0.197767
0.198004
0.198032
0.197905
0.197651
0.19728
0.196797
0.1962
0.195493
0.194703
0.193866
0.193001
0.192103
0.191172
0.190172
0.188904
0.187318
0.0465117
0.0425511
0.0391279
0.0361762
0.0337377
0.0319315
0.0306748
0.0298533
0.0293401
0.0290299
0.0288381
0.0287344
0.0287243
0.0288518
0.0291713
0.029734
0.0305721
0.0316818
0.0330291
0.0345709
0.0362767
0.0381385
0.0401527
0.0422864
0.0444805
0.0466869
0.048897
0.051147
0.0534801
0.0559267
0.0585134
0.0612511
0.0641472
0.0671955
0.0703439
0.0735425
0.0767649
0.0799832
0.0832038
0.0864553
0.0897413
0.0930634
0.0964272
0.0998158
0.103211
0.106619
0.11005
0.113506
0.116982
0.120461
0.123913
0.1273
0.130599
0.133807
0.136938
0.140029
0.143111
0.146193
0.149256
0.152284
0.155275
0.15823
0.161144
0.164007
0.166793
0.169458
0.171962
0.174301
0.176511
0.178637
0.180695
0.182671
0.18454
0.186303
0.187996
0.189682
0.191405
0.193154
0.194855
0.196408
0.19773
0.198781
0.199553
0.200054
0.20031
0.200365
0.200262
0.200022
0.19966
0.199187
0.198606
0.19792
0.197152
0.19633
0.195472
0.194588
0.193689
0.192734
0.191527
0.190043
0.0449102
0.0411731
0.037895
0.0350381
0.0326558
0.0308786
0.0296258
0.0287914
0.0282628
0.0279278
0.0277188
0.0275905
0.027555
0.027657
0.0279535
0.0285026
0.0293334
0.0304352
0.0317742
0.0333156
0.0350394
0.0369378
0.0389896
0.0411432
0.0433443
0.045568
0.0478189
0.0501218
0.052499
0.0549746
0.0575918
0.0603829
0.0633595
0.0665037
0.0697448
0.0730198
0.0763028
0.0795739
0.0828417
0.0861369
0.0894683
0.092833
0.0962345
0.0996693
0.103127
0.106604
0.110109
0.113645
0.117194
0.120733
0.124241
0.127696
0.13108
0.134392
0.137645
0.140854
0.144034
0.147189
0.150309
0.153391
0.156453
0.159516
0.162572
0.165582
0.16849
0.171246
0.173823
0.176231
0.178512
0.180705
0.182825
0.184851
0.186755
0.188541
0.190256
0.191967
0.193714
0.195471
0.197164
0.198701
0.200013
0.201067
0.201859
0.202399
0.202709
0.202819
0.202759
0.202544
0.202191
0.201725
0.201156
0.200484
0.199724
0.198902
0.19805
0.197191
0.196327
0.195415
0.194267
0.192866
0.0432387
0.0397152
0.036591
0.0338201
0.0314682
0.0296915
0.0284262
0.0275567
0.0269826
0.0266085
0.0263657
0.0262077
0.0261435
0.0262169
0.0264932
0.0270292
0.0278485
0.0289433
0.0302887
0.0318575
0.0336266
0.0355707
0.037651
0.0398179
0.042038
0.0443025
0.0466075
0.0489572
0.0513666
0.0538742
0.0565458
0.0594216
0.0625007
0.065745
0.0690722
0.0724191
0.0757686
0.0791084
0.0824418
0.0857957
0.089185
0.0926065
0.0960624
0.0995635
0.103105
0.106669
0.110253
0.11386
0.117471
0.121061
0.124626
0.128159
0.131648
0.135087
0.138477
0.14181
0.145087
0.148313
0.151496
0.154646
0.157794
0.160972
0.16417
0.16732
0.170338
0.173171
0.175811
0.178285
0.180636
0.182895
0.185068
0.187129
0.189053
0.190851
0.192581
0.194311
0.196068
0.19782
0.199496
0.201024
0.202349
0.20344
0.204286
0.204888
0.205257
0.205416
0.205385
0.205179
0.204826
0.204363
0.203806
0.20315
0.202403
0.201599
0.200779
0.199958
0.199131
0.198256
0.197148
0.195796
0.0415533
0.0381936
0.0351979
0.0325055
0.0301752
0.0283779
0.0270737
0.0261573
0.0255266
0.0251093
0.0248253
0.0246341
0.0245365
0.0245789
0.0248316
0.0253487
0.0261573
0.0272583
0.0286316
0.030246
0.0320642
0.0340435
0.0361425
0.0383276
0.0405809
0.04289
0.0452345
0.0476112
0.0500491
0.0526088
0.0553645
0.0583451
0.0615286
0.0648649
0.0682747
0.0717017
0.0751364
0.0785683
0.0819887
0.0854178
0.0888823
0.0923855
0.0959264
0.0995217
0.103168
0.106828
0.110488
0.114155
0.117817
0.121461
0.125097
0.128727
0.132337
0.135913
0.13944
0.142891
0.146254
0.149547
0.152797
0.156023
0.159263
0.162554
0.165879
0.16915
0.172261
0.17516
0.177857
0.180397
0.182821
0.185151
0.18738
0.189478
0.191422
0.193236
0.19499
0.196752
0.198537
0.200304
0.201989
0.203536
0.204905
0.206062
0.206982
0.207651
0.208065
0.208243
0.208207
0.207982
0.207613
0.207149
0.206607
0.205974
0.205259
0.204499
0.203729
0.202943
0.202135
0.201271
0.20016
0.198807
0.0398361
0.0365816
0.033673
0.0310458
0.0287324
0.0269093
0.0255568
0.024597
0.0239292
0.0234705
0.0231445
0.0229134
0.0227791
0.0227915
0.0230177
0.0235157
0.0243232
0.0254463
0.0268595
0.0285196
0.0303754
0.0323785
0.0344957
0.0367058
0.0389897
0.0413237
0.0436834
0.0460798
0.0485633
0.0512027
0.0540606
0.0571455
0.0604214
0.0638416
0.0673395
0.0708631
0.0744002
0.0779376
0.0814567
0.0849743
0.0885332
0.092145
0.0957996
0.0995082
0.103263
0.107013
0.110738
0.114459
0.118177
0.121893
0.125626
0.129375
0.133117
0.136831
0.140489
0.144049
0.147492
0.150852
0.154173
0.157484
0.160821
0.164219
0.167654
0.171025
0.174217
0.17718
0.179943
0.182561
0.185073
0.187489
0.189791
0.191943
0.193927
0.195779
0.19758
0.199398
0.20124
0.203053
0.204776
0.206365
0.207789
0.209014
0.210001
0.210722
0.211162
0.211338
0.211278
0.211026
0.210639
0.210176
0.209651
0.20905
0.208379
0.20767
0.206935
0.206155
0.205333
0.20444
0.203279
0.201867
0.0380236
0.034821
0.0319564
0.0293711
0.0270768
0.025243
0.023868
0.0228834
0.0221967
0.0217014
0.0213341
0.021061
0.0208928
0.0208776
0.0210799
0.0215679
0.0223872
0.0235415
0.0249959
0.0266951
0.0285808
0.0306065
0.0327465
0.0349788
0.0372761
0.0396136
0.0419831
0.0444164
0.0469729
0.0497089
0.0526656
0.0558384
0.0591925
0.062693
0.0662849
0.0699116
0.0735503
0.0771876
0.0808046
0.0844207
0.0880925
0.0918337
0.0956167
0.09944
0.103292
0.10712
0.11091
0.114696
0.118495
0.122316
0.126177
0.130068
0.133949
0.137797
0.141581
0.145249
0.14878
0.152216
0.155619
0.159022
0.162458
0.165959
0.169495
0.172957
0.176226
0.179265
0.182114
0.184834
0.187455
0.189978
0.192374
0.194604
0.196655
0.198573
0.200446
0.202343
0.204258
0.206129
0.207895
0.209523
0.210987
0.212253
0.213279
0.214028
0.214482
0.214655
0.214586
0.214328
0.213947
0.213499
0.212999
0.212431
0.211796
0.211109
0.210365
0.209553
0.208683
0.207725
0.206481
0.204963
0.0360357
0.0328422
0.0299891
0.0274283
0.0251691
0.023358
0.0219937
0.0210035
0.0202952
0.0197688
0.0193652
0.0190566
0.0188588
0.0188176
0.0190051
0.0194985
0.0203425
0.0215341
0.0230306
0.0247693
0.0266889
0.0287443
0.0309084
0.0331533
0.0354508
0.0377922
0.0401923
0.0426921
0.0453388
0.0481669
0.0512034
0.0544456
0.0578686
0.0614464
0.0651273
0.0688448
0.072567
0.0762893
0.0800029
0.0837294
0.0875288
0.0914076
0.095317
0.0992434
0.103178
0.10708
0.110951
0.114835
0.118755
0.122715
0.12673
0.130774
0.134798
0.138778
0.142688
0.146472
0.150104
0.153635
0.157132
0.160636
0.164178
0.167785
0.171423
0.174977
0.178333
0.181465
0.184426
0.187274
0.190026
0.19267
0.195175
0.197504
0.199645
0.201651
0.203616
0.205602
0.207589
0.209507
0.2113
0.212944
0.214424
0.215704
0.216743
0.217502
0.217968
0.218157
0.21811
0.217884
0.217539
0.217125
0.216651
0.2161
0.215465
0.214747
0.213949
0.213073
0.212129
0.211085
0.209736
0.20808
0.03382
0.0306066
0.0277552
0.0252245
0.0230125
0.0212488
0.0199075
0.0189147
0.0181777
0.0176237
0.0171893
0.0168504
0.0166229
0.016561
0.0167503
0.0172686
0.0181522
0.0193915
0.0209384
0.0227259
0.0246902
0.0267824
0.0289688
0.0312217
0.033526
0.0358956
0.0383583
0.040945
0.0436805
0.0465838
0.0496828
0.0529866
0.0564767
0.0601251
0.0638787
0.0676662
0.0714549
0.0752562
0.0790742
0.0829253
0.0868587
0.0908663
0.0948843
0.0988975
0.102909
0.106894
0.110873
0.114893
0.118964
0.123084
0.127257
0.131452
0.135619
0.139735
0.143778
0.147689
0.151441
0.155087
0.1587
0.162321
0.165981
0.169705
0.173456
0.177117
0.180577
0.183822
0.186916
0.189909
0.192804
0.195577
0.198193
0.200622
0.202862
0.204969
0.207033
0.209105
0.211153
0.213102
0.214903
0.21655
0.218038
0.219332
0.220386
0.221164
0.221655
0.221883
0.221888
0.221718
0.221423
0.22104
0.220571
0.22
0.219311
0.218512
0.217629
0.216669
0.215634
0.214489
0.213011
0.211189
0.0313964
0.0281408
0.0252933
0.0228055
0.0206372
0.0189089
0.0175819
0.0165771
0.0158128
0.0152259
0.0147559
0.0143822
0.0141273
0.0140615
0.0142756
0.0148388
0.0157788
0.0170801
0.0186893
0.020536
0.0225529
0.0246844
0.0268934
0.029163
0.0314991
0.0339302
0.0364797
0.0391584
0.0419739
0.0449445
0.0481068
0.0514793
0.0550403
0.0587519
0.0625621
0.0664071
0.0702614
0.0741507
0.078085
0.0820664
0.0861237
0.0902344
0.0943343
0.0984208
0.102513
0.106601
0.110712
0.11489
0.119124
0.123399
0.12772
0.132059
0.13637
0.140635
0.144831
0.148892
0.152787
0.156575
0.160332
0.164097
0.167898
0.171759
0.175641
0.179424
0.183002
0.186374
0.189608
0.192748
0.195783
0.198676
0.201394
0.203914
0.206243
0.208442
0.210596
0.212744
0.214842
0.216813
0.21862
0.220277
0.221789
0.22312
0.224218
0.225043
0.225589
0.22588
0.225954
0.225845
0.225589
0.225211
0.224708
0.224065
0.223276
0.222372
0.221391
0.220334
0.219192
0.217925
0.216292
0.214273
0.0288395
0.0255153
0.022664
0.02021
0.0180699
0.016346
0.0150132
0.0139853
0.0131889
0.0125526
0.0120322
0.0116191
0.0113517
0.0113074
0.0115674
0.012191
0.0132001
0.0145729
0.0162506
0.0181591
0.0202276
0.0223961
0.0246328
0.0269388
0.0293365
0.0318551
0.0345028
0.037273
0.0401708
0.0432224
0.046469
0.0499268
0.0535649
0.0573366
0.0611995
0.0651063
0.0690403
0.0730312
0.0770835
0.0811818
0.0853365
0.0895197
0.0936811
0.0978414
0.102033
0.106248
0.110511
0.114849
0.119239
0.12366
0.128121
0.132604
0.137073
0.141513
0.145892
0.150132
0.154199
0.158156
0.162086
0.166025
0.169995
0.174011
0.178033
0.18194
0.185638
0.189137
0.192506
0.195781
0.198936
0.201931
0.204734
0.207328
0.209729
0.212003
0.214231
0.216443
0.218586
0.220584
0.222412
0.224099
0.225656
0.227046
0.228211
0.229109
0.229736
0.230113
0.230264
0.23021
0.229974
0.229571
0.228999
0.228253
0.227351
0.226343
0.225262
0.224096
0.22283
0.221417
0.219613
0.217365
0.0262177
0.0227913
0.0199102
0.0174626
0.0153289
0.0135884
0.0122255
0.011158
0.0103068
0.00960375
0.0090253
0.00858229
0.00832513
0.00832165
0.00863912
0.00933047
0.010412
0.0118551
0.0135967
0.0155599
0.017672
0.0198753
0.0221501
0.0245147
0.026997
0.0296156
0.0323654
0.035234
0.0382322
0.0413927
0.0447494
0.0483067
0.0520266
0.0558631
0.0597888
0.0637745
0.0678056
0.0719034
0.0760601
0.0802489
0.0844751
0.0887167
0.0929456
0.0972046
0.101528
0.105899
0.110324
0.114819
0.119353
0.123913
0.128521
0.133166
0.137816
0.142457
0.147044
0.151486
0.155744
0.159888
0.164007
0.168137
0.172287
0.176465
0.18062
0.184639
0.188444
0.192058
0.19555
0.198943
0.202202
0.205283
0.208161
0.210825
0.213294
0.215636
0.217935
0.220212
0.222412
0.224458
0.226333
0.22807
0.229682
0.231131
0.23236
0.233332
0.234045
0.23451
0.234736
0.234729
0.234499
0.234058
0.23341
0.232569
0.231575
0.230477
0.229293
0.228006
0.2266
0.225025
0.223045
0.220552
0.0235479
0.0199939
0.0170506
0.0145819
0.0124315
0.0106598
0.00924211
0.00810884
0.00717784
0.00640403
0.00577794
0.00532412
0.00509033
0.00513129
0.00550735
0.00626575
0.00741374
0.00891661
0.0107097
0.0127157
0.0148639
0.0171045
0.0194313
0.0218715
0.0244483
0.0271692
0.0300248
0.0330056
0.0361276
0.0394209
0.0429031
0.0465658
0.050374
0.0542904
0.0583013
0.0623867
0.0665269
0.0707281
0.0749717
0.0792329
0.0835273
0.0878476
0.0921835
0.0965862
0.101079
0.105626
0.110218
0.114857
0.119522
0.124222
0.12899
0.133816
0.138662
0.143512
0.14831
0.152954
0.157403
0.161735
0.166043
0.170359
0.174686
0.179018
0.183296
0.187413
0.191311
0.195032
0.198643
0.202154
0.205518
0.20869
0.211653
0.2144
0.216957
0.219393
0.221787
0.224156
0.226442
0.228566
0.230513
0.232314
0.233979
0.235471
0.236744
0.23777
0.238548
0.239082
0.239365
0.239389
0.239159
0.238686
0.237984
0.237082
0.236023
0.234841
0.233548
0.232131
0.230572
0.228835
0.226669
0.223927
0.0207978
0.0171079
0.0140846
0.0115678
0.00937623
0.00755067
0.00605858
0.00483741
0.0038225
0.00298871
0.00233223
0.00187782
0.00166462
0.00174495
0.00217712
0.00299726
0.00420085
0.00575002
0.00758196
0.00962166
0.0118042
0.0140895
0.0164788
0.0189995
0.0216675
0.0244858
0.0274501
0.0305553
0.033815
0.0372506
0.0408633
0.0446384
0.0485515
0.0525769
0.0567034
0.0609073
0.0651602
0.0694589
0.0737831
0.0781221
0.0825119
0.0869586
0.0914572
0.0960476
0.100731
0.105454
0.1102
0.114969
0.119755
0.124592
0.129528
0.134542
0.139585
0.144631
0.149621
0.15445
0.15908
0.163593
0.168081
0.172575
0.177071
0.181552
0.185952
0.190169
0.194169
0.198008
0.201755
0.205404
0.208897
0.212186
0.21526
0.218122
0.220802
0.223371
0.225901
0.228401
0.230802
0.233023
0.235048
0.23691
0.238618
0.240142
0.241444
0.242506
0.243325
0.2439
0.244216
0.244258
0.244028
0.24354
0.242813
0.241878
0.240765
0.239497
0.238091
0.23654
0.234826
0.232921
0.230553
0.227556
0.0179121
0.014079
0.0109686
0.00837863
0.00611758
0.00421447
0.00264023
0.00133207
0.000249339
-0.000630907
-0.00131031
-0.00176799
-0.00196445
-0.00184314
-0.00135422
-0.000477598
0.000773087
0.00236023
0.00422511
0.00629728
0.00851888
0.0108557
0.0133084
0.0159012
0.0186475
0.0215544
0.0246269
0.0278597
0.031258
0.0348356
0.038585
0.0424907
0.0465385
0.050707
0.0549754
0.059306
0.0636656
0.068056
0.0724685
0.0769127
0.0814414
0.0860658
0.0907714
0.0955718
0.100441
0.105322
0.110205
0.115096
0.120003
0.124982
0.130088
0.135288
0.140518
0.145744
0.150904
0.155901
0.160706
0.165401
0.170071
0.174742
0.179407
0.184044
0.18858
0.192923
0.197054
0.201045
0.20496
0.20878
0.212433
0.215871
0.219087
0.222093
0.224927
0.22766
0.230355
0.233004
0.235524
0.237831
0.239912
0.241811
0.243547
0.245096
0.246426
0.24752
0.248371
0.248974
0.249311
0.24937
0.249154
0.248675
0.24795
0.246995
0.245828
0.244475
0.242963
0.241279
0.239411
0.237325
0.234736
0.231467
0.0148228
0.0108295
0.00761236
0.00493102
0.00257926
0.000589363
-0.00106301
-0.00243839
-0.00357343
-0.00449467
-0.00519853
-0.00565921
-0.00582889
-0.00565569
-0.0051074
-0.0041772
-0.00288171
-0.00125615
0.000645068
0.00275676
0.00502549
0.00741627
0.00992543
0.0125776
0.0153913
0.0183814
0.0215604
0.024919
0.0284531
0.0321751
0.0360776
0.0401423
0.0443546
0.0486869
0.0531024
0.0575499
0.062002
0.0664811
0.071001
0.0755882
0.0802988
0.0851358
0.090068
0.0950793
0.100122
0.105146
0.110162
0.115187
0.120235
0.125371
0.130653
0.136037
0.141448
0.146845
0.152168
0.15733
0.162315
0.167202
0.172065
0.17692
0.181761
0.186564
0.191255
0.195752
0.200051
0.20423
0.208344
0.212358
0.216193
0.219803
0.223186
0.226359
0.229364
0.232272
0.23513
0.237915
0.24053
0.242889
0.244996
0.246909
0.248661
0.250234
0.251595
0.252722
0.253605
0.254236
0.254603
0.254698
0.25452
0.254077
0.25337
0.252402
0.25119
0.249769
0.248161
0.246352
0.244324
0.242037
0.239221
0.235664
0.0114536
0.00727551
0.00392074
0.00113489
-0.00131055
-0.00338181
-0.00510371
-0.00653118
-0.007714
-0.0086733
-0.0093957
-0.00984365
-0.00996815
-0.00973462
-0.00912718
-0.00814341
-0.00679881
-0.00512643
-0.00317718
-0.00101286
0.00131263
0.00375904
0.00632002
0.0090275
0.0119097
0.0149861
0.0182723
0.0217563
0.0254292
0.0293072
0.0333845
0.0376325
0.0420215
0.0465116
0.0510546
0.0555975
0.060131
0.0647069
0.0693639
0.0741351
0.0790619
0.0841277
0.0892875
0.0945046
0.0997182
0.104894
0.110066
0.115255
0.120475
0.125793
0.131258
0.136822
0.142412
0.147984
0.153476
0.158811
0.163985
0.169075
0.174141
0.179187
0.184207
0.189179
0.194034
0.198698
0.203184
0.207571
0.211897
0.216114
0.220137
0.223929
0.227495
0.230851
0.234038
0.237117
0.240122
0.243014
0.245695
0.248089
0.250216
0.252152
0.253935
0.255543
0.256939
0.258098
0.259013
0.259681
0.260094
0.260243
0.260125
0.259731
0.25905
0.258079
0.256838
0.255363
0.253664
0.251723
0.249518
0.247022
0.243978
0.240138
0.00773505
0.00334708
-0.000168987
-0.00306886
-0.0056006
-0.00774484
-0.00952816
-0.0110056
-0.0122311
-0.0132145
-0.0139344
-0.0143483
-0.0144189
-0.0141274
-0.0134624
-0.0124201
-0.0110153
-0.00928058
-0.00726471
-0.00503025
-0.0026359
-0.000127136
0.00249163
0.00526356
0.0082249
0.0113941
0.0147883
0.0183994
0.0222194
0.026267
0.0305328
0.0349696
0.0395244
0.044146
0.0487894
0.0534153
0.0580396
0.0627405
0.0675729
0.0725654
0.0777307
0.0830289
0.0884103
0.0938335
0.0992352
0.104595
0.109956
0.115341
0.12076
0.126275
0.131927
0.137669
0.143436
0.149189
0.154866
0.16039
0.165766
0.171067
0.176339
0.181579
0.18678
0.191919
0.196932
0.201763
0.206435
0.211025
0.215558
0.219967
0.224173
0.228147
0.231901
0.235449
0.238821
0.242064
0.245198
0.248179
0.250918
0.25336
0.255544
0.25755
0.259407
0.261081
0.262526
0.263723
0.264678
0.265396
0.265867
0.266081
0.266025
0.265678
0.265021
0.264052
0.262788
0.261249
0.259441
0.257348
0.254952
0.252256
0.248983
0.244886
0.00362423
-0.000987549
-0.00467598
-0.00769385
-0.0103087
-0.0125212
-0.0143583
-0.0158822
-0.0171341
-0.0181196
-0.0188176
-0.0191932
-0.0192199
-0.0188788
-0.0181542
-0.0170428
-0.0155619
-0.0137445
-0.0116401
-0.00931666
-0.00683949
-0.00425554
-0.00156428
0.0012872
0.00433873
0.00760485
0.0111076
0.0148506
0.0188291
0.0230564
0.027511
0.0321245
0.0368235
0.0415538
0.0462874
0.0510106
0.0557622
0.0606314
0.0656747
0.0709087
0.0763175
0.0818425
0.0874397
0.0930753
0.0986903
0.10427
0.109853
0.115455
0.121083
0.126798
0.132637
0.138559
0.144511
0.150463
0.156345
0.162083
0.167681
0.173204
0.178686
0.184122
0.189504
0.19481
0.199978
0.204963
0.209805
0.214578
0.219293
0.223878
0.228254
0.232407
0.236347
0.240081
0.243629
0.247025
0.250279
0.253348
0.256164
0.258693
0.260985
0.263115
0.26509
0.26686
0.268378
0.269637
0.270655
0.271441
0.271982
0.272264
0.272264
0.271956
0.271317
0.270341
0.269034
0.267403
0.26546
0.2632
0.260619
0.257738
0.25425
0.249919
-0.000879122
-0.00571445
-0.00957736
-0.0127133
-0.0154128
-0.0176885
-0.0195709
-0.0211258
-0.0223864
-0.0233641
-0.024045
-0.0244016
-0.0244024
-0.0240159
-0.023225
-0.0220328
-0.0204606
-0.0185421
-0.0163315
-0.0139055
-0.011334
-0.00866155
-0.00588267
-0.00293904
0.000211108
0.00358086
0.00720107
0.0110904
0.0152442
0.0196592
0.0242948
0.0290681
0.0338973
0.0387352
0.0435766
0.0484344
0.0533606
0.0584365
0.0637064
0.069176
0.0748129
0.080554
0.0863673
0.092228
0.0980811
0.10391
0.10974
0.115568
0.121406
0.127322
0.133356
0.139473
0.145634
0.151807
0.157921
0.163897
0.169739
0.175497
0.181194
0.186826
0.192391
0.197863
0.20318
0.208309
0.2133
0.218229
0.223102
0.227843
0.232383
0.236712
0.240835
0.244746
0.248457
0.251999
0.255379
0.258563
0.261497
0.264162
0.266606
0.268887
0.270995
0.272873
0.274483
0.275829
0.276936
0.277811
0.278432
0.278781
0.278832
0.278556
0.277923
0.276918
0.275532
0.273782
0.271695
0.269275
0.266537
0.263481
0.259806
0.255245
-0.00573648
-0.0107931
-0.0148242
-0.018075
-0.0208561
-0.0231863
-0.0251042
-0.026675
-0.027943
-0.0289275
-0.0296175
-0.0299789
-0.0299621
-0.0295279
-0.0286657
-0.0273869
-0.0257156
-0.0236876
-0.0213649
-0.0188325
-0.0161615
-0.0133916
-0.0105139
-0.00746779
-0.0042071
-0.000715445
0.00304579
0.00710493
0.0114508
0.0160562
0.0208619
0.0257819
0.0307418
0.0357082
0.0406934
0.0457275
0.0508639
0.0561644
0.0616557
0.0673391
0.0731834
0.0791365
0.0851794
0.0912875
0.0974013
0.103499
0.109586
0.115647
0.121697
0.127818
0.13406
0.140395
0.146791
0.15321
0.15957
0.165798
0.171892
0.177892
0.183808
0.189637
0.195383
0.201018
0.20648
0.211745
0.216873
0.221944
0.226963
0.231856
0.236566
0.241081
0.245392
0.249481
0.253355
0.257054
0.260593
0.263942
0.267052
0.269903
0.272529
0.274969
0.277205
0.27919
0.280901
0.28235
0.283562
0.284533
0.285235
0.285644
0.285736
0.285474
0.284822
0.283753
0.282263
0.280388
0.278167
0.275612
0.272729
0.269508
0.265657
0.260868
-0.0108939
-0.0161729
-0.020363
-0.02372
-0.026574
-0.028953
-0.0309022
-0.0324931
-0.033788
-0.0348075
-0.0355318
-0.0359076
-0.0358729
-0.0353927
-0.034465
-0.0331048
-0.0313374
-0.0292042
-0.0267747
-0.0241393
-0.0213674
-0.0184927
-0.0155039
-0.0123388
-0.0089446
-0.00530015
-0.00136689
0.00288189
0.00742397
0.0122114
0.0171737
0.0222354
0.0273412
0.0324715
0.0376435
0.0428886
0.0482534
0.0537797
0.059482
0.0653655
0.0714111
0.0775867
0.0838831
0.0902629
0.096652
0.103019
0.109359
0.115648
0.121912
0.128245
0.134705
0.141274
0.147922
0.154598
0.161208
0.167683
0.174029
0.180275
0.186419
0.192456
0.19839
0.204192
0.209801
0.215206
0.220478
0.2257
0.230877
0.23594
0.240837
0.245554
0.250068
0.254348
0.258408
0.262297
0.266041
0.269609
0.272943
0.276013
0.278835
0.281438
0.283804
0.285903
0.287727
0.289291
0.290612
0.291676
0.292448
0.292904
0.293014
0.292738
0.292033
0.290873
0.289275
0.287289
0.284949
0.282267
0.27923
0.275845
0.271804
0.266796
-0.0163053
-0.0218049
-0.0261492
-0.0296048
-0.0325277
-0.0349611
-0.0369526
-0.0385886
-0.0399379
-0.0410151
-0.0417839
-0.0421758
-0.0421303
-0.0416196
-0.0406431
-0.0392143
-0.0373611
-0.0351324
-0.0326041
-0.0298682
-0.0269912
-0.0240003
-0.0208807
-0.017569
-0.0140082
-0.0101774
-0.00604801
-0.00160461
0.00312192
0.00807548
0.0131881
0.0184025
0.0236846
0.0290223
0.0344236
0.0399067
0.0455064
0.0512537
0.0571637
0.0632514
0.0695096
0.0759241
0.08249
0.0891502
0.0958112
0.102432
0.109003
0.115506
0.121986
0.12854
0.135228
0.142041
0.148947
0.15588
0.162738
0.16946
0.176062
0.182566
0.188961
0.195236
0.201386
0.207374
0.213148
0.218712
0.224153
0.229558
0.234926
0.240189
0.245295
0.250227
0.254952
0.259439
0.263711
0.267829
0.271816
0.275632
0.279203
0.282487
0.285496
0.288256
0.290761
0.292992
0.294946
0.296636
0.298067
0.299219
0.300053
0.30054
0.300648
0.300335
0.299561
0.298316
0.296632
0.294549
0.292096
0.289273
0.286065
0.282511
0.278265
0.273048
-0.0219497
-0.0276659
-0.0321652
-0.0357239
-0.0387264
-0.041231
-0.04329
-0.0449993
-0.0464221
-0.0475654
-0.0483814
-0.0487991
-0.0487625
-0.0482414
-0.0472294
-0.04574
-0.0438078
-0.0414896
-0.0388654
-0.0360266
-0.0330363
-0.0299137
-0.0266378
-0.0231467
-0.0193875
-0.015347
-0.0110125
-0.00638173
-0.00148609
0.00362624
0.00890144
0.0142997
0.0197985
0.0253831
0.0310436
0.0367795
0.0426134
0.0485756
0.0546959
0.0610019
0.0674912
0.0741563
0.0809902
0.0879188
0.0948348
0.10169
0.108473
0.115185
0.121887
0.128681
0.135614
0.142679
0.149843
0.157029
0.164136
0.171115
0.177989
0.184775
0.191451
0.197999
0.204399
0.210605
0.216572
0.222327
0.227974
0.233599
0.239196
0.244688
0.250021
0.255173
0.260112
0.264817
0.269325
0.273699
0.27795
0.282013
0.285802
0.289273
0.292444
0.295352
0.297999
0.30037
0.302461
0.304279
0.30582
0.307058
0.307949
0.308459
0.308558
0.30821
0.307387
0.306093
0.304347
0.302176
0.299603
0.29662
0.29324
0.289504
0.285063
0.279628
-0.0278442
-0.0337781
-0.0384391
-0.0421196
-0.0452253
-0.0478234
-0.0499766
-0.051777
-0.0532815
-0.0544938
-0.055365
-0.0558257
-0.0558132
-0.0552854
-0.0542337
-0.0526794
-0.050667
-0.0482598
-0.0455391
-0.0425936
-0.0394808
-0.0362096
-0.0327516
-0.0290513
-0.0250705
-0.0208105
-0.0162723
-0.0114603
-0.00639803
-0.00111582
0.00435129
0.00997327
0.0157238
0.021575
0.027501
0.0334896
0.0395557
0.0457338
0.0520744
0.0586183
0.0653602
0.0722867
0.079381
0.0865601
0.0937165
0.100801
0.107801
0.114733
0.121677
0.128729
0.135923
0.143244
0.150656
0.158084
0.165435
0.17268
0.179843
0.18693
0.193908
0.200748
0.20742
0.21387
0.220063
0.226049
0.231942
0.237825
0.243679
0.249421
0.254993
0.260373
0.265535
0.270474
0.275238
0.279885
0.284402
0.288703
0.292693
0.296336
0.299662
0.302718
0.30551
0.30802
0.310243
0.312182
0.31383
0.315151
0.316094
0.316626
0.316725
0.316367
0.315535
0.31422
0.31242
0.310153
0.307443
0.304294
0.300745
0.296819
0.292188
0.286518
-0.0340369
-0.040197
-0.0450348
-0.0488613
-0.052098
-0.0548146
-0.0570816
-0.0589837
-0.0605773
-0.0618665
-0.062804
-0.0633134
-0.0633158
-0.0627625
-0.0616536
-0.0600252
-0.0579301
-0.055435
-0.0526195
-0.0495645
-0.0463178
-0.0428778
-0.039211
-0.0352756
-0.0310574
-0.0265739
-0.0218326
-0.0168341
-0.0115894
-0.00611198
-0.000421411
0.00545429
0.0114737
0.0175901
0.0237707
0.0300071
0.0363146
0.0427294
0.0493159
0.0561244
0.0631432
0.0703454
0.0776985
0.0851169
0.0925084
0.0998313
0.107072
0.11425
0.121455
0.128773
0.136226
0.143793
0.151436
0.159088
0.166675
0.174189
0.181652
0.189048
0.196331
0.203466
0.210414
0.217123
0.223574
0.229833
0.236014
0.242186
0.248314
0.254315
0.260135
0.265755
0.27116
0.276355
0.281393
0.286318
0.291095
0.295622
0.299809
0.303635
0.307137
0.310359
0.313305
0.315954
0.318307
0.320369
0.322124
0.323525
0.32452
0.325083
0.325205
0.32487
0.32405
0.322715
0.320848
0.318474
0.315618
0.312309
0.308578
0.304461
0.299615
0.2937
-0.0405825
-0.0469826
-0.0520194
-0.0560146
-0.0594078
-0.0622686
-0.0646636
-0.0666786
-0.0683714
-0.0697443
-0.0707443
-0.0712807
-0.071266
-0.0706598
-0.0694799
-0.0677751
-0.065601
-0.0630223
-0.0601133
-0.056942
-0.0535431
-0.0499084
-0.0460077
-0.041818
-0.037352
-0.0326416
-0.0276916
-0.0224897
-0.0170344
-0.0113319
-0.00539533
0.000746598
0.00703696
0.0134111
0.0198378
0.0263273
0.0329021
0.0395933
0.0464641
0.0535635
0.0608762
0.0683643
0.0759784
0.0836345
0.0912636
0.0988398
0.106347
0.113803
0.121286
0.128869
0.136566
0.144363
0.152228
0.160098
0.167923
0.17571
0.183474
0.191178
0.19876
0.206181
0.213402
0.220378
0.227111
0.233676
0.240176
0.246653
0.25306
0.259319
0.265391
0.271269
0.276942
0.282418
0.287742
0.29294
0.297963
0.302705
0.307093
0.31112
0.314821
0.318228
0.321337
0.324135
0.326627
0.328821
0.330689
0.332178
0.333237
0.333853
0.334024
0.333729
0.332921
0.331553
0.329614
0.327131
0.324137
0.320666
0.316735
0.312422
0.307333
0.301161
-0.0475199
-0.054183
-0.0594415
-0.0636259
-0.0671988
-0.0702259
-0.0727631
-0.074901
-0.0766953
-0.0781416
-0.079175
-0.0796976
-0.0796319
-0.0789566
-0.0777041
-0.0759276
-0.0736788
-0.071016
-0.068006
-0.0647024
-0.0611283
-0.0572766
-0.0531288
-0.0486813
-0.0439665
-0.0390246
-0.0338527
-0.028422
-0.0227215
-0.0167632
-0.010565
-0.00415519
0.00240335
0.00903491
0.0157139
0.0224732
0.0293465
0.0363545
0.0435434
0.0509498
0.0585586
0.0663321
0.0742113
0.0821157
0.0899986
0.0978488
0.10565
0.113412
0.121192
0.129042
0.136976
0.144997
0.153084
0.161184
0.169258
0.177321
0.185376
0.193368
0.20123
0.208925
0.216414
0.223665
0.230694
0.237578
0.244403
0.251184
0.257866
0.264385
0.270722
0.276879
0.282847
0.288625
0.294245
0.299719
0.304986
0.309953
0.314558
0.318804
0.322719
0.326319
0.3296
0.332557
0.335204
0.33754
0.339528
0.341113
0.342254
0.342943
0.343176
0.342919
0.342111
0.340709
0.338706
0.336124
0.332996
0.329344
0.325206
0.320676
0.315347
0.308894
-0.0548676
-0.0618251
-0.0673273
-0.0717212
-0.0754953
-0.0787056
-0.0813982
-0.0836612
-0.085544
-0.0870341
-0.0880612
-0.0885376
-0.088407
-0.0876624
-0.0863411
-0.0844942
-0.0821659
-0.0794071
-0.076278
-0.0728226
-0.0690574
-0.0649823
-0.0605934
-0.0558999
-0.0509404
-0.0457552
-0.0403355
-0.0346414
-0.0286583
-0.0224131
-0.0159389
-0.00926216
-0.00243791
0.00445836
0.011407
0.0184575
0.0256529
0.0330037
0.0405315
0.0482523
0.0561537
0.0642102
0.0723649
0.0805433
0.0887117
0.0968636
0.104981
0.113066
0.121158
0.129283
0.137459
0.145707
0.154023
0.162362
0.170692
0.179024
0.187344
0.195589
0.203705
0.211661
0.219422
0.226959
0.234293
0.241498
0.248637
0.255712
0.262671
0.26947
0.276104
0.282576
0.288867
0.294965
0.300893
0.306654
0.31219
0.317413
0.322272
0.326767
0.330915
0.334722
0.338191
0.341327
0.344141
0.346624
0.348735
0.350423
0.351654
0.352419
0.352705
0.352469
0.351655
0.350224
0.348161
0.345474
0.342191
0.338333
0.333986
0.329223
0.32366
0.316907
-0.0626291
-0.0699121
-0.0756814
-0.0803054
-0.0842979
-0.0877038
-0.090559
-0.0929395
-0.094889
-0.0963929
-0.0973901
-0.0978145
-0.0976256
-0.0968186
-0.0954278
-0.0935023
-0.0910803
-0.0882062
-0.0849387
-0.0813195
-0.077363
-0.0730742
-0.068459
-0.0635313
-0.0583234
-0.0528692
-0.0471628
-0.0411658
-0.0348669
-0.0283102
-0.0215476
-0.0146031
-0.00751332
-0.000340768
0.00690133
0.0142674
0.0218021
0.0295084
0.0373859
0.0454282
0.0536252
0.0619679
0.070412
0.0788932
0.0873804
0.0958578
0.104301
0.112711
0.121114
0.129523
0.137957
0.14645
0.155007
0.163589
0.172169
0.180752
0.18931
0.197783
0.206134
0.214351
0.222398
0.23024
0.237892
0.245415
0.252862
0.26023
0.267485
0.274603
0.281582
0.28841
0.29505
0.301483
0.307728
0.313792
0.319622
0.325139
0.330288
0.335063
0.33947
0.343512
0.347195
0.350529
0.353521
0.356156
0.358395
0.360192
0.361515
0.362346
0.362669
0.362445
0.361625
0.360163
0.358022
0.355204
0.351737
0.347666
0.3431
0.338115
0.332296
0.325234
-0.0708042
-0.0784374
-0.084496
-0.0893684
-0.0935918
-0.0972009
-0.100217
-0.102703
-0.104702
-0.106208
-0.107179
-0.107565
-0.107329
-0.106462
-0.104995
-0.102977
-0.100443
-0.0974353
-0.0940153
-0.0902297
-0.0860913
-0.0816018
-0.0767686
-0.0716049
-0.0661328
-0.060378
-0.0543458
-0.0480141
-0.0413804
-0.0345002
-0.0274391
-0.0202188
-0.0128551
-0.00538886
0.00217487
0.00988399
0.0177726
0.0258376
0.0340649
0.0424335
0.0509342
0.0595702
0.068313
0.0771133
0.0859384
0.0947545
0.103527
0.112257
0.12097
0.129678
0.138399
0.147171
0.155993
0.164823
0.173645
0.182463
0.191246
0.199941
0.208537
0.217029
0.225377
0.233534
0.241509
0.249353
0.257112
0.264791
0.272377
0.27986
0.287229
0.294445
0.301455
0.308235
0.31481
0.321194
0.327341
0.333173
0.338634
0.34371
0.3484
0.352705
0.356626
0.360172
0.363348
0.366143
0.368521
0.370437
0.371852
0.372747
0.373106
0.372898
0.37207
0.370557
0.36831
0.365336
0.361675
0.357405
0.352611
0.347412
0.341313
0.333917
-0.0793983
-0.0874035
-0.093768
-0.0989041
-0.103369
-0.107184
-0.110355
-0.11294
-0.114987
-0.116506
-0.11747
-0.117833
-0.117556
-0.116626
-0.115072
-0.112946
-0.110281
-0.107121
-0.103536
-0.0995799
-0.0952648
-0.0905798
-0.0855245
-0.0801116
-0.0743563
-0.0682775
-0.0618942
-0.0552094
-0.0482339
-0.041026
-0.0336538
-0.0261369
-0.0184773
-0.010695
-0.00278484
0.00528909
0.0135408
0.0219588
0.0305246
0.0392159
0.0480284
0.0569688
0.0660179
0.0751423
0.0843096
0.0934698
0.102579
0.111639
0.120677
0.129705
0.13875
0.147837
0.156947
0.166034
0.175089
0.184129
0.193134
0.202069
0.210935
0.219724
0.228381
0.236851
0.245143
0.253311
0.261402
0.26943
0.277395
0.285288
0.293075
0.300696
0.308085
0.315228
0.322161
0.328896
0.335388
0.341559
0.347349
0.352747
0.357746
0.362336
0.366511
0.370277
0.373646
0.376614
0.379148
0.381195
0.382711
0.383677
0.38408
0.383887
0.383032
0.381435
0.379063
0.375929
0.372087
0.367616
0.362596
0.357152
0.350762
0.34299
-0.0884248
-0.0968251
-0.103509
-0.108922
-0.113638
-0.117663
-0.120989
-0.123679
-0.125791
-0.127348
-0.128329
-0.128682
-0.128366
-0.127369
-0.125719
-0.123465
-0.120645
-0.11731
-0.113542
-0.109403
-0.104903
-0.100015
-0.0947229
-0.0890409
-0.0829843
-0.0765675
-0.0698198
-0.0627701
-0.0554458
-0.047903
-0.0402023
-0.0323592
-0.0243729
-0.0162517
-0.00798135
0.000465579
0.00908312
0.0178478
0.0267404
0.0357491
0.0448814
0.054142
0.0635095
0.0729592
0.0824613
0.0919611
0.101415
0.110826
0.120213
0.129591
0.138982
0.1484
0.157806
0.167149
0.176436
0.185702
0.194942
0.204144
0.213314
0.222425
0.231398
0.240179
0.24879
0.257299
0.265761
0.27419
0.282584
0.290921
0.299143
0.307172
0.314946
0.32247
0.329787
0.336906
0.343772
0.350308
0.356458
0.362208
0.367542
0.372435
0.376875
0.380875
0.384458
0.387625
0.390337
0.392532
0.394164
0.395213
0.395661
0.395465
0.394552
0.392856
0.390357
0.387073
0.383058
0.37836
0.373101
0.367372
0.360669
0.352495
-0.097901
-0.106723
-0.113745
-0.119448
-0.124427
-0.12867
-0.132167
-0.134984
-0.137191
-0.138814
-0.139828
-0.140182
-0.139833
-0.138766
-0.137007
-0.134601
-0.1316
-0.128068
-0.124096
-0.119752
-0.115043
-0.109926
-0.10437
-0.0983891
-0.0920074
-0.0852389
-0.0781182
-0.0706927
-0.063007
-0.0551161
-0.0470674
-0.0388688
-0.0305239
-0.0220405
-0.0134008
-0.00458063
0.00440435
0.0135195
0.0227413
0.0320695
0.0415269
0.051117
0.0608106
0.0705815
0.0804018
0.090225
0.100022
0.109799
0.119565
0.129317
0.139068
0.148816
0.158513
0.168115
0.177651
0.18717
0.196681
0.206186
0.215686
0.225133
0.234432
0.243536
0.25249
0.261377
0.270255
0.27913
0.287988
0.296786
0.305445
0.313882
0.322052
0.329974
0.337696
0.345216
0.352474
0.359395
0.365929
0.372056
0.377744
0.382954
0.387675
0.391934
0.395766
0.399168
0.402088
0.404456
0.406225
0.407367
0.407854
0.407637
0.406657
0.404873
0.402264
0.398837
0.394629
0.389686
0.384154
0.378132
0.371076
0.362486
-0.107849
-0.117123
-0.12451
-0.130521
-0.135781
-0.140263
-0.143956
-0.146933
-0.149263
-0.150969
-0.152026
-0.152385
-0.152005
-0.150864
-0.148981
-0.146406
-0.143203
-0.139455
-0.135257
-0.130675
-0.125713
-0.120321
-0.114457
-0.108138
-0.101401
-0.094265
-0.0867661
-0.0789576
-0.0708952
-0.062636
-0.0542167
-0.0456361
-0.0369025
-0.0280303
-0.0190066
-0.0098099
-0.000454389
0.00902163
0.0185874
0.0282463
0.0380299
0.0479434
0.0579555
0.0680374
0.078161
0.0882938
0.0984294
0.108582
0.118745
0.128893
0.139014
0.14909
0.159073
0.168946
0.17876
0.188573
0.198398
0.208232
0.21807
0.227848
0.237472
0.246918
0.256251
0.265559
0.274889
0.284233
0.29356
0.302814
0.311908
0.320765
0.329355
0.337707
0.34586
0.353799
0.361463
0.368787
0.375726
0.382248
0.388305
0.393849
0.39888
0.403441
0.407566
0.41124
0.414399
0.41697
0.418897
0.42014
0.420664
0.420432
0.41941
0.417561
0.414849
0.41127
0.406843
0.40165
0.395815
0.389497
0.382064
0.373019
-0.118294
-0.128063
-0.135851
-0.1422
-0.14777
-0.152524
-0.156445
-0.159604
-0.16207
-0.163863
-0.164963
-0.165329
-0.164915
-0.163691
-0.161675
-0.158922
-0.155506
-0.151521
-0.147065
-0.142197
-0.136921
-0.131191
-0.124966
-0.118269
-0.111147
-0.103628
-0.0957457
-0.0875474
-0.0790901
-0.0704341
-0.0616133
-0.0526242
-0.0434779
-0.0341943
-0.0247678
-0.0151843
-0.00545238
0.00439462
0.0143222
0.0243302
0.0344454
0.0446717
0.0549861
0.0653663
0.0757875
0.0862301
0.096705
0.107231
0.117788
0.128328
0.138817
0.14922
0.159498
0.169661
0.179783
0.189926
0.20009
0.210265
0.220435
0.230532
0.240484
0.250296
0.260048
0.269814
0.279618
0.289431
0.299215
0.308913
0.318444
0.327743
0.336789
0.345608
0.354224
0.362609
0.370706
0.378462
0.385832
0.392772
0.399222
0.405136
0.410526
0.41544
0.419902
0.423883
0.427313
0.430114
0.432217
0.433574
0.434153
0.433937
0.432902
0.430996
0.428174
0.424426
0.419776
0.414324
0.408187
0.401531
0.393705
0.38415
-0.129269
-0.139589
-0.147828
-0.15456
-0.160483
-0.165545
-0.169719
-0.173071
-0.17567
-0.177546
-0.178687
-0.179057
-0.178602
-0.177288
-0.175136
-0.172203
-0.168561
-0.164309
-0.159549
-0.154336
-0.148678
-0.142544
-0.135906
-0.128795
-0.121262
-0.113339
-0.105056
-0.0964505
-0.0875743
-0.0784895
-0.0692337
-0.0598121
-0.0502381
-0.0405312
-0.030687
-0.0206983
-0.0105738
-0.000341371
0.00996629
0.0203441
0.0308033
0.0413395
0.0519424
0.0626076
0.0733225
0.0840785
0.094893
0.105779
0.116704
0.12761
0.13845
0.149182
0.159778
0.170265
0.180727
0.191216
0.201728
0.212245
0.222749
0.233176
0.243483
0.2537
0.263904
0.274148
0.284425
0.294695
0.304925
0.315065
0.325045
0.33481
0.344342
0.353652
0.362751
0.371603
0.380161
0.38838
0.396209
0.403596
0.410477
0.416812
0.42262
0.427938
0.432777
0.437101
0.440836
0.443896
0.446203
0.447704
0.448379
0.448217
0.447184
0.445221
0.442288
0.438375
0.433524
0.427797
0.421356
0.414318
0.406043
0.39594
-0.140811
-0.151757
-0.160508
-0.167679
-0.174001
-0.179404
-0.183847
-0.187394
-0.190123
-0.192078
-0.193255
-0.193618
-0.19311
-0.191699
-0.189406
-0.186287
-0.182403
-0.177849
-0.172732
-0.167114
-0.161012
-0.154412
-0.14731
-0.139747
-0.131775
-0.123418
-0.114702
-0.105659
-0.0963368
-0.0867976
-0.0770827
-0.0672103
-0.0571977
-0.047059
-0.0367846
-0.0263678
-0.0158232
-0.0051837
0.00551992
0.0162809
0.0270949
0.0379458
0.0488336
0.059776
0.0707798
0.0818485
0.0929982
0.10423
0.1155
0.126747
0.137924
0.148994
0.159937
0.170784
0.181608
0.192448
0.203298
0.214153
0.225
0.23579
0.246495
0.257154
0.267829
0.278541
0.289269
0.299977
0.310648
0.321246
0.331704
0.341966
0.352005
0.361822
0.371417
0.380758
0.389805
0.398516
0.406837
0.414709
0.42207
0.428883
0.43516
0.440927
0.446183
0.450891
0.454974
0.458335
0.460889
0.462584
0.463401
0.46332
0.462301
0.460296
0.457276
0.453228
0.448186
0.442177
0.435381
0.42794
0.419148
0.408437
-0.152979
-0.164634
-0.173968
-0.181633
-0.188397
-0.194168
-0.198894
-0.202642
-0.205502
-0.207527
-0.208719
-0.209047
-0.208464
-0.20694
-0.204494
-0.201173
-0.197023
-0.19213
-0.186608
-0.180531
-0.17393
-0.166811
-0.159197
-0.151143
-0.142698
-0.133875
-0.12469
-0.115177
-0.105382
-0.0953711
-0.0851842
-0.0748492
-0.0643864
-0.0538035
-0.0430855
-0.0322211
-0.0212307
-0.0101611
0.000951389
0.0121005
0.0232758
0.0344549
0.0456426
0.0568708
0.0681643
0.0795396
0.0910124
0.102575
0.114179
0.125761
0.137277
0.148697
0.160004
0.171225
0.182413
0.193595
0.204772
0.215966
0.227179
0.238368
0.24951
0.260635
0.271775
0.28293
0.294082
0.305216
0.316337
0.327419
0.338386
0.349171
0.359741
0.370087
0.380207
0.390073
0.399648
0.40889
0.417745
0.426151
0.434048
0.441395
0.448191
0.454451
0.460174
0.46532
0.469802
0.473513
0.476367
0.478307
0.479302
0.479327
0.478351
0.476346
0.473276
0.469115
0.463858
0.457557
0.450353
0.442462
0.433106
0.4217
-0.165847
-0.178303
-0.188288
-0.196502
-0.203753
-0.209922
-0.214951
-0.218909
-0.221891
-0.223957
-0.225119
-0.225367
-0.224673
-0.223009
-0.220384
-0.216832
-0.212384
-0.207114
-0.201139
-0.194555
-0.18741
-0.179733
-0.171568
-0.162988
-0.154038
-0.144717
-0.135032
-0.125018
-0.114731
-0.104235
-0.0935715
-0.0827679
-0.0718454
-0.0608046
-0.0496279
-0.0383024
-0.0268508
-0.0153324
-0.00379474
0.00775129
0.0192966
0.0308234
0.0423384
0.0538745
0.065465
0.0771363
0.0889103
0.100785
0.112717
0.124644
0.136514
0.148296
0.15997
0.171555
0.183094
0.194613
0.206133
0.217696
0.229313
0.240938
0.252541
0.264134
0.275723
0.287303
0.298872
0.310443
0.322036
0.333623
0.345113
0.356432
0.367545
0.378447
0.38913
0.399564
0.409709
0.419525
0.428957
0.43795
0.446439
0.454373
0.46174
0.46855
0.474801
0.480443
0.485378
0.489496
0.492704
0.494937
0.496151
0.496326
0.49545
0.493491
0.490393
0.486116
0.480626
0.473997
0.466376
0.457962
0.447975
0.435783
-0.179497
-0.192848
-0.203556
-0.212382
-0.220174
-0.226781
-0.232134
-0.236298
-0.239371
-0.241424
-0.242498
-0.242615
-0.241767
-0.239924
-0.237077
-0.233246
-0.228451
-0.222758
-0.216286
-0.209153
-0.201432
-0.19317
-0.184429
-0.175294
-0.165805
-0.155952
-0.145737
-0.135198
-0.124405
-0.113422
-0.102284
-0.0910097
-0.0796178
-0.0681047
-0.0564523
-0.0446527
-0.0327338
-0.0207583
-0.00877892
0.00318341
0.0151166
0.0270112
0.0388777
0.0507452
0.062646
0.0746112
0.0866728
0.0988466
0.111106
0.123389
0.135631
0.147784
0.159819
0.171751
0.183627
0.195493
0.207393
0.219376
0.231441
0.243528
0.255595
0.267641
0.279662
0.291664
0.30367
0.315711
0.327806
0.339913
0.35193
0.363788
0.375461
0.386949
0.398235
0.409276
0.420026
0.430451
0.440504
0.450132
0.459264
0.467837
0.475833
0.483259
0.4901
0.496296
0.50174
0.506321
0.509942
0.512522
0.514015
0.514408
0.513688
0.511802
0.508683
0.504275
0.498563
0.491577
0.483509
0.474518
0.463784
0.450691
-0.194015
-0.208368
-0.219883
-0.229394
-0.237783
-0.244863
-0.250542
-0.254883
-0.257997
-0.259983
-0.260919
-0.260858
-0.259806
-0.257726
-0.254593
-0.250414
-0.245209
-0.239042
-0.232035
-0.224323
-0.216002
-0.207135
-0.197792
-0.188065
-0.177998
-0.16758
-0.156808
-0.14573
-0.134425
-0.122955
-0.111343
-0.0995939
-0.0877183
-0.0757166
-0.0635744
-0.0512908
-0.0389037
-0.026474
-0.0140456
-0.00164369
0.0107087
0.0229985
0.0352369
0.0474537
0.0596821
0.0719559
0.0843166
0.0967997
0.109394
0.122035
0.134644
0.147158
0.15954
0.171806
0.184019
0.196253
0.208571
0.221014
0.233556
0.246111
0.258631
0.271114
0.283563
0.296003
0.308478
0.321022
0.33364
0.346275
0.358828
0.371246
0.383519
0.395638
0.407567
0.419248
0.430635
0.441707
0.45243
0.462745
0.472572
0.481842
0.490532
0.498636
0.506125
0.512927
0.518939
0.524049
0.528146
0.531141
0.532984
0.533658
0.533127
0.531327
0.528194
0.523665
0.517735
0.510388
0.501789
0.49215
0.480562
0.466416
-0.209517
-0.22499
-0.23741
-0.247672
-0.256698
-0.264258
-0.27024
-0.274718
-0.277826
-0.279703
-0.280465
-0.280178
-0.278854
-0.276456
-0.272955
-0.26835
-0.262668
-0.255977
-0.248401
-0.240083
-0.231137
-0.221636
-0.211655
-0.201295
-0.190608
-0.179591
-0.168245
-0.156615
-0.144789
-0.132823
-0.120727
-0.108491
-0.0961187
-0.0836154
-0.0709777
-0.0582097
-0.0453554
-0.0324727
-0.0195927
-0.00673433
0.00606899
0.018786
0.0314168
0.0439949
0.056564
0.0691657
0.0818515
0.0946701
0.107613
0.120606
0.133558
0.146407
0.159122
0.171726
0.184302
0.196942
0.20971
0.22263
0.235645
0.248655
0.261619
0.274544
0.287442
0.300351
0.313325
0.326388
0.339529
0.35269
0.365795
0.37881
0.39173
0.404525
0.417129
0.429476
0.441534
0.453301
0.464747
0.475805
0.486385
0.496414
0.505858
0.514699
0.522891
0.530362
0.537013
0.542724
0.547372
0.550857
0.553118
0.554116
0.553799
0.55211
0.548992
0.544376
0.538201
0.530464
0.521271
0.510873
0.498327
0.482985
-0.226148
-0.242865
-0.256281
-0.267342
-0.277015
-0.285036
-0.291291
-0.29587
-0.298944
-0.300688
-0.301236
-0.300662
-0.298982
-0.296172
-0.29221
-0.2871
-0.280875
-0.27361
-0.265426
-0.256469
-0.246862
-0.236685
-0.226023
-0.214981
-0.203628
-0.191978
-0.180035
-0.167843
-0.155478
-0.142992
-0.130386
-0.117645
-0.104765
-0.0917548
-0.0786221
-0.065376
-0.0520574
-0.0387183
-0.0253823
-0.012061
0.00120781
0.0143717
0.0274124
0.0403652
0.0532875
0.066234
0.0792685
0.0924469
0.105752
0.119089
0.132366
0.145533
0.158578
0.171543
0.184522
0.197606
0.210844
0.224233
0.237695
0.251139
0.264543
0.27793
0.291312
0.304726
0.31822
0.331806
0.345469
0.359168
0.372855
0.386513
0.400121
0.413616
0.426913
0.439953
0.452727
0.465243
0.477468
0.489321
0.500706
0.511549
0.521806
0.53144
0.5404
0.548616
0.555985
0.562374
0.567649
0.571695
0.57443
0.575794
0.575738
0.574213
0.571141
0.566449
0.560014
0.551813
0.541986
0.530752
0.517126
0.500427
-0.244064
-0.26214
-0.276623
-0.28851
-0.298823
-0.307283
-0.313784
-0.318448
-0.321475
-0.323058
-0.323343
-0.322409
-0.320284
-0.316965
-0.31245
-0.306752
-0.299917
-0.292025
-0.283189
-0.273547
-0.263224
-0.252314
-0.240916
-0.229142
-0.217076
-0.204751
-0.192179
-0.1794
-0.16647
-0.15343
-0.140279
-0.127003
-0.113601
-0.100084
-0.0864609
-0.0727433
-0.0589636
-0.0451638
-0.0313656
-0.0175803
-0.00384706
0.00976904
0.0232354
0.0365865
0.0498863
0.0631972
0.0765942
0.0901378
0.1038
0.117473
0.131068
0.144556
0.157948
0.1713
0.184709
0.198253
0.211954
0.225785
0.239669
0.253536
0.267389
0.28126
0.295151
0.309087
0.323106
0.337219
0.351421
0.365695
0.380014
0.394357
0.408677
0.422884
0.436896
0.450672
0.464221
0.477547
0.4906
0.503292
0.515532
0.527245
0.538374
0.54887
0.558678
0.567723
0.57589
0.583035
0.58901
0.593686
0.596956
0.598751
0.599025
0.597714
0.594717
0.589924
0.583224
0.574533
0.564007
0.551878
0.537056
0.51881
-0.263401
-0.282942
-0.29855
-0.311282
-0.322232
-0.331115
-0.33785
-0.342589
-0.345553
-0.346941
-0.3469
-0.345527
-0.342868
-0.338948
-0.33379
-0.327424
-0.319907
-0.311327
-0.301783
-0.291394
-0.280285
-0.268568
-0.256363
-0.243801
-0.23098
-0.217938
-0.204694
-0.191282
-0.177747
-0.16411
-0.150372
-0.136527
-0.122585
-0.108556
-0.0944422
-0.0802531
-0.0660108
-0.0517448
-0.0374764
-0.0232232
-0.00902946
0.00503537
0.0189377
0.0327126
0.0464204
0.0601189
0.0738853
0.087783
0.101781
0.115774
0.129691
0.143523
0.15729
0.171048
0.18489
0.198874
0.213003
0.227245
0.241538
0.255836
0.270158
0.284527
0.29893
0.313382
0.327923
0.342574
0.357346
0.372239
0.387229
0.402277
0.417313
0.432247
0.447011
0.461584
0.475971
0.490156
0.504079
0.517656
0.530808
0.543458
0.555537
0.566982
0.57773
0.587693
0.596743
0.604729
0.611494
0.616884
0.620777
0.623095
0.623768
0.622707
0.619811
0.614929
0.607956
0.598791
0.587515
0.574393
0.558257
0.538282
-0.284285
-0.305403
-0.322197
-0.3358
-0.34739
-0.356691
-0.363651
-0.368448
-0.371314
-0.37245
-0.372012
-0.370113
-0.366827
-0.362213
-0.356327
-0.349217
-0.340946
-0.331599
-0.321265
-0.310047
-0.29807
-0.285465
-0.272383
-0.258977
-0.245352
-0.231549
-0.21758
-0.203475
-0.189276
-0.174997
-0.160633
-0.146185
-0.131676
-0.117115
-0.102497
-0.0878222
-0.073108
-0.0583749
-0.043637
-0.0289142
-0.0142601
0.000250803
0.0145906
0.0287989
0.0429284
0.0570259
0.0711646
0.0854068
0.0997249
0.114032
0.128282
0.142482
0.156645
0.170814
0.185069
0.199456
0.213973
0.228599
0.243296
0.258039
0.272842
0.287708
0.302613
0.317572
0.332641
0.347855
0.363232
0.378771
0.394441
0.410188
0.425943
0.441631
0.457201
0.472629
0.487899
0.502976
0.517805
0.532324
0.546463
0.560136
0.573255
0.585746
0.597531
0.608507
0.618543
0.627481
0.635147
0.641364
0.645992
0.648927
0.65007
0.649317
0.646559
0.641657
0.634431
0.624763
0.612707
0.598513
0.580933
0.559038
-0.306872
-0.329697
-0.347752
-0.362256
-0.374499
-0.384213
-0.391379
-0.396193
-0.398894
-0.399695
-0.398767
-0.396244
-0.392229
-0.386823
-0.380119
-0.372181
-0.363071
-0.352859
-0.341626
-0.329475
-0.31654
-0.302975
-0.288956
-0.27465
-0.260169
-0.245547
-0.230795
-0.215932
-0.201004
-0.186033
-0.171011
-0.155933
-0.140821
-0.125697
-0.110549
-0.0953661
-0.0801645
-0.0649633
-0.0497656
-0.0345813
-0.0194684
-0.004509
0.0102686
0.0249036
0.0394421
0.0539264
0.0684296
0.083014
0.0976573
0.112291
0.126891
0.141469
0.156025
0.170587
0.185225
0.199985
0.214868
0.229869
0.244971
0.260156
0.275425
0.290766
0.306155
0.321625
0.337243
0.353048
0.369047
0.385231
0.401563
0.418001
0.434492
0.450979
0.467406
0.483726
0.4999
0.515897
0.531687
0.547225
0.562437
0.577222
0.591477
0.605116
0.618046
0.630158
0.641312
0.651339
0.660038
0.667215
0.672702
0.676358
0.678067
0.677726
0.675192
0.670327
0.662895
0.652702
0.63982
0.624506
0.605378
0.581367
-0.331375
-0.356057
-0.375458
-0.390903
-0.40381
-0.413925
-0.421252
-0.426008
-0.428447
-0.428799
-0.427263
-0.424
-0.419145
-0.412837
-0.405201
-0.396321
-0.386253
-0.375055
-0.362801
-0.349605
-0.335621
-0.321029
-0.306018
-0.290759
-0.275359
-0.259853
-0.244248
-0.22857
-0.21286
-0.197151
-0.181438
-0.165706
-0.149964
-0.134236
-0.118523
-0.102811
-0.0871099
-0.0714374
-0.0557855
-0.0401481
-0.0245795
-0.00916881
0.00604649
0.0210946
0.0360158
0.0508592
0.0657092
0.0806342
0.0956167
0.110598
0.12556
0.140505
0.155424
0.170341
0.185333
0.20045
0.215696
0.231076
0.246581
0.262189
0.277891
0.293676
0.309539
0.325527
0.34171
0.35811
0.374718
0.39152
0.408498
0.425634
0.442894
0.460217
0.477523
0.494743
0.51184
0.528806
0.545635
0.562279
0.57865
0.594636
0.61013
0.625036
0.63925
0.65265
0.665082
0.676351
0.686238
0.694528
0.70102
0.705546
0.707969
0.708171
0.705991
0.701216
0.693612
0.682938
0.669221
0.652728
0.63194
0.605626
-0.358063
-0.384769
-0.40561
-0.422038
-0.435617
-0.446099
-0.453511
-0.458105
-0.460158
-0.459926
-0.457637
-0.453489
-0.447657
-0.440313
-0.431605
-0.42163
-0.410447
-0.39811
-0.384701
-0.370348
-0.35523
-0.339542
-0.323479
-0.307204
-0.290815
-0.274352
-0.25783
-0.241285
-0.22476
-0.208279
-0.191839
-0.175421
-0.159024
-0.142666
-0.12636
-0.110101
-0.0938922
-0.0777421
-0.0616319
-0.0455457
-0.0295322
-0.0136817
0.00195842
0.017402
0.0326859
0.047872
0.0630601
0.0783251
0.0936528
0.108986
0.1243
0.139585
0.154828
0.170066
0.185389
0.200852
0.216459
0.232212
0.248101
0.264102
0.280209
0.296424
0.312761
0.329273
0.346015
0.362987
0.380171
0.397568
0.415193
0.433049
0.4511
0.469266
0.487444
0.50557
0.52363
0.541639
0.559587
0.57741
0.595013
0.612294
0.62915
0.645472
0.661135
0.675993
0.689869
0.70255
0.713806
0.723396
0.731086
0.736679
0.740009
0.740906
0.739206
0.734645
0.726937
0.715835
0.701307
0.683588
0.661013
0.632198
-0.387256
-0.416166
-0.438547
-0.455998
-0.470243
-0.481037
-0.488435
-0.492734
-0.494253
-0.493276
-0.490061
-0.484849
-0.477864
-0.469313
-0.459356
-0.448096
-0.435606
-0.421956
-0.407244
-0.391622
-0.375283
-0.358426
-0.341237
-0.323869
-0.306414
-0.28892
-0.271421
-0.253967
-0.2366
-0.219329
-0.202132
-0.184992
-0.167909
-0.150903
-0.133995
-0.117186
-0.100472
-0.0838421
-0.0672659
-0.0507292
-0.0342847
-0.0180218
-0.00198993
0.0138217
0.0294566
0.0449905
0.0605272
0.0761368
0.0918021
0.107465
0.123096
0.138683
0.154223
0.169769
0.185419
0.201221
0.217173
0.23327
0.249508
0.265872
0.282365
0.299005
0.315815
0.33284
0.350111
0.367616
0.385349
0.403339
0.421626
0.440214
0.459051
0.478037
0.497081
0.516143
0.535231
0.554352
0.573474
0.59253
0.611446
0.630142
0.648509
0.666409
0.683686
0.70017
0.715669
0.729964
0.74281
0.753931
0.763056
0.769945
0.774392
0.776193
0.775131
0.770945
0.763282
0.751812
0.736477
0.717501
0.693044
0.661541
-0.419335
-0.450634
-0.47466
-0.493163
-0.50805
-0.519087
-0.526353
-0.530201
-0.530998
-0.529072
-0.524722
-0.518234
-0.509881
-0.499903
-0.488471
-0.4757
-0.46169
-0.446538
-0.430371
-0.41336
-0.395703
-0.377589
-0.359185
-0.340627
-0.322022
-0.303432
-0.284909
-0.266512
-0.248279
-0.230198
-0.212223
-0.194329
-0.176536
-0.158874
-0.141367
-0.124013
-0.106798
-0.0896894
-0.0726448
-0.0556605
-0.0388013
-0.0221576
-0.00577292
0.0103754
0.0263507
0.0422396
0.058135
0.0740859
0.0900655
0.106018
0.121917
0.137766
0.153585
0.169438
0.185414
0.201543
0.217813
0.234224
0.250781
0.267486
0.284353
0.301406
0.318668
0.336173
0.353935
0.371948
0.390225
0.408818
0.427771
0.447077
0.46667
0.486463
0.506394
0.526446
0.546619
0.566891
0.587224
0.607577
0.627917
0.648169
0.668196
0.687824
0.706875
0.725167
0.742502
0.758653
0.77334
0.786251
0.797076
0.805524
0.811341
0.814305
0.814129
0.810501
0.803028
0.791293
0.775194
0.754949
0.728524
0.694163
-0.454746
-0.488627
-0.514406
-0.533983
-0.549469
-0.560656
-0.56765
-0.570848
-0.570682
-0.567548
-0.561808
-0.553794
-0.543815
-0.532142
-0.518967
-0.504427
-0.488663
-0.471815
-0.454037
-0.435509
-0.416419
-0.396937
-0.377208
-0.357361
-0.337518
-0.317775
-0.2982
-0.278835
-0.259707
-0.24079
-0.222019
-0.203361
-0.184849
-0.166532
-0.148433
-0.13054
-0.112825
-0.0952391
-0.077737
-0.0603254
-0.0430764
-0.0260773
-0.00936279
0.0071076
0.023418
0.0396578
0.0558971
0.07216
0.0884145
0.104614
0.120745
0.136831
0.152913
0.16906
0.185338
0.201762
0.218318
0.235018
0.25188
0.268915
0.28614
0.303581
0.321263
0.339212
0.357442
0.375959
0.394788
0.413986
0.43359
0.453584
0.473916
0.494531
0.515392
0.53648
0.557764
0.579208
0.600801
0.622553
0.644445
0.666382
0.688193
0.709688
0.730687
0.751
0.770417
0.78868
0.805476
0.820461
0.833285
0.84361
0.851126
0.855545
0.856544
0.853715
0.846594
0.83473
0.817969
0.796479
0.767996
0.730588
-0.494007
-0.530679
-0.558324
-0.578992
-0.595008
-0.606202
-0.612721
-0.615018
-0.613597
-0.608945
-0.601505
-0.59166
-0.57975
-0.566073
-0.550853
-0.534268
-0.516506
-0.497758
-0.478201
-0.45801
-0.437351
-0.41637
-0.395199
-0.373971
-0.352821
-0.331875
-0.311216
-0.290868
-0.270822
-0.251037
-0.231453
-0.212035
-0.192819
-0.173862
-0.155183
-0.136756
-0.118539
-0.100479
-0.082542
-0.0647409
-0.0471386
-0.0298061
-0.0127651
0.00403595
0.0206872
0.0372653
0.053813
0.0703394
0.0868239
0.103239
0.119588
0.135904
0.152237
0.16865
0.18519
0.201866
0.218676
0.235645
0.252797
0.270142
0.287696
0.305491
0.323561
0.341934
0.360625
0.379646
0.399024
0.41881
0.439038
0.459704
0.480784
0.502253
0.524078
0.546215
0.568618
0.591271
0.614213
0.637476
0.661026
0.684742
0.708451
0.731973
0.755122
0.77769
0.799435
0.82007
0.839267
0.856656
0.871833
0.884406
0.894005
0.900235
0.902715
0.900978
0.89447
0.882665
0.865354
0.842654
0.812043
0.771393
-0.537721
-0.577409
-0.607029
-0.62878
-0.645212
-0.6562
-0.661957
-0.663024
-0.660001
-0.653474
-0.643973
-0.631935
-0.617731
-0.601698
-0.584108
-0.565189
-0.54518
-0.524316
-0.502793
-0.480775
-0.458396
-0.43578
-0.413054
-0.390364
-0.367863
-0.345685
-0.323913
-0.302556
-0.281568
-0.260894
-0.240484
-0.220316
-0.20042
-0.180845
-0.161599
-0.142647
-0.123933
-0.105411
-0.0870649
-0.0689113
-0.0509898
-0.033343
-0.0159773
0.0011606
0.0181499
0.0350426
0.0518573
0.0686034
0.0852845
0.101898
0.118454
0.134987
0.15155
0.168193
0.184956
0.201854
0.218899
0.23612
0.253537
0.271157
0.289005
0.307127
0.325569
0.34436
0.363507
0.383019
0.402925
0.423275
0.444112
0.465452
0.4873
0.50964
0.53243
0.555615
0.579163
0.603098
0.62748
0.652334
0.677607
0.703188
0.728931
0.754663
0.78017
0.805213
0.829528
0.852822
0.874759
0.89493
0.912872
0.928114
0.940203
0.948678
0.953045
0.95275
0.94717
0.935671
0.917965
0.894123
0.86132
0.817221
-0.586567
-0.629519
-0.661196
-0.683963
-0.70063
-0.711122
-0.715746
-0.715171
-0.710123
-0.701297
-0.689309
-0.674652
-0.657741
-0.638964
-0.618655
-0.597103
-0.574589
-0.55138
-0.527686
-0.503659
-0.47941
-0.455034
-0.43066
-0.40645
-0.38257
-0.359145
-0.336236
-0.31384
-0.291893
-0.270322
-0.249086
-0.228179
-0.207623
-0.187444
-0.167644
-0.148179
-0.128989
-0.110033
-0.0913087
-0.0728262
-0.0546001
-0.0366476
-0.0189661
-0.00150904
0.0157861
0.0329523
0.0499984
0.0669431
0.0838113
0.100613
0.117358
0.134081
0.150833
0.167669
0.184627
0.201728
0.218992
0.23644
0.254088
0.271951
0.290071
0.308511
0.32732
0.346516
0.366099
0.386081
0.406493
0.427393
0.448835
0.470855
0.493471
0.516674
0.540421
0.56467
0.589415
0.6147
0.640579
0.667062
0.694116
0.721671
0.749603
0.777714
0.805761
0.83349
0.860644
0.886934
0.911994
0.935355
0.956506
0.974901
0.989977
1.0012
1.00795
1.00955
1.00527
0.994379
0.976508
0.951643
0.916597
0.868835
-0.641294
-0.687789
-0.721578
-0.745215
-0.761841
-0.771459
-0.774497
-0.771783
-0.764195
-0.752549
-0.737555
-0.719779
-0.699694
-0.677748
-0.654346
-0.629841
-0.604556
-0.578766
-0.552686
-0.526458
-0.500187
-0.473957
-0.447881
-0.422118
-0.396841
-0.372159
-0.348103
-0.324649
-0.301731
-0.279273
-0.257232
-0.235605
-0.214402
-0.193631
-0.173286
-0.153327
-0.133695
-0.11435
-0.095282
-0.0764859
-0.0579563
-0.0396998
-0.0217171
-0.00397441
0.0135788
0.030973
0.0482253
0.0653657
0.0824246
0.099409
0.116323
0.133203
0.150114
0.167116
0.184246
0.201529
0.218984
0.236627
0.254477
0.272566
0.290952
0.309703
0.328861
0.348434
0.368423
0.388849
0.409753
0.43119
0.453226
0.47591
0.499275
0.523325
0.548031
0.57337
0.599353
0.626016
0.653405
0.681549
0.710462
0.74011
0.770356
0.80098
0.831739
0.862396
0.892701
0.922347
0.950925
0.977931
1.00279
1.0249
1.04358
1.05814
1.06786
1.07191
1.06943
1.05956
1.04182
1.01609
0.97877
0.927096
-0.702731
-0.753102
-0.789048
-0.813341
-0.829548
-0.837809
-0.838703
-0.833245
-0.822482
-0.807373
-0.788744
-0.767258
-0.743467
-0.71788
-0.690975
-0.663173
-0.634829
-0.606218
-0.57754
-0.548939
-0.52051
-0.492342
-0.464533
-0.437214
-0.410534
-0.38459
-0.359388
-0.334879
-0.310997
-0.287674
-0.264863
-0.242546
-0.220717
-0.199372
-0.178503
-0.158077
-0.138038
-0.118342
-0.09896
-0.0798683
-0.0610493
-0.042508
-0.0242526
-0.00626118
0.0115126
0.0291084
0.046556
0.063889
0.0811306
0.0982795
0.11534
0.13236
0.149415
0.166567
0.183851
0.201289
0.218905
0.236718
0.254756
0.273067
0.291713
0.310755
0.330229
0.350145
0.370514
0.391365
0.412737
0.434686
0.457286
0.480605
0.504695
0.529578
0.555242
0.58168
0.608901
0.636935
0.665837
0.695684
0.72653
0.758348
0.790991
0.824253
0.857919
0.891769
0.925542
0.958904
0.991424
1.02259
1.05175
1.07821
1.10118
1.11982
1.13322
1.14043
1.14039
1.13207
1.11487
1.08852
1.04891
0.992998
-0.771873
-0.82653
-0.864679
-0.889353
-0.904669
-0.910956
-0.908998
-0.900029
-0.885297
-0.865932
-0.842908
-0.817016
-0.788911
-0.759168
-0.728316
-0.696834
-0.665113
-0.633432
-0.601966
-0.57084
-0.54015
-0.50998
-0.480413
-0.451541
-0.423465
-0.396262
-0.369926
-0.344389
-0.319573
-0.295418
-0.271875
-0.248906
-0.226486
-0.204605
-0.183254
-0.1624
-0.141989
-0.121967
-0.10229
-0.0829254
-0.0638526
-0.0450741
-0.0265948
-0.00839265
0.00958014
0.0273708
0.0450122
0.0625286
0.0799317
0.0972201
0.114409
0.131557
0.148746
0.166031
0.183442
0.201011
0.218769
0.236743
0.254967
0.273493
0.292379
0.311681
0.331438
0.35167
0.372395
0.393642
0.415448
0.437872
0.461001
0.484925
0.509713
0.535405
0.562008
0.589522
0.617951
0.647329
0.677748
0.709325
0.742137
0.776159
0.811269
0.847306
0.884083
0.921378
0.95892
0.996375
1.03332
1.0692
1.10333
1.13488
1.16295
1.18653
1.20453
1.21578
1.21901
1.21296
1.19685
1.17021
1.1283
1.0678
-0.849992
-0.909445
-0.949844
-0.974549
-0.988363
-0.991879
-0.986146
-0.97268
-0.952979
-0.92839
-0.900068
-0.868963
-0.835846
-0.801363
-0.766087
-0.730528
-0.695102
-0.66009
-0.625652
-0.591884
-0.558859
-0.526641
-0.495293
-0.464869
-0.435416
-0.406976
-0.379536
-0.353015
-0.32732
-0.302382
-0.278151
-0.254575
-0.231613
-0.20925
-0.187473
-0.166245
-0.145502
-0.12518
-0.105229
-0.0856207
-0.066339
-0.0473758
-0.0287204
-0.0103424
0.00780953
0.0257843
0.0436079
0.0612889
0.0788314
0.0962423
0.113549
0.130815
0.148117
0.165509
0.183025
0.200708
0.218601
0.236731
0.25513
0.27385
0.292948
0.312478
0.33249
0.353009
0.374055
0.395658
0.417857
0.440717
0.464341
0.488832
0.514278
0.540737
0.568235
0.596774
0.62636
0.657049
0.68897
0.72227
0.757038
0.793277
0.830926
0.869869
0.909933
0.950898
0.992512
1.03447
1.07635
1.11756
1.15736
1.19487
1.229
1.25859
1.28231
1.29873
1.3063
1.30348
1.2892
1.26271
1.21856
1.15304
-0.938724
-1.00364
-1.04633
-1.07057
-1.08205
-1.08172
-1.07099
-1.05175
-1.02582
-0.99484
-0.960173
-0.922931
-0.884011
-0.844141
-0.803928
-0.763889
-0.72444
-0.685853
-0.648266
-0.611747
-0.576333
-0.542046
-0.508909
-0.476939
-0.446139
-0.416508
-0.388016
-0.360576
-0.334073
-0.308425
-0.28357
-0.259448
-0.236008
-0.213222
-0.191073
-0.16952
-0.148492
-0.127913
-0.107733
-0.0879291
-0.0684852
-0.0493754
-0.0305724
-0.0120425
0.00626377
0.0243943
0.0423685
0.0601839
0.0778425
0.09536
0.11277
0.130133
0.147523
0.164999
0.182605
0.200394
0.218411
0.236681
0.255233
0.274122
0.293402
0.313129
0.333359
0.354124
0.375448
0.397365
0.419916
0.443173
0.467247
0.492255
0.518303
0.545474
0.573801
0.603293
0.633969
0.665917
0.699297
0.734272
0.77096
0.809426
0.849673
0.891617
0.935103
0.979949
1.02595
1.07282
1.12016
1.16736
1.21366
1.25807
1.29941
1.33629
1.3671
1.39012
1.40343
1.40507
1.39365
1.36798
1.32164
1.25048
-1.04016
-1.11141
-1.1564
-1.17944
-1.18739
-1.18175
-1.1644
-1.13774
-1.10402
-1.06524
-1.023
-0.978587
-0.933007
-0.887055
-0.841367
-0.796453
-0.75269
-0.710314
-0.669428
-0.63006
-0.592208
-0.555847
-0.52094
-0.487457
-0.455361
-0.424609
-0.395144
-0.366864
-0.339643
-0.313376
-0.287987
-0.263407
-0.239571
-0.216433
-0.193968
-0.172138
-0.150874
-0.130095
-0.109751
-0.0898166
-0.07026
-0.0510354
-0.0321076
-0.0134501
0.00498033
0.0232318
0.0413208
0.0592376
0.0769834
0.0945805
0.112066
0.129499
0.146957
0.164503
0.182189
0.200068
0.218188
0.236573
0.255255
0.274285
0.293712
0.313593
0.333995
0.354962
0.376521
0.398709
0.421568
0.445174
0.469643
0.495108
0.521695
0.549501
0.578572
0.608926
0.640612
0.673746
0.708505
0.745078
0.783639
0.824326
0.867189
0.912177
0.959191
1.00811
1.05879
1.11099
1.1643
1.21819
1.27187
1.32431
1.37419
1.41987
1.45947
1.49089
1.51175
1.51953
1.5123
1.48833
1.43993
1.36242
-1.157
-1.23573
-1.28293
-1.30363
-1.30633
-1.29333
-1.26721
-1.23104
-1.18763
-1.13936
-1.08813
-1.03538
-0.982225
-0.929483
-0.877794
-0.82763
-0.779304
-0.732977
-0.688688
-0.646409
-0.606095
-0.567677
-0.531055
-0.496129
-0.462818
-0.431042
-0.400705
-0.371686
-0.343849
-0.317069
-0.291252
-0.266314
-0.242173
-0.218767
-0.196061
-0.174024
-0.152589
-0.131677
-0.111233
-0.0912227
-0.0715953
-0.0522912
-0.0332763
-0.0145317
0.003984
0.0223206
0.0404894
0.0584709
0.0762652
0.0939049
0.111436
0.128919
0.146431
0.164033
0.181775
0.199718
0.217916
0.236395
0.255178
0.274308
0.293832
0.313818
0.334348
0.355474
0.377222
0.399628
0.422743
0.446643
0.471451
0.497305
0.52435
0.552698
0.582411
0.613529
0.646123
0.680335
0.716365
0.754446
0.794819
0.837675
0.883111
0.931146
0.981768
1.03493
1.09052
1.14838
1.2082
1.26952
1.33155
1.39325
1.45315
1.50945
1.55994
1.60203
1.63277
1.64893
1.64782
1.6268
1.57656
1.49169
-1.2928
-1.38047
-1.42955
-1.44617
-1.44111
-1.41792
-1.38019
-1.33187
-1.27642
-1.21669
-1.15485
-1.0925
-1.03081
-0.970594
-0.912423
-0.856692
-0.803613
-0.75324
-0.705519
-0.660345
-0.61761
-0.577201
-0.538956
-0.5027
-0.46829
-0.435607
-0.404523
-0.37489
-0.346555
-0.319376
-0.293237
-0.268036
-0.243677
-0.220087
-0.197233
-0.175083
-0.153568
-0.1326
-0.112116
-0.092071
-0.0724069
-0.053063
-0.0340088
-0.0152254
0.00333278
0.0217134
0.0399151
0.057909
0.0757034
0.0933504
0.110906
0.128424
0.145967
0.163593
0.181358
0.199338
0.217591
0.236133
0.254971
0.274144
0.293713
0.313761
0.334376
0.355607
0.377484
0.400055
0.423374
0.447514
0.472589
0.498749
0.526159
0.554948
0.585192
0.616951
0.650327
0.685488
0.722669
0.762149
0.804222
0.849136
0.897064
0.948114
1.00235
1.05981
1.12048
1.18433
1.25117
1.32061
1.39198
1.46425
1.53591
1.60493
1.66879
1.72445
1.76817
1.79575
1.8034
1.78725
1.73567
1.64202
-1.45235
-1.55083
-1.601
-1.61081
-1.59437
-1.55709
-1.50397
-1.44014
-1.36984
-1.29633
-1.22208
-1.14879
-1.07762
-1.0093
-0.944259
-0.882745
-0.824815
-0.770391
-0.719301
-0.671346
-0.626335
-0.584081
-0.544364
-0.506933
-0.471578
-0.438134
-0.406447
-0.376345
-0.34765
-0.320196
-0.293846
-0.268479
-0.243987
-0.220304
-0.197401
-0.175241
-0.153741
-0.132796
-0.112332
-0.0923013
-0.0726461
-0.0533112
-0.0342659
-0.0154857
0.00307442
0.0214486
0.0396211
0.0575669
0.075319
0.0929506
0.110514
0.12804
0.145574
0.163182
0.180941
0.198935
0.217212
0.235766
0.254599
0.273765
0.29334
0.313409
0.334051
0.355322
0.37727
0.399957
0.423429
0.447737
0.472993
0.499371
0.527051
0.556166
0.586805
0.619062
0.653079
0.689047
0.727227
0.767949
0.811567
0.858389
0.908666
0.962602
1.02036
1.0821
1.14795
1.21799
1.29224
1.37046
1.45217
1.53638
1.62163
1.70581
1.7861
1.85887
1.91958
1.96277
1.98309
1.97475
1.92271
1.81856
-1.64244
-1.75401
-1.80361
-1.80227
-1.76912
-1.71233
-1.63888
-1.55532
-1.46673
-1.37684
-1.28825
-1.20267
-1.12114
-1.0442
-0.972061
-0.9047
-0.841971
-0.783621
-0.729344
-0.678834
-0.631795
-0.587944
-0.546981
-0.508587
-0.472485
-0.438464
-0.406346
-0.375936
-0.347027
-0.31943
-0.292987
-0.267564
-0.243052
-0.21939
-0.196548
-0.174476
-0.153071
-0.132217
-0.111835
-0.0918787
-0.0722945
-0.0530263
-0.0340366
-0.0152997
0.00321364
0.0215169
0.039593
0.0574425
0.0751285
0.0927291
0.110271
0.127758
0.145236
0.162795
0.180528
0.198507
0.216755
0.23526
0.254041
0.273169
0.292717
0.312751
0.333353
0.354606
0.376585
0.39934
0.422891
0.44728
0.472636
0.499145
0.526982
0.556283
0.587169
0.619778
0.654272
0.690867
0.729862
0.771639
0.816591
0.86509
0.917481
0.974084
1.03518
1.10105
1.17199
1.24831
1.33025
1.41779
1.51069
1.60821
1.70906
1.8111
1.91134
2.00572
2.08869
2.1532
2.19184
2.19595
2.14536
2.02848
-1.87303
-2.00034
-2.04596
-2.02644
-1.96868
-1.88486
-1.78456
-1.67601
-1.56518
-1.45604
-1.35116
-1.25206
-1.15949
-1.07364
-0.994366
-0.921308
-0.854035
-0.792072
-0.73495
-0.682236
-0.633522
-0.588411
-0.546505
-0.507419
-0.470818
-0.43645
-0.404107
-0.37357
-0.344602
-0.316993
-0.290576
-0.265216
-0.240812
-0.217303
-0.194644
-0.172758
-0.151526
-0.130829
-0.110596
-0.0907838
-0.0713372
-0.0521917
-0.0333046
-0.0146637
0.00373427
0.0218917
0.0398137
0.0575382
0.0751424
0.0926814
0.110149
0.12754
0.144925
0.162413
0.180089
0.198
0.216158
0.234571
0.253278
0.272343
0.291812
0.311747
0.332258
0.35346
0.375428
0.398183
0.42173
0.446122
0.471499
0.498039
0.525901
0.555241
0.586223
0.619015
0.653799
0.690818
0.730416
0.772999
0.818998
0.868869
0.923065
0.981997
1.04607
1.11576
1.19157
1.27404
1.36367
1.46085
1.56564
1.67773
1.79613
1.91899
2.04335
2.16479
2.27679
2.37052
2.43579
2.45978
2.4144
2.28233
-2.15955
-2.30494
-2.33964
-2.29047
-2.19631
-2.07506
-1.93951
-1.79966
-1.66212
-1.53082
-1.40791
-1.29439
-1.19043
-1.09571
-1.00957
-0.931228
-0.859907
-0.794865
-0.735429
-0.681012
-0.631084
-0.585128
-0.542648
-0.50319
-0.46638
-0.43193
-0.399602
-0.369143
-0.340291
-0.31282
-0.286562
-0.261395
-0.237233
-0.214005
-0.191638
-0.17003
-0.149052
-0.128596
-0.108596
-0.089007
-0.0697634
-0.0507945
-0.0320678
-0.013597
0.00460193
0.0225446
0.0402748
0.0578546
0.0753448
0.0927641
0.110091
0.12734
0.144604
0.161988
0.179553
0.197331
0.215356
0.233658
0.252273
0.271231
0.290562
0.310351
0.330743
0.351863
0.37376
0.396436
0.419905
0.444233
0.469547
0.495995
0.523741
0.552975
0.583892
0.616679
0.651546
0.688765
0.728697
0.771774
0.818485
0.869352
0.924906
0.985681
1.05226
1.12528
1.20547
1.29367
1.39075
1.4975
1.61452
1.74208
1.87983
2.0265
2.17957
2.3346
2.48436
2.61813
2.72232
2.77824
2.74551
2.59627
-2.52708
-2.69035
-2.70018
-2.60249
-2.45444
-2.2816
-2.10029
-1.92191
-1.75307
-1.59697
-1.45478
-1.32648
-1.21136
-1.10829
-1.01597
-0.933104
-0.858503
-0.791134
-0.730101
-0.674634
-0.624063
-0.577759
-0.535135
-0.495681
-0.458994
-0.424761
-0.392709
-0.362553
-0.334012
-0.306852
-0.280917
-0.256104
-0.232329
-0.209503
-0.187524
-0.166275
-0.145641
-0.125522
-0.10585
-0.0865632
-0.0675866
-0.0488582
-0.0303709
-0.0121607
0.00576166
0.0234439
0.0409588
0.0583623
0.0756807
0.0929105
0.110042
0.127115
0.144222
0.161447
0.178834
0.196435
0.214307
0.232484
0.250968
0.269765
0.288916
0.308537
0.328787
0.349773
0.371527
0.394056
0.417384
0.441572
0.466714
0.492941
0.520429
0.549403
0.580084
0.612667
0.647378
0.684528
0.724491
0.767714
0.814718
0.866093
0.922464
0.984491
1.0529
1.12853
1.21237
1.30555
1.40939
1.52519
1.65424
1.79759
1.95596
2.12914
2.31559
2.51166
2.71008
2.89855
3.05982
3.1673
3.16203
2.99641
-3.01879
-3.1908
-3.14764
-2.97046
-2.74299
-2.49987
-2.26031
-2.03582
-1.8316
-1.64894
-1.48716
-1.34464
-1.21936
-1.10913
-1.01185
-0.925621
-0.848819
-0.780105
-0.718357
-0.662621
-0.612076
-0.565991
-0.523712
-0.484695
-0.448518
-0.414842
-0.383355
-0.353744
-0.32572
-0.299064
-0.273642
-0.24936
-0.226125
-0.203818
-0.182322
-0.16153
-0.141342
-0.121663
-0.102407
-0.0834949
-0.0648554
-0.0464512
-0.0282987
-0.0104335
0.0071587
0.0245525
0.0418221
0.0589967
0.0760766
0.0930598
0.109958
0.126818
0.143715
0.160715
0.177878
0.195279
0.212984
0.231003
0.249309
0.267903
0.286848
0.30628
0.326348
0.34714
0.368683
0.391
0.414123
0.438076
0.462915
0.488777
0.515874
0.544434
0.574676
0.606817
0.641125
0.677917
0.717559
0.760501
0.807316
0.858648
0.915192
0.977724
1.04712
1.12442
1.21085
1.3079
1.41731
1.541
1.68109
1.83972
2.01898
2.22041
2.44444
2.68935
2.94928
3.21176
3.4565
3.64762
3.69918
3.52763
-3.71304
-3.85824
-3.7055
-3.39862
-3.05574
-2.71916
-2.408
-2.13077
-1.88875
-1.67957
-1.49953
-1.3447
-1.2113
-1.09591
-0.995497
-0.907527
-0.829942
-0.761105
-0.699689
-0.64457
-0.594794
-0.549548
-0.508153
-0.470055
-0.434817
-0.402069
-0.371463
-0.342665
-0.315398
-0.289471
-0.264768
-0.241199
-0.218646
-0.196976
-0.176076
-0.155858
-0.136233
-0.117094
-0.0983359
-0.0798744
-0.0616586
-0.043676
-0.0259485
-0.00849128
0.00873493
0.0258099
0.0427878
0.0596726
0.0764574
0.093153
0.109782
0.126382
0.14301
0.159738
0.17665
0.193837
0.211352
0.229171
0.247253
0.265612
0.284335
0.303549
0.323379
0.343908
0.365185
0.387235
0.410058
0.433647
0.458053
0.483423
0.509975
0.53793
0.56751
0.598975
0.632608
0.668699
0.707608
0.749812
0.795901
0.84655
0.902521
0.964684
1.03405
1.11182
1.19946
1.29877
1.41195
1.5416
1.69068
1.86273
2.06158
2.29122
2.55529
2.85584
3.19102
3.55145
3.9168
4.2433
4.41039
4.27098
-4.75254
-4.76791
-4.39599
-3.88145
-3.37534
-2.91941
-2.525
-2.19173
-1.91298
-1.68032
-1.48575
-1.3223
-1.18416
-1.06651
-0.965418
-0.87777
-0.801129
-0.733611
-0.673714
-0.620187
-0.571985
-0.52826
-0.488339
-0.451678
-0.417829
-0.386389
-0.356988
-0.329296
-0.303062
-0.278118
-0.254361
-0.231685
-0.20996
-0.189057
-0.168886
-0.149374
-0.130428
-0.111924
-0.0937459
-0.075823
-0.0581283
-0.0406614
-0.0234303
-0.00642479
0.0104038
0.0271186
0.0437494
0.0602902
0.0767402
0.0931177
0.10944
0.125729
0.142043
0.158475
0.17513
0.19209
0.209376
0.226951
0.244781
0.262891
0.281363
0.300313
0.319855
0.340075
0.361029
0.382729
0.40514
0.428236
0.452081
0.476821
0.502649
0.529788
0.558492
0.589025
0.621657
0.656665
0.694405
0.735365
0.78013
0.829387
0.883955
0.944767
1.01291
1.08973
1.17685
1.27635
1.39083
1.52349
1.67827
1.86005
2.07482
2.3297
2.63279
2.99243
3.41486
3.89988
4.43519
4.97711
5.37229
5.37297
-6.39513
-6.01883
-5.23104
-4.39866
-3.67149
-3.07129
-2.5877
-2.2014
-1.89231
-1.64328
-1.44076
-1.27435
-1.1361
-1.01991
-0.921121
-0.836171
-0.762384
-0.697721
-0.640572
-0.589627
-0.54382
-0.502318
-0.464477
-0.429774
-0.397751
-0.367986
-0.34011
-0.313819
-0.288894
-0.265189
-0.242594
-0.220989
-0.200245
-0.180257
-0.160958
-0.142281
-0.124119
-0.106335
-0.0888224
-0.0715319
-0.0544515
-0.0375741
-0.0208865
-0.00436521
0.0120276
0.0283325
0.044568
0.0607314
0.0768232
0.0928526
0.108829
0.124777
0.140768
0.156907
0.173298
0.190011
0.207044
0.224353
0.241914
0.259759
0.27796
0.296612
0.31583
0.335708
0.356282
0.377537
0.399428
0.421926
0.445082
0.469036
0.493969
0.520102
0.547703
0.57703
0.60832
0.641848
0.677971
0.717152
0.759964
0.807109
0.859409
0.917818
0.983481
1.05778
1.14245
1.23972
1.35247
1.48434
1.64014
1.82603
2.05017
2.32324
2.65903
3.07483
3.59073
4.22609
4.99085
5.86094
6.68477
7.09537
-9.2151
-7.73565
-6.16262
-4.87672
-3.87763
-3.12332
-2.56037
-2.13671
-1.81255
-1.56004
-1.35981
-1.1983
-1.06592
-0.955747
-0.862712
-0.783117
-0.71424
-0.654029
-0.600882
-0.553519
-0.510928
-0.472339
-0.437162
-0.404903
-0.375108
-0.347359
-0.321309
-0.296694
-0.273329
-0.251078
-0.229821
-0.209436
-0.189813
-0.170878
-0.152576
-0.13483
-0.117521
-0.100523
-0.0837482
-0.0671626
-0.0507512
-0.0344954
-0.0183731
-0.00236332
0.0135605
0.0294261
0.0452446
0.0610104
0.0767221
0.0923847
0.108003
0.123606
0.139278
0.155132
0.171261
0.187706
0.20446
0.221489
0.238771
0.25633
0.274234
0.292572
0.311445
0.330934
0.351064
0.371795
0.393065
0.414855
0.437208
0.460235
0.484116
0.50907
0.535348
0.563187
0.592806
0.624469
0.658518
0.695387
0.73563
0.779926
0.829071
0.884007
0.945853
1.01597
1.0961
1.18844
1.29593
1.42243
1.57316
1.75521
1.97842
2.2567
2.60976
3.06593
3.66547
4.46143
5.50811
6.84577
8.47469
10.0185
-14.7063
-9.9968
-6.84657
-4.99645
-3.76777
-2.92695
-2.34783
-1.93657
-1.63364
-1.40338
-1.22359
-1.07991
-0.962723
-0.8654
-0.783251
-0.712917
-0.651963
-0.598563
-0.551294
-0.509032
-0.470908
-0.436271
-0.404619
-0.375513
-0.348534
-0.323308
-0.299532
-0.276993
-0.255535
-0.23503
-0.215358
-0.196414
-0.178122
-0.160428
-0.143278
-0.126585
-0.110239
-0.0941315
-0.0781914
-0.0623893
-0.0467094
-0.0311282
-0.0156198
-0.000167328
0.0152403
0.0306173
0.0459739
0.0613063
0.076603
0.0918586
0.107085
0.122327
0.137666
0.153204
0.169021
0.18515
0.201574
0.218264
0.23521
0.252433
0.269983
0.287941
0.306397
0.325407
0.344971
0.365036
0.385539
0.406451
0.427806
0.449695
0.472276
0.495762
0.520369
0.546296
0.573752
0.602981
0.634291
0.668075
0.70484
0.745202
0.789894
0.839769
0.895835
0.959352
1.03187
1.11534
1.21241
1.32668
1.46296
1.62817
1.83219
2.08974
2.42351
2.86967
3.48876
4.37676
5.66383
7.58552
10.8235
15.6407
-23.9763
-12.1982
-6.5736
-4.28772
-3.07835
-2.34494
-1.87895
-1.56268
-1.3335
-1.15937
-1.02245
-0.911878
-0.820648
-0.743994
-0.678558
-0.621929
-0.572344
-0.528471
-0.48926
-0.453881
-0.421701
-0.392246
-0.365144
-0.340047
-0.316617
-0.29455
-0.273608
-0.253632
-0.2345
-0.216105
-0.198345
-0.181146
-0.164463
-0.148264
-0.13249
-0.117051
-0.101846
-0.0867891
-0.0718279
-0.0569346
-0.0420894
-0.0272723
-0.0124678
0.00233229
0.0171364
0.0319551
0.0467903
0.0616286
0.0764521
0.0912511
0.106035
0.12085
0.13578
0.150923
0.166346
0.182072
0.198092
0.214383
0.230928
0.247739
0.264858
0.282353
0.300294
0.318719
0.3376
0.356866
0.376449
0.396301
0.416425
0.436894
0.457846
0.479462
0.501924
0.525398
0.550068
0.576152
0.603902
0.633644
0.665816
0.70095
0.739635
0.78256
0.830585
0.884694
0.946043
1.01618
1.09705
1.19127
1.30247
1.4357
1.5983
1.8015
2.06353
2.41693
2.92489
3.70803
4.98427
7.36404
13.1035
25.002
0
0
0
0
0
0
0
0
0
0
0
0
0
0
0
0
0
0
0
0
0
0
0
0
0
0
0
0
0
0
0
0
0
0
0
0
0
0
0
0
0
0
0
0
0
0
0
0
0
0
0
0
0
0
0
0
0
0
0
0
0
0
0
0
0
0
0
0
0
0
0
0
0
0
0
0
0
0
0
0
0
0
0
0
0
0
0
0
0
0
0
0
0
0
0
0
0
0
0
0
)
;

boundaryField
{
    obstacleFixedWalls
    {
        type            zeroGradient;
    }
    obstacleFrontAndBack
    {
        type            empty;
    }
    movingWall
    {
        type            zeroGradient;
    }
    fixedWalls
    {
        type            zeroGradient;
    }
    frontAndBack
    {
        type            empty;
    }
}


// ************************************************************************* //
