/*--------------------------------*- C++ -*----------------------------------*\
  =========                 |
  \\      /  F ield         | OpenFOAM: The Open Source CFD Toolbox
   \\    /   O peration     | Website:  https://openfoam.org
    \\  /    A nd           | Version:  11
     \\/     M anipulation  |
\*---------------------------------------------------------------------------*/
FoamFile
{
    format      ascii;
    class       volScalarField;
    location    "0.4";
    object      p;
}
// * * * * * * * * * * * * * * * * * * * * * * * * * * * * * * * * * * * * * //

dimensions      [0 2 -2 0 0 0 0];

internalField   nonuniform List<scalar> 
10100
(
9.1054e-08
0.0102743
0.0190829
-0.00295023
-0.0536885
-0.121088
-0.195507
-0.271178
-0.344067
-0.410979
-0.470227
-0.521548
-0.565862
-0.604259
-0.637416
-0.6661
-0.690954
-0.712159
-0.730121
-0.745172
-0.757339
-0.767068
-0.774818
-0.780687
-0.784822
-0.787526
-0.789179
-0.790259
-0.791333
-0.792793
-0.794624
-0.796582
-0.798348
-0.799625
-0.800297
-0.800475
-0.800417
-0.800281
-0.800097
-0.799955
-0.799842
-0.799523
-0.798696
-0.797048
-0.794404
-0.790846
-0.786616
-0.782173
-0.778056
-0.774464
-0.771194
-0.767882
-0.764235
-0.760266
-0.756284
-0.752617
-0.749475
-0.746849
-0.744345
-0.741314
-0.737226
-0.731926
-0.725785
-0.719607
-0.714011
-0.708886
-0.70366
-0.697891
-0.691389
-0.684131
-0.676412
-0.668713
-0.661137
-0.653271
-0.644796
-0.635859
-0.626613
-0.616775
-0.60599
-0.594337
-0.582149
-0.569568
-0.556635
-0.543684
-0.531283
-0.519773
-0.509138
-0.499346
-0.490511
-0.482639
-0.475466
-0.468714
-0.462355
-0.456512
-0.451265
-0.446584
-0.442389
-0.439019
-0.436905
-0.43622
0.0163182
-0.0110415
-0.0319661
-0.0688495
-0.122289
-0.183804
-0.248037
-0.311381
-0.372069
-0.428408
-0.479001
-0.5236
-0.562654
-0.596819
-0.627022
-0.653802
-0.677257
-0.697806
-0.71562
-0.730676
-0.743265
-0.753605
-0.761902
-0.768454
-0.773489
-0.777273
-0.780142
-0.782446
-0.78453
-0.786635
-0.788781
-0.790861
-0.792712
-0.794079
-0.794859
-0.795215
-0.795347
-0.795416
-0.795566
-0.795849
-0.796186
-0.796299
-0.7958
-0.794441
-0.79211
-0.788797
-0.78484
-0.780833
-0.7772
-0.774036
-0.771079
-0.76782
-0.764015
-0.7599
-0.755784
-0.751963
-0.748835
-0.746421
-0.744076
-0.741042
-0.736881
-0.731456
-0.725165
-0.718974
-0.713476
-0.708235
-0.702513
-0.696093
-0.689023
-0.681268
-0.673084
-0.665063
-0.657352
-0.649395
-0.64079
-0.631836
-0.622835
-0.613416
-0.603017
-0.591667
-0.579824
-0.567691
-0.555187
-0.542497
-0.530221
-0.518891
-0.508601
-0.499208
-0.490646
-0.482923
-0.475959
-0.469538
-0.463447
-0.457694
-0.452469
-0.447781
-0.443591
-0.44013
-0.437557
-0.436147
0.0286273
-0.0288543
-0.0714233
-0.119688
-0.17555
-0.234036
-0.291781
-0.347054
-0.39909
-0.447289
-0.491096
-0.530319
-0.564924
-0.59568
-0.62328
-0.647938
-0.669919
-0.689287
-0.706099
-0.720623
-0.732994
-0.743286
-0.75174
-0.758516
-0.76384
-0.76816
-0.771812
-0.77502
-0.778005
-0.780842
-0.783459
-0.785776
-0.787756
-0.789302
-0.790321
-0.790959
-0.7914
-0.791739
-0.79218
-0.792813
-0.793447
-0.793803
-0.793516
-0.79229
-0.790086
-0.786962
-0.783258
-0.779689
-0.776651
-0.773956
-0.77124
-0.76808
-0.764219
-0.759921
-0.755671
-0.751809
-0.748675
-0.746325
-0.744059
-0.740911
-0.736434
-0.73076
-0.724445
-0.718331
-0.712852
-0.707469
-0.701357
-0.694378
-0.686869
-0.67898
-0.670823
-0.662778
-0.655015
-0.647085
-0.638524
-0.629529
-0.620499
-0.611216
-0.601035
-0.589786
-0.577946
-0.565951
-0.553789
-0.541434
-0.529335
-0.518204
-0.508393
-0.499666
-0.491603
-0.484076
-0.477206
-0.470928
-0.464924
-0.459085
-0.4536
-0.448655
-0.444406
-0.44086
-0.438152
-0.435714
0.00928011
-0.0638666
-0.118935
-0.172944
-0.227553
-0.281268
-0.333061
-0.381824
-0.427115
-0.468731
-0.506803
-0.541151
-0.572018
-0.599752
-0.624723
-0.647307
-0.667489
-0.685217
-0.700683
-0.714098
-0.725667
-0.735611
-0.743989
-0.750843
-0.756451
-0.761149
-0.765217
-0.768971
-0.772582
-0.775928
-0.778877
-0.781401
-0.783444
-0.785008
-0.786167
-0.787044
-0.787767
-0.788383
-0.789052
-0.789912
-0.790736
-0.791196
-0.791038
-0.789971
-0.787905
-0.785061
-0.781886
-0.778975
-0.776611
-0.774483
-0.772057
-0.768957
-0.765106
-0.760764
-0.756357
-0.752371
-0.749266
-0.74694
-0.744495
-0.741026
-0.736306
-0.730579
-0.724354
-0.718372
-0.712926
-0.707332
-0.700771
-0.693338
-0.685634
-0.677822
-0.669797
-0.661776
-0.653955
-0.645965
-0.637352
-0.628296
-0.61923
-0.609965
-0.599838
-0.588667
-0.576978
-0.565219
-0.553289
-0.541086
-0.529161
-0.518384
-0.509054
-0.500672
-0.492691
-0.485162
-0.478377
-0.472162
-0.466042
-0.459937
-0.454195
-0.44932
-0.445408
-0.441974
-0.4392
-0.436266
-0.0408681
-0.116233
-0.174529
-0.228491
-0.279847
-0.327595
-0.37298
-0.415584
-0.455105
-0.491362
-0.524454
-0.554703
-0.5822
-0.607104
-0.629688
-0.650097
-0.668355
-0.68445
-0.698518
-0.710744
-0.721379
-0.730681
-0.738724
-0.745605
-0.751493
-0.756542
-0.760975
-0.765031
-0.76881
-0.772226
-0.775193
-0.777693
-0.779671
-0.781172
-0.782372
-0.783374
-0.784237
-0.785044
-0.785899
-0.786848
-0.787735
-0.788278
-0.788222
-0.787353
-0.785589
-0.783181
-0.780723
-0.778717
-0.777089
-0.77543
-0.773359
-0.770491
-0.766675
-0.762284
-0.75785
-0.753827
-0.750655
-0.748219
-0.745524
-0.741679
-0.736734
-0.73115
-0.725274
-0.719508
-0.714018
-0.708217
-0.701397
-0.693756
-0.686006
-0.678308
-0.670374
-0.662253
-0.654191
-0.645982
-0.637233
-0.628082
-0.61895
-0.609694
-0.599674
-0.588692
-0.57725
-0.565757
-0.554042
-0.541973
-0.530171
-0.519572
-0.510389
-0.501978
-0.493818
-0.486133
-0.479273
-0.473013
-0.466899
-0.46083
-0.455182
-0.450528
-0.446805
-0.443834
-0.441148
-0.438071
-0.11155
-0.179056
-0.233424
-0.283243
-0.329566
-0.371551
-0.410411
-0.447099
-0.481303
-0.512914
-0.541979
-0.568685
-0.593279
-0.615763
-0.636134
-0.654535
-0.670996
-0.685543
-0.698369
-0.709683
-0.719616
-0.72832
-0.735965
-0.742745
-0.748726
-0.753964
-0.758638
-0.762829
-0.766511
-0.769693
-0.772392
-0.774639
-0.77647
-0.777935
-0.779144
-0.780193
-0.781118
-0.782
-0.782937
-0.783882
-0.784728
-0.785348
-0.785422
-0.784692
-0.783289
-0.781535
-0.779852
-0.778613
-0.777651
-0.776436
-0.774632
-0.771983
-0.768326
-0.76398
-0.759554
-0.755567
-0.752368
-0.749713
-0.746618
-0.742402
-0.737407
-0.732182
-0.726802
-0.721323
-0.715875
-0.710065
-0.703273
-0.695641
-0.687905
-0.680268
-0.672312
-0.6639
-0.655341
-0.646722
-0.637809
-0.62862
-0.619426
-0.610135
-0.600263
-0.589642
-0.578631
-0.567462
-0.555906
-0.543926
-0.532246
-0.521744
-0.512449
-0.503665
-0.495092
-0.487201
-0.480381
-0.474367
-0.468619
-0.462811
-0.457297
-0.452842
-0.449479
-0.446863
-0.444247
-0.441196
-0.191718
-0.247353
-0.293542
-0.336571
-0.376859
-0.412937
-0.446284
-0.477344
-0.506623
-0.534031
-0.559473
-0.58315
-0.605119
-0.625303
-0.643729
-0.660348
-0.675099
-0.688224
-0.699942
-0.710382
-0.719682
-0.727964
-0.735342
-0.741921
-0.747772
-0.752972
-0.75762
-0.761711
-0.765181
-0.768074
-0.770474
-0.772459
-0.774157
-0.775635
-0.776881
-0.777959
-0.778913
-0.779736
-0.780559
-0.781432
-0.782203
-0.782753
-0.782874
-0.782315
-0.781229
-0.780035
-0.779043
-0.77835
-0.777717
-0.77676
-0.775218
-0.772772
-0.76924
-0.765042
-0.760837
-0.757003
-0.753699
-0.750697
-0.747217
-0.742792
-0.737922
-0.733184
-0.728439
-0.72342
-0.718191
-0.712569
-0.706053
-0.69866
-0.690985
-0.683253
-0.67507
-0.66625
-0.657144
-0.648055
-0.638925
-0.629715
-0.62053
-0.611256
-0.601542
-0.591302
-0.580782
-0.570021
-0.558707
-0.54687
-0.535274
-0.524694
-0.515048
-0.50577
-0.496833
-0.488833
-0.482145
-0.476526
-0.471301
-0.465893
-0.460639
-0.456367
-0.453351
-0.450955
-0.448532
-0.445654
-0.272547
-0.315513
-0.352673
-0.387912
-0.421538
-0.452105
-0.480311
-0.506707
-0.531656
-0.555234
-0.577522
-0.598413
-0.617836
-0.635837
-0.652336
-0.667205
-0.680505
-0.692378
-0.703016
-0.71259
-0.72122
-0.729035
-0.736127
-0.74246
-0.748085
-0.75311
-0.757524
-0.761321
-0.764535
-0.767211
-0.769434
-0.771311
-0.772978
-0.774515
-0.775827
-0.776869
-0.777733
-0.77842
-0.778991
-0.779611
-0.780255
-0.780707
-0.780722
-0.780237
-0.779491
-0.778723
-0.778053
-0.777545
-0.777024
-0.776172
-0.774768
-0.772513
-0.769239
-0.7654
-0.761609
-0.758025
-0.754616
-0.751263
-0.747514
-0.74312
-0.738602
-0.734474
-0.730439
-0.726009
-0.721178
-0.715923
-0.709842
-0.702801
-0.695214
-0.68731
-0.678799
-0.669544
-0.659968
-0.650522
-0.64123
-0.631958
-0.622689
-0.613357
-0.60377
-0.593864
-0.583726
-0.573252
-0.56216
-0.55054
-0.539038
-0.528208
-0.517989
-0.508155
-0.498958
-0.490947
-0.484407
-0.479139
-0.47435
-0.469295
-0.464325
-0.460406
-0.45783
-0.455734
-0.453672
-0.451095
-0.348894
-0.379952
-0.408456
-0.436408
-0.463741
-0.489085
-0.512858
-0.535294
-0.556525
-0.576873
-0.596254
-0.614466
-0.631506
-0.64731
-0.661766
-0.674905
-0.686824
-0.697559
-0.707244
-0.716036
-0.72403
-0.731324
-0.737982
-0.743963
-0.749293
-0.754033
-0.758121
-0.761574
-0.764526
-0.767019
-0.769134
-0.771038
-0.772762
-0.774281
-0.775562
-0.776526
-0.777141
-0.777496
-0.777799
-0.778183
-0.778582
-0.778861
-0.778854
-0.778502
-0.777995
-0.77745
-0.776857
-0.776293
-0.775695
-0.774843
-0.773579
-0.771635
-0.76884
-0.765603
-0.762419
-0.759208
-0.755765
-0.752159
-0.748349
-0.744272
-0.740311
-0.736825
-0.733456
-0.729628
-0.725265
-0.72042
-0.714781
-0.708112
-0.700645
-0.692585
-0.683776
-0.674201
-0.664347
-0.654698
-0.645248
-0.635761
-0.626192
-0.616614
-0.606982
-0.597183
-0.587144
-0.576748
-0.56586
-0.554563
-0.543184
-0.531995
-0.521132
-0.510878
-0.501665
-0.493777
-0.487325
-0.482147
-0.477455
-0.47256
-0.467924
-0.464548
-0.462499
-0.460814
-0.459183
-0.457086
-0.418713
-0.439092
-0.459608
-0.481228
-0.503318
-0.524135
-0.544018
-0.562971
-0.58116
-0.598569
-0.615157
-0.6309
-0.645635
-0.659231
-0.671734
-0.683265
-0.693817
-0.703492
-0.712384
-0.720526
-0.727994
-0.734807
-0.740937
-0.74644
-0.751355
-0.755666
-0.759336
-0.762405
-0.765044
-0.76734
-0.76931
-0.771105
-0.772808
-0.774267
-0.775321
-0.775981
-0.7763
-0.77634
-0.776343
-0.776517
-0.776785
-0.777019
-0.777108
-0.776993
-0.776736
-0.776292
-0.775606
-0.774865
-0.774155
-0.773325
-0.772269
-0.770804
-0.768747
-0.766348
-0.763892
-0.761111
-0.757745
-0.754092
-0.750483
-0.746947
-0.74362
-0.740672
-0.737783
-0.734404
-0.730401
-0.725852
-0.72054
-0.71419
-0.706877
-0.698763
-0.689802
-0.680097
-0.670154
-0.660397
-0.650716
-0.640804
-0.630683
-0.620625
-0.610715
-0.600768
-0.5906
-0.580189
-0.569587
-0.558778
-0.547671
-0.536295
-0.525087
-0.51478
-0.505793
-0.498045
-0.491501
-0.486071
-0.481119
-0.476185
-0.471883
-0.469097
-0.467563
-0.466349
-0.465075
-0.463533
-0.481839
-0.49284
-0.506353
-0.522573
-0.540169
-0.557237
-0.573635
-0.589534
-0.604884
-0.619544
-0.633583
-0.646933
-0.659413
-0.671013
-0.681844
-0.691992
-0.701424
-0.710213
-0.718456
-0.726112
-0.733114
-0.739403
-0.74498
-0.749956
-0.754307
-0.757964
-0.761064
-0.763726
-0.765948
-0.767822
-0.769523
-0.771118
-0.772548
-0.773709
-0.774466
-0.77478
-0.774744
-0.774523
-0.774389
-0.774502
-0.774775
-0.775141
-0.775534
-0.775786
-0.775761
-0.77531
-0.774454
-0.773547
-0.772768
-0.77199
-0.771203
-0.77037
-0.769248
-0.767787
-0.766028
-0.763672
-0.760539
-0.757107
-0.753939
-0.751062
-0.748326
-0.745707
-0.742992
-0.739781
-0.735932
-0.731506
-0.726359
-0.720238
-0.713138
-0.705156
-0.696269
-0.686611
-0.676672
-0.666828
-0.656884
-0.646469
-0.63568
-0.624999
-0.61467
-0.604486
-0.594204
-0.583901
-0.573752
-0.56359
-0.552943
-0.541698
-0.530566
-0.520494
-0.511701
-0.503861
-0.496978
-0.491124
-0.485849
-0.480945
-0.477092
-0.474909
-0.473808
-0.47293
-0.471838
-0.47076
-0.538439
-0.54207
-0.549699
-0.560918
-0.574567
-0.588231
-0.601565
-0.614557
-0.627134
-0.639293
-0.650958
-0.662033
-0.672499
-0.682428
-0.691906
-0.700948
-0.709582
-0.717764
-0.725503
-0.732695
-0.739154
-0.744865
-0.749868
-0.754171
-0.7578
-0.760792
-0.76324
-0.765289
-0.767007
-0.768417
-0.76965
-0.77083
-0.771896
-0.772682
-0.773052
-0.773033
-0.772786
-0.772475
-0.772313
-0.772445
-0.772857
-0.773541
-0.774345
-0.774914
-0.775
-0.774484
-0.773472
-0.772404
-0.771542
-0.770828
-0.770368
-0.770238
-0.770072
-0.769463
-0.768266
-0.76632
-0.763623
-0.76072
-0.758197
-0.756002
-0.75374
-0.751243
-0.748442
-0.74514
-0.741238
-0.736784
-0.731705
-0.725811
-0.719041
-0.711385
-0.702754
-0.693265
-0.683407
-0.673544
-0.663431
-0.652629
-0.641274
-0.630035
-0.619332
-0.60899
-0.598738
-0.588688
-0.57903
-0.569426
-0.559176
-0.548172
-0.537287
-0.527416
-0.518537
-0.510341
-0.503089
-0.497036
-0.49184
-0.487367
-0.484167
-0.4825
-0.481625
-0.480809
-0.479845
-0.479146
-0.589158
-0.587328
-0.590036
-0.59692
-0.606743
-0.617211
-0.627678
-0.637904
-0.647989
-0.657833
-0.667287
-0.676393
-0.685194
-0.693731
-0.702094
-0.710286
-0.718275
-0.725943
-0.73317
-0.739794
-0.745588
-0.750578
-0.754924
-0.758552
-0.761416
-0.763736
-0.76566
-0.76715
-0.76825
-0.769124
-0.769919
-0.770676
-0.771301
-0.771681
-0.771754
-0.771575
-0.771262
-0.770912
-0.770728
-0.77092
-0.771526
-0.772511
-0.773601
-0.774317
-0.774404
-0.773808
-0.772661
-0.771426
-0.770469
-0.769852
-0.769756
-0.770291
-0.770941
-0.77099
-0.770202
-0.768694
-0.766682
-0.764611
-0.76288
-0.761323
-0.75943
-0.756972
-0.753981
-0.750434
-0.746329
-0.74179
-0.736836
-0.731278
-0.724929
-0.717655
-0.709338
-0.700108
-0.690454
-0.680716
-0.670606
-0.65964
-0.647979
-0.636408
-0.625472
-0.615043
-0.604837
-0.594959
-0.585548
-0.576142
-0.565992
-0.555113
-0.544437
-0.53464
-0.525538
-0.517023
-0.509682
-0.503847
-0.499144
-0.495353
-0.492789
-0.491402
-0.490541
-0.489642
-0.488933
-0.488641
-0.634737
-0.628669
-0.627611
-0.630738
-0.636907
-0.644336
-0.652134
-0.660001
-0.667875
-0.675638
-0.683214
-0.690666
-0.698047
-0.705397
-0.712766
-0.720138
-0.727402
-0.734432
-0.740909
-0.746635
-0.751667
-0.755997
-0.759569
-0.76246
-0.764828
-0.766766
-0.76824
-0.769221
-0.769847
-0.770308
-0.770695
-0.77102
-0.771256
-0.771376
-0.77133
-0.771111
-0.770767
-0.770356
-0.770112
-0.770308
-0.771007
-0.772122
-0.773297
-0.77402
-0.774089
-0.773494
-0.772305
-0.770952
-0.76995
-0.769525
-0.769849
-0.770932
-0.772139
-0.772601
-0.772135
-0.771162
-0.770044
-0.768975
-0.768059
-0.767068
-0.765508
-0.763109
-0.759923
-0.756056
-0.751687
-0.747107
-0.742399
-0.737246
-0.731246
-0.724201
-0.716113
-0.707205
-0.6979
-0.68842
-0.678441
-0.667518
-0.655846
-0.644222
-0.633191
-0.622641
-0.612338
-0.602415
-0.592957
-0.583441
-0.573212
-0.56245
-0.552034
-0.542352
-0.533143
-0.524563
-0.517374
-0.511862
-0.5076
-0.504325
-0.502156
-0.500852
-0.499926
-0.499007
-0.498613
-0.498774
-0.675628
-0.666404
-0.662331
-0.662235
-0.665361
-0.670014
-0.675513
-0.681385
-0.687323
-0.693313
-0.699342
-0.705398
-0.711508
-0.717689
-0.724046
-0.730551
-0.73687
-0.74279
-0.748205
-0.752974
-0.757098
-0.760625
-0.763551
-0.765992
-0.76809
-0.769785
-0.770937
-0.771574
-0.771875
-0.771975
-0.771957
-0.771914
-0.771915
-0.77196
-0.771939
-0.771748
-0.771364
-0.770846
-0.770486
-0.770605
-0.771253
-0.772318
-0.773472
-0.774247
-0.774454
-0.774043
-0.772969
-0.771638
-0.770757
-0.770688
-0.771447
-0.772859
-0.7743
-0.774983
-0.774827
-0.774433
-0.774192
-0.774046
-0.773853
-0.773358
-0.772094
-0.769735
-0.766327
-0.762117
-0.757507
-0.752952
-0.748504
-0.743623
-0.737705
-0.730623
-0.722639
-0.714091
-0.705237
-0.696089
-0.686314
-0.675608
-0.664218
-0.652829
-0.64186
-0.631201
-0.620733
-0.610668
-0.601064
-0.591413
-0.581202
-0.570728
-0.560683
-0.551199
-0.542029
-0.533547
-0.526523
-0.521139
-0.517008
-0.513952
-0.511964
-0.510682
-0.509702
-0.508855
-0.508656
-0.509225
-0.712381
-0.700748
-0.694092
-0.691578
-0.692305
-0.694763
-0.698316
-0.702384
-0.706683
-0.711192
-0.71585
-0.720587
-0.725519
-0.730677
-0.735983
-0.741318
-0.746451
-0.751082
-0.75519
-0.758856
-0.762047
-0.76478
-0.767194
-0.769412
-0.771355
-0.772809
-0.773668
-0.774016
-0.773993
-0.773696
-0.77328
-0.772979
-0.772932
-0.773084
-0.773203
-0.773079
-0.772662
-0.772048
-0.771568
-0.771548
-0.772032
-0.772988
-0.774216
-0.775268
-0.775843
-0.775786
-0.775003
-0.77392
-0.773375
-0.773759
-0.774855
-0.77633
-0.777738
-0.778515
-0.778629
-0.778684
-0.779056
-0.779562
-0.779924
-0.77983
-0.778756
-0.776321
-0.772634
-0.768137
-0.763383
-0.758855
-0.754503
-0.749607
-0.743492
-0.736214
-0.728321
-0.720203
-0.711875
-0.703124
-0.693665
-0.683381
-0.672548
-0.661662
-0.650956
-0.640323
-0.629783
-0.619616
-0.609877
-0.600131
-0.590057
-0.579984
-0.570346
-0.561051
-0.55198
-0.543673
-0.5368
-0.531425
-0.52727
-0.524286
-0.522379
-0.521114
-0.520092
-0.519354
-0.519263
-0.520153
-0.745365
-0.73177
-0.72326
-0.718894
-0.717828
-0.71857
-0.720389
-0.722924
-0.725795
-0.728854
-0.732255
-0.735974
-0.739891
-0.744046
-0.748369
-0.752519
-0.756236
-0.759481
-0.762332
-0.764838
-0.767019
-0.769023
-0.771044
-0.773027
-0.774667
-0.775735
-0.776221
-0.776194
-0.775722
-0.774947
-0.774201
-0.77384
-0.773957
-0.774347
-0.774659
-0.774645
-0.774267
-0.773607
-0.772979
-0.772737
-0.773026
-0.773965
-0.775463
-0.776982
-0.778034
-0.778419
-0.778095
-0.777474
-0.777381
-0.778174
-0.779465
-0.780848
-0.782101
-0.782887
-0.783149
-0.78341
-0.784058
-0.784917
-0.785647
-0.78583
-0.784819
-0.782207
-0.778264
-0.773623
-0.768867
-0.764347
-0.759882
-0.754732
-0.74834
-0.740985
-0.73338
-0.725834
-0.718099
-0.709811
-0.700798
-0.691115
-0.680998
-0.670722
-0.660369
-0.649883
-0.639369
-0.629095
-0.619119
-0.609197
-0.599282
-0.589655
-0.580429
-0.571331
-0.56241
-0.554326
-0.547635
-0.542299
-0.538147
-0.535203
-0.533316
-0.532038
-0.531001
-0.530426
-0.530596
-0.531786
-0.774558
-0.75994
-0.750161
-0.744233
-0.741691
-0.740961
-0.741229
-0.74223
-0.743761
-0.745675
-0.748038
-0.750954
-0.754255
-0.757697
-0.761043
-0.764038
-0.766462
-0.768395
-0.769983
-0.771289
-0.772496
-0.773866
-0.775431
-0.776909
-0.77798
-0.778527
-0.778533
-0.777961
-0.776905
-0.775705
-0.774848
-0.774652
-0.77504
-0.775684
-0.776198
-0.776339
-0.776018
-0.775246
-0.774345
-0.773808
-0.773949
-0.774989
-0.776839
-0.778828
-0.780314
-0.781142
-0.781376
-0.781338
-0.781709
-0.782831
-0.784286
-0.78564
-0.786797
-0.787555
-0.787831
-0.788104
-0.788809
-0.789821
-0.79077
-0.79113
-0.790134
-0.787385
-0.783336
-0.778764
-0.774159
-0.769654
-0.764985
-0.759548
-0.753036
-0.745923
-0.738907
-0.732061
-0.724881
-0.716985
-0.708395
-0.699291
-0.689799
-0.679982
-0.669869
-0.659507
-0.649032
-0.638625
-0.628351
-0.61826
-0.608587
-0.59952
-0.590781
-0.581929
-0.573168
-0.565265
-0.558708
-0.553419
-0.549292
-0.54636
-0.544422
-0.54307
-0.542069
-0.541716
-0.542355
-0.543882
-0.800474
-0.785542
-0.774885
-0.767736
-0.763693
-0.761383
-0.760129
-0.759691
-0.759986
-0.761042
-0.762857
-0.76537
-0.768328
-0.771271
-0.77381
-0.775774
-0.777084
-0.777786
-0.778086
-0.778276
-0.778677
-0.779415
-0.7803
-0.781036
-0.781452
-0.781442
-0.78085
-0.779627
-0.778067
-0.776693
-0.775955
-0.775986
-0.776582
-0.777398
-0.778061
-0.77827
-0.777843
-0.776758
-0.775445
-0.774604
-0.774668
-0.775829
-0.777936
-0.780252
-0.782062
-0.783279
-0.784078
-0.784654
-0.785505
-0.786988
-0.788746
-0.790302
-0.791545
-0.792304
-0.792518
-0.792717
-0.793417
-0.794512
-0.795593
-0.796071
-0.795129
-0.792408
-0.78848
-0.784172
-0.779823
-0.775363
-0.770515
-0.764909
-0.758521
-0.751925
-0.745646
-0.739423
-0.732548
-0.724747
-0.716322
-0.707567
-0.698446
-0.688829
-0.678782
-0.668512
-0.658162
-0.647768
-0.637398
-0.627391
-0.618187
-0.609784
-0.601532
-0.592914
-0.584297
-0.576542
-0.570085
-0.564843
-0.560737
-0.557769
-0.555716
-0.554206
-0.553219
-0.553051
-0.554088
-0.555932
-0.823686
-0.808692
-0.797637
-0.789304
-0.783659
-0.779761
-0.776923
-0.775174
-0.774583
-0.77513
-0.776771
-0.779221
-0.781963
-0.784438
-0.786313
-0.787389
-0.787622
-0.787147
-0.786351
-0.785695
-0.785415
-0.785438
-0.78555
-0.785607
-0.785469
-0.784888
-0.783658
-0.781908
-0.780135
-0.77883
-0.778238
-0.778348
-0.778968
-0.779804
-0.780444
-0.780478
-0.779688
-0.778132
-0.776401
-0.775347
-0.775402
-0.776622
-0.778804
-0.781262
-0.783277
-0.784799
-0.786087
-0.787255
-0.788642
-0.790616
-0.792873
-0.794859
-0.796349
-0.797142
-0.79725
-0.797347
-0.798049
-0.799222
-0.800377
-0.800914
-0.800068
-0.797542
-0.793942
-0.790017
-0.785932
-0.781498
-0.776527
-0.770895
-0.764781
-0.758744
-0.753057
-0.747144
-0.740195
-0.732155
-0.723642
-0.715041
-0.706133
-0.696624
-0.686649
-0.676567
-0.666514
-0.656379
-0.646234
-0.636596
-0.627965
-0.620117
-0.612198
-0.603797
-0.595485
-0.588124
-0.581997
-0.576943
-0.572888
-0.569839
-0.567598
-0.565846
-0.564749
-0.564623
-0.565763
-0.567799
-0.844466
-0.829657
-0.81835
-0.808951
-0.80172
-0.796302
-0.792153
-0.789383
-0.788229
-0.788601
-0.790213
-0.792572
-0.795032
-0.797018
-0.798193
-0.798374
-0.797575
-0.796151
-0.794636
-0.793399
-0.792491
-0.791824
-0.791341
-0.790938
-0.790322
-0.789165
-0.787426
-0.785452
-0.78372
-0.782499
-0.781858
-0.781811
-0.782266
-0.782942
-0.783322
-0.782939
-0.781665
-0.779714
-0.777767
-0.77668
-0.776786
-0.777973
-0.78004
-0.782457
-0.784551
-0.786243
-0.787857
-0.789513
-0.791458
-0.794019
-0.796867
-0.799326
-0.801052
-0.80183
-0.80178
-0.801755
-0.802463
-0.803692
-0.804847
-0.805358
-0.804597
-0.802371
-0.799242
-0.795761
-0.791891
-0.787424
-0.782367
-0.776826
-0.771044
-0.765433
-0.76002
-0.754066
-0.746817
-0.738479
-0.729926
-0.721552
-0.712932
-0.703632
-0.69385
-0.684058
-0.674358
-0.664524
-0.654659
-0.645383
-0.637163
-0.629601
-0.621878
-0.613857
-0.606287
-0.599839
-0.594455
-0.589788
-0.58579
-0.582571
-0.580045
-0.578007
-0.576716
-0.576561
-0.577679
-0.579803
-0.863253
-0.848692
-0.837029
-0.826882
-0.818391
-0.811686
-0.806662
-0.80334
-0.80188
-0.802126
-0.803583
-0.805622
-0.807589
-0.808953
-0.809319
-0.808604
-0.807013
-0.805025
-0.803092
-0.80138
-0.799906
-0.798737
-0.797878
-0.797077
-0.795936
-0.794281
-0.792307
-0.790365
-0.788691
-0.78735
-0.786431
-0.786081
-0.786259
-0.786612
-0.786563
-0.785711
-0.78411
-0.782088
-0.780244
-0.779287
-0.779439
-0.780486
-0.78227
-0.78446
-0.786452
-0.788114
-0.789818
-0.791777
-0.794205
-0.797323
-0.800653
-0.803394
-0.805167
-0.805823
-0.805604
-0.805481
-0.806186
-0.80741
-0.808475
-0.80888
-0.808193
-0.806348
-0.803805
-0.80083
-0.797166
-0.792663
-0.787605
-0.782292
-0.776902
-0.771596
-0.76621
-0.760038
-0.752556
-0.744221
-0.735977
-0.728062
-0.719832
-0.710792
-0.701222
-0.691653
-0.682118
-0.67234
-0.662514
-0.65337
-0.645327
-0.637914
-0.63048
-0.623179
-0.61678
-0.611581
-0.607095
-0.602798
-0.598734
-0.595214
-0.592326
-0.590044
-0.588639
-0.588569
-0.589872
-0.592127
-0.880341
-0.865969
-0.854071
-0.843427
-0.834182
-0.826743
-0.8213
-0.817801
-0.816158
-0.81611
-0.817151
-0.818645
-0.819918
-0.820453
-0.82
-0.818617
-0.816591
-0.814288
-0.811971
-0.809768
-0.80783
-0.806284
-0.805009
-0.803655
-0.801973
-0.800043
-0.798091
-0.796214
-0.794411
-0.79275
-0.791475
-0.790807
-0.790632
-0.790541
-0.790041
-0.788908
-0.787335
-0.785608
-0.784086
-0.783278
-0.783383
-0.784187
-0.785569
-0.787356
-0.789037
-0.790458
-0.792057
-0.794148
-0.796919
-0.800422
-0.803972
-0.806681
-0.808275
-0.808771
-0.808495
-0.80839
-0.809093
-0.810215
-0.811102
-0.811394
-0.81084
-0.809466
-0.807605
-0.805229
-0.801865
-0.797449
-0.792553
-0.787638
-0.782721
-0.777674
-0.772217
-0.765839
-0.75835
-0.750382
-0.742749
-0.735383
-0.727451
-0.718512
-0.70901
-0.699514
-0.689954
-0.680031
-0.670071
-0.660945
-0.653055
-0.645922
-0.639036
-0.632689
-0.627481
-0.623312
-0.619394
-0.615189
-0.610913
-0.607073
-0.603896
-0.601499
-0.600165
-0.600333
-0.602028
-0.604536
-0.895599
-0.881619
-0.869677
-0.858857
-0.849497
-0.841969
-0.836477
-0.832948
-0.831119
-0.830651
-0.831094
-0.831848
-0.832303
-0.832014
-0.830942
-0.829186
-0.826888
-0.824215
-0.821385
-0.818658
-0.816253
-0.814186
-0.812253
-0.810261
-0.80823
-0.806292
-0.804423
-0.802446
-0.800336
-0.79832
-0.79673
-0.795709
-0.795055
-0.794449
-0.793632
-0.792522
-0.791277
-0.790007
-0.788809
-0.788047
-0.788008
-0.788542
-0.789501
-0.790793
-0.792034
-0.793137
-0.794599
-0.796754
-0.799698
-0.803307
-0.806752
-0.809167
-0.810488
-0.810929
-0.810811
-0.810882
-0.81157
-0.812467
-0.813096
-0.813321
-0.813015
-0.812195
-0.81105
-0.809322
-0.806392
-0.802273
-0.797734
-0.793308
-0.788853
-0.784001
-0.778443
-0.771922
-0.764567
-0.757088
-0.750048
-0.743041
-0.735143
-0.726109
-0.716616
-0.707238
-0.697756
-0.687821
-0.677876
-0.668913
-0.661328
-0.65464
-0.648405
-0.642887
-0.638451
-0.634735
-0.63091
-0.626605
-0.622215
-0.618322
-0.615162
-0.612852
-0.611714
-0.6121
-0.61406
-0.616823
-0.9089
-0.895666
-0.883933
-0.873387
-0.864459
-0.857307
-0.852014
-0.848512
-0.846476
-0.845525
-0.84527
-0.845221
-0.844912
-0.844059
-0.842607
-0.840549
-0.837852
-0.834629
-0.831194
-0.827874
-0.824812
-0.821972
-0.819311
-0.816905
-0.814836
-0.812983
-0.811038
-0.808779
-0.80633
-0.804001
-0.802039
-0.800486
-0.799205
-0.798125
-0.797208
-0.796347
-0.795493
-0.794584
-0.793589
-0.79282
-0.792661
-0.793011
-0.793645
-0.794502
-0.795359
-0.796257
-0.797699
-0.799896
-0.802778
-0.806134
-0.809171
-0.811186
-0.812322
-0.812898
-0.813126
-0.813462
-0.814086
-0.814632
-0.814935
-0.815137
-0.81516
-0.814906
-0.814404
-0.813272
-0.810843
-0.80718
-0.803115
-0.799145
-0.794986
-0.790175
-0.784483
-0.777885
-0.770696
-0.763582
-0.756851
-0.749901
-0.741878
-0.732813
-0.723565
-0.714617
-0.705553
-0.695941
-0.686297
-0.677656
-0.670388
-0.66402
-0.658163
-0.653048
-0.648891
-0.645253
-0.641414
-0.637202
-0.633096
-0.629615
-0.626876
-0.624865
-0.62392
-0.624359
-0.626274
-0.629136
-0.920463
-0.908262
-0.89713
-0.887172
-0.878943
-0.872416
-0.867457
-0.863972
-0.86166
-0.86016
-0.859188
-0.858462
-0.857624
-0.856427
-0.85466
-0.852179
-0.848925
-0.845086
-0.841012
-0.83697
-0.833087
-0.829498
-0.826411
-0.823958
-0.821976
-0.820052
-0.817818
-0.815207
-0.812432
-0.809705
-0.807144
-0.80486
-0.802957
-0.801588
-0.800761
-0.800176
-0.799554
-0.798811
-0.797959
-0.797275
-0.797135
-0.797434
-0.797903
-0.798522
-0.799207
-0.800088
-0.801591
-0.803708
-0.806207
-0.808941
-0.811363
-0.813029
-0.814186
-0.815072
-0.815705
-0.816279
-0.816778
-0.816917
-0.816865
-0.817039
-0.817378
-0.817611
-0.817605
-0.816923
-0.814946
-0.811784
-0.808213
-0.804587
-0.800521
-0.795604
-0.789795
-0.783244
-0.776285
-0.769414
-0.762752
-0.755703
-0.747657
-0.738908
-0.730326
-0.722154
-0.713735
-0.704587
-0.695295
-0.686881
-0.679665
-0.673207
-0.667259
-0.662139
-0.658061
-0.654584
-0.65105
-0.647342
-0.643912
-0.641149
-0.639028
-0.637405
-0.636575
-0.636948
-0.638716
-0.641579
-0.9308
-0.919836
-0.909629
-0.9004
-0.892908
-0.887006
-0.882287
-0.878629
-0.875868
-0.873792
-0.87223
-0.871025
-0.869866
-0.868381
-0.866259
-0.863311
-0.859525
-0.855114
-0.85038
-0.845586
-0.841028
-0.83707
-0.83396
-0.831596
-0.829529
-0.82729
-0.824662
-0.821687
-0.818495
-0.815154
-0.811824
-0.808868
-0.806608
-0.805193
-0.804492
-0.804025
-0.803417
-0.802709
-0.80203
-0.801561
-0.801545
-0.801866
-0.802306
-0.802919
-0.803658
-0.804611
-0.806068
-0.807842
-0.809649
-0.811534
-0.813307
-0.814786
-0.816181
-0.817478
-0.818466
-0.819181
-0.819523
-0.819296
-0.818926
-0.819035
-0.819571
-0.820136
-0.820466
-0.820087
-0.818455
-0.815739
-0.812631
-0.809297
-0.805258
-0.80023
-0.79442
-0.788118
-0.781555
-0.774974
-0.768353
-0.761259
-0.753423
-0.745331
-0.737681
-0.730354
-0.722465
-0.713585
-0.704417
-0.695977
-0.688518
-0.681671
-0.675394
-0.670187
-0.666312
-0.663278
-0.660359
-0.657363
-0.654663
-0.652542
-0.650884
-0.649523
-0.648719
-0.649032
-0.650808
-0.653816
-0.940635
-0.930961
-0.921823
-0.913367
-0.906393
-0.900751
-0.89592
-0.891808
-0.888449
-0.885832
-0.883884
-0.88239
-0.88101
-0.879275
-0.876857
-0.873556
-0.869351
-0.864415
-0.859069
-0.853737
-0.848913
-0.844984
-0.841967
-0.839497
-0.83708
-0.834407
-0.831385
-0.827985
-0.824217
-0.820179
-0.816247
-0.813005
-0.810756
-0.809407
-0.808666
-0.808068
-0.807317
-0.806588
-0.806075
-0.805815
-0.805901
-0.806239
-0.80674
-0.807516
-0.808424
-0.809378
-0.810544
-0.811716
-0.812713
-0.813798
-0.815071
-0.816538
-0.818288
-0.819993
-0.821229
-0.821982
-0.822158
-0.821646
-0.821018
-0.821002
-0.821568
-0.822282
-0.82281
-0.82264
-0.821277
-0.818955
-0.816301
-0.813305
-0.8094
-0.804416
-0.798783
-0.7929
-0.786875
-0.780694
-0.77422
-0.767199
-0.759688
-0.752282
-0.745434
-0.738675
-0.730988
-0.722096
-0.712868
-0.704325
-0.69666
-0.68957
-0.68319
-0.678134
-0.674636
-0.6721
-0.669728
-0.667289
-0.665101
-0.663373
-0.661923
-0.660624
-0.659796
-0.6601
-0.662023
-0.665432
-0.950738
-0.942158
-0.93401
-0.926146
-0.919211
-0.913254
-0.907913
-0.903189
-0.899265
-0.896246
-0.894094
-0.892512
-0.891033
-0.889172
-0.886571
-0.883002
-0.878407
-0.87299
-0.867228
-0.861719
-0.856963
-0.853137
-0.850013
-0.847181
-0.844309
-0.841224
-0.837788
-0.833862
-0.829502
-0.825021
-0.820959
-0.81787
-0.815806
-0.814388
-0.81332
-0.812376
-0.811403
-0.810595
-0.81012
-0.809925
-0.810032
-0.810397
-0.811025
-0.812018
-0.813057
-0.813862
-0.81455
-0.815047
-0.815371
-0.81592
-0.816904
-0.818413
-0.820439
-0.822418
-0.823777
-0.824481
-0.824471
-0.823718
-0.822876
-0.822695
-0.823157
-0.823869
-0.824503
-0.824519
-0.823437
-0.821528
-0.819373
-0.816829
-0.813239
-0.808493
-0.803162
-0.797724
-0.792209
-0.786426
-0.78015
-0.773239
-0.765958
-0.75894
-0.752462
-0.745849
-0.738109
-0.729157
-0.719994
-0.711605
-0.704112
-0.69723
-0.691154
-0.68646
-0.683263
-0.680923
-0.678727
-0.676566
-0.67474
-0.673346
-0.672099
-0.670865
-0.670075
-0.670431
-0.672505
-0.67642
-0.961468
-0.95358
-0.946045
-0.93833
-0.930976
-0.924314
-0.91829
-0.913041
-0.908794
-0.905666
-0.903532
-0.902039
-0.90059
-0.898661
-0.895848
-0.891925
-0.886894
-0.881113
-0.875214
-0.86979
-0.865147
-0.861238
-0.857791
-0.854526
-0.851237
-0.847732
-0.843785
-0.839309
-0.834596
-0.830141
-0.826387
-0.823597
-0.821566
-0.819814
-0.818212
-0.816831
-0.815616
-0.814658
-0.814062
-0.813797
-0.81392
-0.814376
-0.815138
-0.81624
-0.817248
-0.817788
-0.817995
-0.817961
-0.817878
-0.818149
-0.818935
-0.820361
-0.822416
-0.824456
-0.82584
-0.826478
-0.826292
-0.825329
-0.824324
-0.824018
-0.824363
-0.825015
-0.825702
-0.825908
-0.825171
-0.823766
-0.822194
-0.820183
-0.817013
-0.812607
-0.807602
-0.802513
-0.797336
-0.791811
-0.785674
-0.778832
-0.771615
-0.764642
-0.758113
-0.751352
-0.743529
-0.734739
-0.725999
-0.718152
-0.711189
-0.704791
-0.69911
-0.694621
-0.691358
-0.688794
-0.686472
-0.684471
-0.683057
-0.682149
-0.681316
-0.680362
-0.67978
-0.680292
-0.682539
-0.686895
-0.972473
-0.964827
-0.957378
-0.949402
-0.941477
-0.934152
-0.927642
-0.922223
-0.918057
-0.915154
-0.913258
-0.911887
-0.910404
-0.90823
-0.904988
-0.90056
-0.895121
-0.889182
-0.883371
-0.878092
-0.873436
-0.869292
-0.865481
-0.861821
-0.858076
-0.853998
-0.849443
-0.844562
-0.83986
-0.835789
-0.832446
-0.829766
-0.827492
-0.825266
-0.82315
-0.8214
-0.81997
-0.818835
-0.818068
-0.817715
-0.81788
-0.81842
-0.819171
-0.820113
-0.820865
-0.82112
-0.821025
-0.820714
-0.820429
-0.820504
-0.821022
-0.822167
-0.82402
-0.825978
-0.827391
-0.828066
-0.82782
-0.826748
-0.825688
-0.825365
-0.825668
-0.826256
-0.82693
-0.827258
-0.826858
-0.825994
-0.825027
-0.823525
-0.820729
-0.816624
-0.811898
-0.807062
-0.802079
-0.796675
-0.790606
-0.783815
-0.776615
-0.769571
-0.762853
-0.755912
-0.748148
-0.7398
-0.731787
-0.724699
-0.718316
-0.712241
-0.706603
-0.701875
-0.698189
-0.695243
-0.69282
-0.691061
-0.690114
-0.689714
-0.689335
-0.688765
-0.688489
-0.689259
-0.691762
-0.696517
-0.982989
-0.975267
-0.967556
-0.95922
-0.950951
-0.943409
-0.936926
-0.931813
-0.928113
-0.925604
-0.923916
-0.922457
-0.920617
-0.917868
-0.913993
-0.90906
-0.903404
-0.897542
-0.891932
-0.886764
-0.882025
-0.87764
-0.873483
-0.869333
-0.86491
-0.860075
-0.854964
-0.849954
-0.845533
-0.841892
-0.838772
-0.83595
-0.833327
-0.830745
-0.828328
-0.82635
-0.824758
-0.823491
-0.822614
-0.822195
-0.822311
-0.822708
-0.823128
-0.823604
-0.823958
-0.824034
-0.823908
-0.823558
-0.823142
-0.822935
-0.82305
-0.823813
-0.82541
-0.827297
-0.828835
-0.829712
-0.82959
-0.828565
-0.827556
-0.827274
-0.827537
-0.827987
-0.828483
-0.828724
-0.828475
-0.828017
-0.827532
-0.826395
-0.823823
-0.819906
-0.81541
-0.81082
-0.806034
-0.800753
-0.794778
-0.788104
-0.781033
-0.774053
-0.767299
-0.760344
-0.752805
-0.745034
-0.737809
-0.731419
-0.725404
-0.719296
-0.713309
-0.708083
-0.703986
-0.700905
-0.698653
-0.697234
-0.696621
-0.696451
-0.696222
-0.695813
-0.695724
-0.696717
-0.69946
-0.704634
-0.992415
-0.984561
-0.976632
-0.968168
-0.960031
-0.952894
-0.946991
-0.942499
-0.939322
-0.93706
-0.935232
-0.933297
-0.930733
-0.927208
-0.922724
-0.917514
-0.911932
-0.906335
-0.900971
-0.895903
-0.891096
-0.886465
-0.88183
-0.876941
-0.871637
-0.866071
-0.860664
-0.855801
-0.851712
-0.848313
-0.845197
-0.842169
-0.839328
-0.836632
-0.834132
-0.832036
-0.83034
-0.82903
-0.828121
-0.827566
-0.827356
-0.827228
-0.827008
-0.826892
-0.826917
-0.827025
-0.827097
-0.826826
-0.82622
-0.825563
-0.825154
-0.825537
-0.826957
-0.828838
-0.830531
-0.831646
-0.83173
-0.830846
-0.829914
-0.829593
-0.829661
-0.829783
-0.829884
-0.829787
-0.829423
-0.829118
-0.828899
-0.827955
-0.825486
-0.821701
-0.817443
-0.813164
-0.808685
-0.803656
-0.797901
-0.791467
-0.784669
-0.777931
-0.771341
-0.764542
-0.757311
-0.750068
-0.743469
-0.73755
-0.731673
-0.725378
-0.719053
-0.713567
-0.709449
-0.706595
-0.704666
-0.703478
-0.7029
-0.702587
-0.702141
-0.701576
-0.701457
-0.702504
-0.705337
-0.710849
-1.0007
-0.992911
-0.985137
-0.977001
-0.969469
-0.963148
-0.958043
-0.95412
-0.951139
-0.948702
-0.946311
-0.94357
-0.940142
-0.935939
-0.931121
-0.925959
-0.920678
-0.915436
-0.910328
-0.905361
-0.900453
-0.895441
-0.890111
-0.884346
-0.878268
-0.872301
-0.866935
-0.862347
-0.858457
-0.855075
-0.851875
-0.84875
-0.845866
-0.843192
-0.840707
-0.838582
-0.836879
-0.835623
-0.834695
-0.833847
-0.832996
-0.832045
-0.831105
-0.830554
-0.8305
-0.830807
-0.831093
-0.830789
-0.829803
-0.828496
-0.827436
-0.827415
-0.828663
-0.830476
-0.832166
-0.833332
-0.833507
-0.832749
-0.831888
-0.831439
-0.831154
-0.830806
-0.83042
-0.829913
-0.829329
-0.829022
-0.828906
-0.828059
-0.825693
-0.822098
-0.818137
-0.814219
-0.810109
-0.805433
-0.800016
-0.793911
-0.787429
-0.780954
-0.774561
-0.767949
-0.761004
-0.754168
-0.747982
-0.742326
-0.736511
-0.730197
-0.723943
-0.718702
-0.714916
-0.712315
-0.710437
-0.709084
-0.70819
-0.707505
-0.706717
-0.705903
-0.705657
-0.706628
-0.709445
-0.715108
-1.00844
-1.00101
-0.99381
-0.986419
-0.979701
-0.974146
-0.969581
-0.965842
-0.962626
-0.959586
-0.956382
-0.95277
-0.948639
-0.944068
-0.939245
-0.934345
-0.929428
-0.924519
-0.919636
-0.91471
-0.909575
-0.904027
-0.897965
-0.891543
-0.885135
-0.879203
-0.874071
-0.869673
-0.865779
-0.86227
-0.858994
-0.855864
-0.852984
-0.850325
-0.847902
-0.845908
-0.844377
-0.843245
-0.842226
-0.84092
-0.839273
-0.837473
-0.835979
-0.835278
-0.835338
-0.835782
-0.835988
-0.835301
-0.83367
-0.83155
-0.829729
-0.829193
-0.830115
-0.831642
-0.833043
-0.833961
-0.83403
-0.833368
-0.832663
-0.832182
-0.831612
-0.830867
-0.830128
-0.829388
-0.828727
-0.828454
-0.82839
-0.827591
-0.825352
-0.82201
-0.81837
-0.81475
-0.810902
-0.8065
-0.801393
-0.7956
-0.789368
-0.783048
-0.776743
-0.770254
-0.763558
-0.757078
-0.751226
-0.745792
-0.740148
-0.734124
-0.728354
-0.72364
-0.720145
-0.717416
-0.715055
-0.713074
-0.711591
-0.710453
-0.709362
-0.708366
-0.708015
-0.708906
-0.711733
-0.71745
-1.01652
-1.00967
-1.00326
-0.996693
-0.990619
-0.985444
-0.98096
-0.976961
-0.973204
-0.969396
-0.965387
-0.961093
-0.956564
-0.951911
-0.947254
-0.942632
-0.938002
-0.933338
-0.928587
-0.923581
-0.918106
-0.912049
-0.90553
-0.898929
-0.892665
-0.887001
-0.882032
-0.877616
-0.873563
-0.86988
-0.866522
-0.86337
-0.860451
-0.857798
-0.855553
-0.853906
-0.852709
-0.851676
-0.850404
-0.848534
-0.846159
-0.843726
-0.841926
-0.841223
-0.841343
-0.841627
-0.841311
-0.839869
-0.837431
-0.834508
-0.831954
-0.830808
-0.831176
-0.832141
-0.832988
-0.833427
-0.833244
-0.832686
-0.832303
-0.832047
-0.831456
-0.830548
-0.829663
-0.828898
-0.828334
-0.828171
-0.828109
-0.827244
-0.825027
-0.821863
-0.818445
-0.814956
-0.81114
-0.80678
-0.801799
-0.796197
-0.790133
-0.783908
-0.777658
-0.771305
-0.764904
-0.758843
-0.753402
-0.748311
-0.743029
-0.737493
-0.732286
-0.727948
-0.724394
-0.721154
-0.718042
-0.715314
-0.713228
-0.711651
-0.71026
-0.70907
-0.708585
-0.709421
-0.712282
-0.718105
-1.02565
-1.0194
-1.01368
-1.00768
-1.00188
-0.996689
-0.991951
-0.987473
-0.983069
-0.978583
-0.973975
-0.969289
-0.964604
-0.959981
-0.955465
-0.951017
-0.946557
-0.942013
-0.937244
-0.932025
-0.926209
-0.919871
-0.913303
-0.906913
-0.900971
-0.895501
-0.89049
-0.885901
-0.881661
-0.877808
-0.874313
-0.871058
-0.868084
-0.865512
-0.863568
-0.862349
-0.861443
-0.860326
-0.858615
-0.85618
-0.853319
-0.850575
-0.848648
-0.847878
-0.847811
-0.847617
-0.846516
-0.844223
-0.841088
-0.837605
-0.834519
-0.832758
-0.832359
-0.832483
-0.832552
-0.832368
-0.83185
-0.831379
-0.83139
-0.831528
-0.831133
-0.830232
-0.829277
-0.82849
-0.827991
-0.827867
-0.82768
-0.826568
-0.824184
-0.821033
-0.817705
-0.814219
-0.810282
-0.805773
-0.800724
-0.795176
-0.789259
-0.783221
-0.777188
-0.771126
-0.765124
-0.759529
-0.754547
-0.749876
-0.745013
-0.739891
-0.734967
-0.730614
-0.72671
-0.722945
-0.719323
-0.716192
-0.713789
-0.711925
-0.710254
-0.708807
-0.708118
-0.708868
-0.711717
-0.717601
-1.03595
-1.03018
-1.02489
-1.01913
-1.01334
-1.00796
-1.00284
-0.9979
-0.992967
-0.98802
-0.983087
-0.978244
-0.973512
-0.9689
-0.964426
-0.960036
-0.955614
-0.951009
-0.946026
-0.940491
-0.934421
-0.928055
-0.921692
-0.915591
-0.90985
-0.904388
-0.899224
-0.894474
-0.890116
-0.886097
-0.882371
-0.878929
-0.875917
-0.873473
-0.871765
-0.870752
-0.869841
-0.868409
-0.866202
-0.863375
-0.860361
-0.857608
-0.855622
-0.854605
-0.854094
-0.853288
-0.851473
-0.84857
-0.845059
-0.841333
-0.837932
-0.835568
-0.834209
-0.833226
-0.83231
-0.83139
-0.830479
-0.830017
-0.830316
-0.830774
-0.830569
-0.829681
-0.828586
-0.82761
-0.826965
-0.826687
-0.82623
-0.824776
-0.82216
-0.818987
-0.815753
-0.812317
-0.808317
-0.80367
-0.798503
-0.792957
-0.787223
-0.781528
-0.77593
-0.770312
-0.764721
-0.759472
-0.754771
-0.750339
-0.745676
-0.740662
-0.735658
-0.731028
-0.72677
-0.722734
-0.718996
-0.715858
-0.713465
-0.711556
-0.709764
-0.708149
-0.707296
-0.707918
-0.710673
-0.716374
-1.04708
-1.04172
-1.03668
-1.03099
-1.02515
-1.01957
-1.01416
-1.0089
-1.00372
-0.998583
-0.993562
-0.988697
-0.983952
-0.979317
-0.9748
-0.970335
-0.965742
-0.960822
-0.955435
-0.949549
-0.94333
-0.937058
-0.930904
-0.924944
-0.91922
-0.913701
-0.908455
-0.90364
-0.8992
-0.894973
-0.890923
-0.887212
-0.884105
-0.881664
-0.87989
-0.878652
-0.877396
-0.875582
-0.873076
-0.87017
-0.86728
-0.864648
-0.862532
-0.861055
-0.859932
-0.858548
-0.856283
-0.853134
-0.849549
-0.845763
-0.842126
-0.839131
-0.836691
-0.834448
-0.83243
-0.830723
-0.829394
-0.828852
-0.829232
-0.829748
-0.829527
-0.828532
-0.827199
-0.82589
-0.824899
-0.824275
-0.823454
-0.821704
-0.819007
-0.815998
-0.813042
-0.809841
-0.805968
-0.801351
-0.796181
-0.790702
-0.785203
-0.779911
-0.774779
-0.769557
-0.764204
-0.759023
-0.754264
-0.749716
-0.744909
-0.739723
-0.734524
-0.729715
-0.725339
-0.721248
-0.717511
-0.714432
-0.712141
-0.710346
-0.708636
-0.707038
-0.706127
-0.706576
-0.709094
-0.714357
-1.05866
-1.05368
-1.04888
-1.04326
-1.03738
-1.03173
-1.02626
-1.02095
-1.01582
-1.01078
-1.00584
-1.00101
-0.996262
-0.991561
-0.986886
-0.982132
-0.977095
-0.971644
-0.965794
-0.959643
-0.953372
-0.947179
-0.941101
-0.93512
-0.929336
-0.923821
-0.918608
-0.913759
-0.909173
-0.904675
-0.900268
-0.896225
-0.892859
-0.890131
-0.88791
-0.886097
-0.884361
-0.882326
-0.879845
-0.877101
-0.874349
-0.871667
-0.869177
-0.867037
-0.865222
-0.863353
-0.860879
-0.857751
-0.854242
-0.850413
-0.846509
-0.842881
-0.839409
-0.835983
-0.832927
-0.830462
-0.828696
-0.827956
-0.828159
-0.828392
-0.827843
-0.826536
-0.824872
-0.823174
-0.82175
-0.820665
-0.819426
-0.817473
-0.81493
-0.812371
-0.80994
-0.807162
-0.803577
-0.799157
-0.794155
-0.788873
-0.78364
-0.778656
-0.773774
-0.768662
-0.763252
-0.757879
-0.752832
-0.747949
-0.74284
-0.737475
-0.732277
-0.727595
-0.723328
-0.71922
-0.715384
-0.712254
-0.710031
-0.708393
-0.706835
-0.70529
-0.704267
-0.704423
-0.706485
-0.711191
-1.0704
-1.06578
-1.06121
-1.05573
-1.04996
-1.04446
-1.03922
-1.03421
-1.02936
-1.02458
-1.01979
-1.01499
-1.01017
-1.00527
-1.00024
-0.994968
-0.989341
-0.983387
-0.977249
-0.97103
-0.964788
-0.958592
-0.952443
-0.946347
-0.940493
-0.935012
-0.929839
-0.924907
-0.920122
-0.915377
-0.910684
-0.906273
-0.90242
-0.89908
-0.896151
-0.893669
-0.891537
-0.889479
-0.887178
-0.884534
-0.881612
-0.878477
-0.875316
-0.872411
-0.869952
-0.867705
-0.865142
-0.862114
-0.858673
-0.85474
-0.850535
-0.846346
-0.842046
-0.837695
-0.833778
-0.830586
-0.82827
-0.827101
-0.826823
-0.826451
-0.825291
-0.82347
-0.821381
-0.819294
-0.817462
-0.815919
-0.814267
-0.812187
-0.809963
-0.808057
-0.806321
-0.804076
-0.800849
-0.796709
-0.791979
-0.786978
-0.781986
-0.777122
-0.772173
-0.766837
-0.76114
-0.755494
-0.750192
-0.745065
-0.73979
-0.734436
-0.729424
-0.724942
-0.720707
-0.716455
-0.712467
-0.709333
-0.707265
-0.705814
-0.704338
-0.702689
-0.701343
-0.701054
-0.702561
-0.706678
-1.08206
-1.07776
-1.07344
-1.06821
-1.06279
-1.05777
-1.05305
-1.04853
-1.04405
-1.0395
-1.0348
-1.02993
-1.02486
-1.01954
-1.01397
-1.00816
-1.00213
-0.996013
-0.98993
-0.98384
-0.977632
-0.971313
-0.964962
-0.958675
-0.952689
-0.947162
-0.941974
-0.936972
-0.932079
-0.927226
-0.92234
-0.917488
-0.912905
-0.908704
-0.90499
-0.901946
-0.89956
-0.897502
-0.895218
-0.892338
-0.888828
-0.884899
-0.88093
-0.877338
-0.874392
-0.871842
-0.869131
-0.866051
-0.862512
-0.858376
-0.85388
-0.849258
-0.84438
-0.839393
-0.834798
-0.830871
-0.827831
-0.825974
-0.824973
-0.823854
-0.822022
-0.819656
-0.817119
-0.814661
-0.812493
-0.810587
-0.808607
-0.806452
-0.804563
-0.803292
-0.802219
-0.800488
-0.797622
-0.793766
-0.789291
-0.784503
-0.779619
-0.774676
-0.769459
-0.763768
-0.757789
-0.752006
-0.74668
-0.741582
-0.736385
-0.731157
-0.726211
-0.721584
-0.716988
-0.712372
-0.708238
-0.705221
-0.703392
-0.702098
-0.700576
-0.698674
-0.696932
-0.696219
-0.697361
-0.700954
-1.09358
-1.0896
-1.08563
-1.0809
-1.07608
-1.07174
-1.06765
-1.06359
-1.05937
-1.05488
-1.05004
-1.04486
-1.03932
-1.03346
-1.02742
-1.02136
-1.01541
-1.00959
-1.00385
-0.99796
-0.991702
-0.985123
-0.978451
-0.971879
-0.965658
-0.959983
-0.954779
-0.949849
-0.945032
-0.940161
-0.935025
-0.929561
-0.924055
-0.918911
-0.914516
-0.911102
-0.908541
-0.906314
-0.9037
-0.900217
-0.895881
-0.891095
-0.886409
-0.882295
-0.878961
-0.876023
-0.872893
-0.869408
-0.86549
-0.861065
-0.856376
-0.85153
-0.846342
-0.84098
-0.835877
-0.83126
-0.827438
-0.8248
-0.823054
-0.821295
-0.818982
-0.816222
-0.813281
-0.810419
-0.80788
-0.805621
-0.803337
-0.801062
-0.799322
-0.798385
-0.79768
-0.796276
-0.793705
-0.790102
-0.785789
-0.781032
-0.776047
-0.770894
-0.76543
-0.759562
-0.753571
-0.747937
-0.742843
-0.73798
-0.732967
-0.727781
-0.722606
-0.71745
-0.712216
-0.707123
-0.702801
-0.699806
-0.698029
-0.696683
-0.694996
-0.692879
-0.690969
-0.690125
-0.691195
-0.694446
-1.1052
-1.10166
-1.09821
-1.09419
-1.09013
-1.08643
-1.08284
-1.07905
-1.07485
-1.07013
-1.06489
-1.05916
-1.05305
-1.04676
-1.04058
-1.03476
-1.02932
-1.02409
-1.01877
-1.01302
-1.00662
-0.999689
-0.992603
-0.985659
-0.979128
-0.973272
-0.968104
-0.963369
-0.958682
-0.953669
-0.948042
-0.941787
-0.935362
-0.929447
-0.924619
-0.921016
-0.918255
-0.91561
-0.912332
-0.908034
-0.902889
-0.897429
-0.892215
-0.887651
-0.883829
-0.88024
-0.876335
-0.872086
-0.867574
-0.862886
-0.858232
-0.853466
-0.848239
-0.842692
-0.837199
-0.831979
-0.827466
-0.824149
-0.82179
-0.819572
-0.81697
-0.813931
-0.810574
-0.807172
-0.804067
-0.80127
-0.798525
-0.795927
-0.794009
-0.792966
-0.792203
-0.790853
-0.788484
-0.785126
-0.780932
-0.776098
-0.770909
-0.765565
-0.760047
-0.754331
-0.748668
-0.743436
-0.738686
-0.734035
-0.729062
-0.723703
-0.718137
-0.71247
-0.706767
-0.701329
-0.696749
-0.693508
-0.69145
-0.689841
-0.688001
-0.685907
-0.68418
-0.683556
-0.684672
-0.687666
-1.11741
-1.11451
-1.11172
-1.10844
-1.10509
-1.10186
-1.09851
-1.09476
-1.09034
-1.08516
-1.07931
-1.07294
-1.06635
-1.05991
-1.05397
-1.04871
-1.04396
-1.03933
-1.03437
-1.02869
-1.02212
-1.01483
-1.00726
-0.999858
-0.992985
-0.986954
-0.98181
-0.977187
-0.972438
-0.967002
-0.960659
-0.953627
-0.946559
-0.940245
-0.935233
-0.931468
-0.928337
-0.925017
-0.92087
-0.915732
-0.909966
-0.90411
-0.898547
-0.893505
-0.888972
-0.884454
-0.879552
-0.874412
-0.869292
-0.86446
-0.860045
-0.85556
-0.850411
-0.844677
-0.838739
-0.832921
-0.827814
-0.823955
-0.821101
-0.818487
-0.815591
-0.812228
-0.808393
-0.804372
-0.800576
-0.797067
-0.793653
-0.790497
-0.788115
-0.78665
-0.785552
-0.784088
-0.781871
-0.77878
-0.774762
-0.769935
-0.764666
-0.759307
-0.753938
-0.748558
-0.743343
-0.738524
-0.734006
-0.729339
-0.724129
-0.718416
-0.71252
-0.706643
-0.700803
-0.695173
-0.690272
-0.686619
-0.684187
-0.682387
-0.680619
-0.678842
-0.677505
-0.677187
-0.678275
-0.68084
-1.13059
-1.12842
-1.12633
-1.12367
-1.12083
-1.11796
-1.11469
-1.11081
-1.10604
-1.10032
-1.09382
-1.08691
-1.08004
-1.07367
-1.06814
-1.06347
-1.05934
-1.05521
-1.05055
-1.04493
-1.03821
-1.03053
-1.02242
-1.0145
-1.00728
-1.00106
-0.995804
-0.991014
-0.985883
-0.979801
-0.972729
-0.965156
-0.957825
-0.951413
-0.94625
-0.942103
-0.938302
-0.934116
-0.929103
-0.923301
-0.917194
-0.911217
-0.905458
-0.899909
-0.894495
-0.888886
-0.882961
-0.877018
-0.871399
-0.866464
-0.862221
-0.857883
-0.852651
-0.846541
-0.83999
-0.833517
-0.827877
-0.823573
-0.820272
-0.817222
-0.813921
-0.810143
-0.805863
-0.801381
-0.797069
-0.79292
-0.788784
-0.784932
-0.781937
-0.779948
-0.778477
-0.776896
-0.774815
-0.771975
-0.768174
-0.763499
-0.758369
-0.753176
-0.748009
-0.74286
-0.737882
-0.733228
-0.728705
-0.723821
-0.718276
-0.712289
-0.706303
-0.70045
-0.694549
-0.688657
-0.683365
-0.679354
-0.676751
-0.675032
-0.673569
-0.67222
-0.671225
-0.670996
-0.671896
-0.673817
-1.14463
-1.14322
-1.14173
-1.13956
-1.13715
-1.1346
-1.13147
-1.12744
-1.12233
-1.11611
-1.1091
-1.10183
-1.09484
-1.08859
-1.0834
-1.0792
-1.07555
-1.07185
-1.06744
-1.06185
-1.05491
-1.04682
-1.03818
-1.02978
-1.02225
-1.0158
-1.01022
-1.00492
-0.999129
-0.992338
-0.984693
-0.976825
-0.969415
-0.962897
-0.957351
-0.952473
-0.947741
-0.94268
-0.937027
-0.930889
-0.924717
-0.918776
-0.912873
-0.906798
-0.900443
-0.893719
-0.886852
-0.880246
-0.874219
-0.869083
-0.864692
-0.860098
-0.854472
-0.847821
-0.840614
-0.833528
-0.827414
-0.822676
-0.818874
-0.815286
-0.811477
-0.807265
-0.802683
-0.798035
-0.793539
-0.788999
-0.78424
-0.77968
-0.776031
-0.773526
-0.771746
-0.770102
-0.768134
-0.765459
-0.761816
-0.757319
-0.752399
-0.747371
-0.74225
-0.737034
-0.731937
-0.727135
-0.72242
-0.717334
-0.711698
-0.705835
-0.700112
-0.694411
-0.688379
-0.682154
-0.676536
-0.672358
-0.669785
-0.668237
-0.667025
-0.665897
-0.665001
-0.664613
-0.665144
-0.666373
-1.15906
-1.15838
-1.15744
-1.15574
-1.1538
-1.15165
-1.14876
-1.14472
-1.1394
-1.13289
-1.12558
-1.11811
-1.11107
-1.10492
-1.09994
-1.09604
-1.09273
-1.08934
-1.08507
-1.07938
-1.07217
-1.06373
-1.05475
-1.04606
-1.03828
-1.0315
-1.02534
-1.01923
-1.01259
-1.00512
-0.997049
-0.988952
-0.981341
-0.974444
-0.9682
-0.962354
-0.956624
-0.950831
-0.944813
-0.938595
-0.932454
-0.926477
-0.920317
-0.913677
-0.906455
-0.898777
-0.891146
-0.884015
-0.877612
-0.872127
-0.867241
-0.861991
-0.85571
-0.848479
-0.840732
-0.833156
-0.826558
-0.821218
-0.816683
-0.812384
-0.808021
-0.803467
-0.798786
-0.794223
-0.789785
-0.785066
-0.779868
-0.774748
-0.770553
-0.767607
-0.765571
-0.763876
-0.761987
-0.759402
-0.755831
-0.751411
-0.746543
-0.741446
-0.736076
-0.730495
-0.725023
-0.719893
-0.71493
-0.709772
-0.704359
-0.698982
-0.693765
-0.688331
-0.682304
-0.67599
-0.670325
-0.666155
-0.663569
-0.66196
-0.660673
-0.659446
-0.658398
-0.657767
-0.657838
-0.65837
-1.1734
-1.17334
-1.17298
-1.17182
-1.17042
-1.16878
-1.16624
-1.1624
-1.15713
-1.15059
-1.14324
-1.13572
-1.12867
-1.12257
-1.11772
-1.11398
-1.11081
-1.10748
-1.10316
-1.0973
-1.08988
-1.08135
-1.07234
-1.06358
-1.05554
-1.04822
-1.04122
-1.03411
-1.02658
-1.0185
-1.01005
-1.00161
-0.993509
-0.985891
-0.978724
-0.971859
-0.965203
-0.958783
-0.952459
-0.946128
-0.939864
-0.933622
-0.927047
-0.919874
-0.912029
-0.903752
-0.89564
-0.888093
-0.881258
-0.875233
-0.869593
-0.863459
-0.856407
-0.848619
-0.840447
-0.832447
-0.825257
-0.819054
-0.813533
-0.808422
-0.80361
-0.798968
-0.794462
-0.790165
-0.78587
-0.781073
-0.775649
-0.770265
-0.765786
-0.76253
-0.76022
-0.758367
-0.756435
-0.753857
-0.750278
-0.745793
-0.740725
-0.735242
-0.729349
-0.723245
-0.717351
-0.711916
-0.706774
-0.701646
-0.696538
-0.691647
-0.686893
-0.681807
-0.676068
-0.670018
-0.664524
-0.660325
-0.657476
-0.655495
-0.653867
-0.652401
-0.651126
-0.650235
-0.649889
-0.649684
-1.18739
-1.18782
-1.18797
-1.18744
-1.18663
-1.18555
-1.18353
-1.18011
-1.17516
-1.16888
-1.16172
-1.15431
-1.14731
-1.14124
-1.13641
-1.13265
-1.12936
-1.12581
-1.12132
-1.11538
-1.10803
-1.09969
-1.09088
-1.08208
-1.07362
-1.06555
-1.05761
-1.04955
-1.04125
-1.03263
-1.02375
-1.01477
-1.00588
-0.997277
-0.98907
-0.981216
-0.973692
-0.966598
-0.959779
-0.953055
-0.94639
-0.939685
-0.932669
-0.92512
-0.916963
-0.908453
-0.900088
-0.892124
-0.884693
-0.87792
-0.871409
-0.864431
-0.856736
-0.848508
-0.839986
-0.831561
-0.823691
-0.816515
-0.80998
-0.804168
-0.799125
-0.794643
-0.790488
-0.78649
-0.782275
-0.777381
-0.771866
-0.766463
-0.761912
-0.758398
-0.755678
-0.753411
-0.751171
-0.748403
-0.744687
-0.740005
-0.734576
-0.728546
-0.722044
-0.715434
-0.709221
-0.70363
-0.698465
-0.693457
-0.688607
-0.684048
-0.679653
-0.674978
-0.669673
-0.66394
-0.658492
-0.654014
-0.650683
-0.648229
-0.646259
-0.644606
-0.643154
-0.641941
-0.641203
-0.640331
-1.20105
-1.20187
-1.20241
-1.20246
-1.20229
-1.20181
-1.20044
-1.19764
-1.19321
-1.18736
-1.18054
-1.17336
-1.16646
-1.16039
-1.15544
-1.15147
-1.14785
-1.14398
-1.13935
-1.13354
-1.12647
-1.11845
-1.1098
-1.10082
-1.09181
-1.08298
-1.07426
-1.06554
-1.05667
-1.04752
-1.03805
-1.02829
-1.01841
-1.00872
-0.999496
-0.990718
-0.982337
-0.97442
-0.966813
-0.95935
-0.952013
-0.944731
-0.937338
-0.929595
-0.921333
-0.912752
-0.90418
-0.895724
-0.887587
-0.880034
-0.872801
-0.865317
-0.857345
-0.848905
-0.840082
-0.831185
-0.822591
-0.814498
-0.807113
-0.800767
-0.795541
-0.791117
-0.787103
-0.783166
-0.778857
-0.773816
-0.768272
-0.76293
-0.758316
-0.754448
-0.751139
-0.748235
-0.745455
-0.742288
-0.738286
-0.733339
-0.727565
-0.721081
-0.7141
-0.707103
-0.70066
-0.694989
-0.689865
-0.685001
-0.680387
-0.676157
-0.672194
-0.667993
-0.663038
-0.657382
-0.651716
-0.646821
-0.643059
-0.640276
-0.63812
-0.636324
-0.634669
-0.633107
-0.631965
-0.630605
-1.21467
-1.2158
-1.21667
-1.21719
-1.21765
-1.21781
-1.21707
-1.21489
-1.21103
-1.20563
-1.19919
-1.19231
-1.18557
-1.17946
-1.17429
-1.16999
-1.16603
-1.16192
-1.15728
-1.15168
-1.1449
-1.13704
-1.12834
-1.11907
-1.1096
-1.10025
-1.0911
-1.08201
-1.07269
-1.0629
-1.05262
-1.04194
-1.03109
-1.02047
-1.0104
-1.00081
-0.991536
-0.982586
-0.973879
-0.965361
-0.957136
-0.949217
-0.9415
-0.93366
-0.925357
-0.91668
-0.907823
-0.898846
-0.890087
-0.881962
-0.874337
-0.866743
-0.858819
-0.850308
-0.841162
-0.831716
-0.8224
-0.813531
-0.805489
-0.798656
-0.793016
-0.788179
-0.783781
-0.779525
-0.77499
-0.769876
-0.764406
-0.759117
-0.754298
-0.749911
-0.745924
-0.742371
-0.739055
-0.735464
-0.731141
-0.725954
-0.719962
-0.713231
-0.705976
-0.698723
-0.692074
-0.686255
-0.68104
-0.676168
-0.67169
-0.667785
-0.664264
-0.660421
-0.655583
-0.649825
-0.643954
-0.638861
-0.63495
-0.63204
-0.62978
-0.627825
-0.625897
-0.624067
-0.622669
-0.620998
-1.22872
-1.23019
-1.23139
-1.23233
-1.23328
-1.23393
-1.2336
-1.23185
-1.22842
-1.22342
-1.21733
-1.21076
-1.20422
-1.1981
-1.19274
-1.18818
-1.18403
-1.17985
-1.17525
-1.16977
-1.16304
-1.15508
-1.14614
-1.13661
-1.12691
-1.11736
-1.10801
-1.09863
-1.08881
-1.07827
-1.06712
-1.05563
-1.04408
-1.03283
-1.02213
-1.01177
-1.00151
-0.991303
-0.981233
-0.971456
-0.962251
-0.953724
-0.945728
-0.937775
-0.929352
-0.920423
-0.911121
-0.901602
-0.892383
-0.883936
-0.876152
-0.868586
-0.860738
-0.852135
-0.842683
-0.832799
-0.822985
-0.813622
-0.805115
-0.797736
-0.791339
-0.785583
-0.780326
-0.775465
-0.770659
-0.765571
-0.760237
-0.754903
-0.749678
-0.744614
-0.739937
-0.735851
-0.732145
-0.728248
-0.723688
-0.71835
-0.712251
-0.705399
-0.697997
-0.690601
-0.683814
-0.677827
-0.6724
-0.667342
-0.662823
-0.659044
-0.655673
-0.651849
-0.646948
-0.641196
-0.63545
-0.630528
-0.626688
-0.623726
-0.621343
-0.619261
-0.61718
-0.615236
-0.613818
-0.612011
-1.24372
-1.24568
-1.24724
-1.24847
-1.24964
-1.25045
-1.2502
-1.24857
-1.24538
-1.2407
-1.23494
-1.22865
-1.22233
-1.21633
-1.21098
-1.2064
-1.2023
-1.19817
-1.19356
-1.18793
-1.18093
-1.17259
-1.16331
-1.15357
-1.14381
-1.13421
-1.12469
-1.11495
-1.10453
-1.09324
-1.08137
-1.06935
-1.05742
-1.0458
-1.03456
-1.02339
-1.01204
-1.0005
-0.989021
-0.977994
-0.967849
-0.958778
-0.950484
-0.942244
-0.933444
-0.923998
-0.914044
-0.903931
-0.894347
-0.885713
-0.877814
-0.870156
-0.862187
-0.853429
-0.84387
-0.833951
-0.824095
-0.814581
-0.805702
-0.797599
-0.790122
-0.783164
-0.776884
-0.771351
-0.766233
-0.76109
-0.75574
-0.750172
-0.74441
-0.738662
-0.73338
-0.728857
-0.724828
-0.720679
-0.715959
-0.710541
-0.704367
-0.697384
-0.689828
-0.68233
-0.675488
-0.669403
-0.663789
-0.65852
-0.653851
-0.649949
-0.646389
-0.642384
-0.637518
-0.632087
-0.626795
-0.6222
-0.618431
-0.615416
-0.612984
-0.610952
-0.608991
-0.607094
-0.605688
-0.603845
-1.26001
-1.26253
-1.26445
-1.2657
-1.26673
-1.26735
-1.26694
-1.26521
-1.26209
-1.25764
-1.25217
-1.24616
-1.24011
-1.23445
-1.22947
-1.22525
-1.22141
-1.21734
-1.2125
-1.20639
-1.19878
-1.18985
-1.18014
-1.17021
-1.16039
-1.1507
-1.14089
-1.13065
-1.11962
-1.10769
-1.0953
-1.08295
-1.07083
-1.05897
-1.04722
-1.03521
-1.02277
-1.01002
-0.997346
-0.985259
-0.974252
-0.964576
-0.955813
-0.947009
-0.937527
-0.927343
-0.916664
-0.905989
-0.896062
-0.887191
-0.879029
-0.871022
-0.862665
-0.853682
-0.844241
-0.834695
-0.825171
-0.81568
-0.80635
-0.797305
-0.788611
-0.780528
-0.773455
-0.767434
-0.761994
-0.756593
-0.750967
-0.745029
-0.738811
-0.732618
-0.726946
-0.722038
-0.717597
-0.713082
-0.708144
-0.702627
-0.696342
-0.68916
-0.681385
-0.673735
-0.666789
-0.660554
-0.654716
-0.64921
-0.644314
-0.640151
-0.636351
-0.632334
-0.627809
-0.622941
-0.618155
-0.613798
-0.610074
-0.60711
-0.604883
-0.603154
-0.601443
-0.599634
-0.598121
-0.59619
-1.27744
-1.28042
-1.28257
-1.2836
-1.28423
-1.28449
-1.28386
-1.28198
-1.2788
-1.27446
-1.26922
-1.26356
-1.25801
-1.25303
-1.24882
-1.24524
-1.24171
-1.23754
-1.23217
-1.22526
-1.21681
-1.20721
-1.19703
-1.18683
-1.17684
-1.16687
-1.15658
-1.14572
-1.13407
-1.12162
-1.10885
-1.09623
-1.08394
-1.07187
-1.05967
-1.04689
-1.03345
-1.01971
-1.00611
-0.993201
-0.981417
-0.970995
-0.961503
-0.951922
-0.941631
-0.930674
-0.919351
-0.908205
-0.89785
-0.888437
-0.879626
-0.870933
-0.861987
-0.852762
-0.843571
-0.834562
-0.825465
-0.815987
-0.806151
-0.796196
-0.786518
-0.777722
-0.770273
-0.764001
-0.758225
-0.752387
-0.746313
-0.74
-0.733513
-0.727124
-0.721199
-0.715846
-0.710795
-0.705697
-0.700366
-0.694622
-0.688139
-0.680729
-0.672745
-0.664935
-0.657802
-0.651283
-0.645094
-0.639247
-0.634039
-0.629623
-0.625765
-0.622002
-0.617966
-0.613614
-0.609179
-0.604992
-0.601437
-0.598737
-0.596916
-0.595592
-0.594048
-0.592186
-0.590523
-0.588502
-1.29543
-1.29867
-1.30087
-1.30168
-1.3019
-1.30186
-1.30106
-1.29906
-1.29576
-1.29141
-1.28644
-1.28134
-1.27662
-1.27263
-1.26937
-1.26642
-1.26302
-1.25849
-1.25238
-1.24457
-1.23526
-1.225
-1.21435
-1.20375
-1.19336
-1.18289
-1.17195
-1.16037
-1.14809
-1.13522
-1.12212
-1.1092
-1.09659
-1.0842
-1.07155
-1.05816
-1.04391
-1.02935
-1.01506
-1.00152
-0.989064
-0.977818
-0.967373
-0.956873
-0.9458
-0.934161
-0.922261
-0.910619
-0.899636
-0.889315
-0.879463
-0.869853
-0.860319
-0.850988
-0.842124
-0.833577
-0.824748
-0.815201
-0.804983
-0.794486
-0.784342
-0.775293
-0.767691
-0.761135
-0.754884
-0.74852
-0.742031
-0.735453
-0.72879
-0.722179
-0.715841
-0.709819
-0.70396
-0.698128
-0.692251
-0.686104
-0.679274
-0.671579
-0.663414
-0.65549
-0.648202
-0.641426
-0.634924
-0.628774
-0.623322
-0.618802
-0.615051
-0.611559
-0.607846
-0.603798
-0.599617
-0.595697
-0.592446
-0.590088
-0.588594
-0.587506
-0.58602
-0.584018
-0.582247
-0.580293
-1.31334
-1.31672
-1.31886
-1.31961
-1.31972
-1.31952
-1.31858
-1.3165
-1.31315
-1.30889
-1.30433
-1.30003
-1.29633
-1.29334
-1.29085
-1.28823
-1.28468
-1.27963
-1.27282
-1.26424
-1.25425
-1.2434
-1.23221
-1.22102
-1.21
-1.19889
-1.18729
-1.17502
-1.16212
-1.14877
-1.1353
-1.12195
-1.1088
-1.09587
-1.08272
-1.06882
-1.05402
-1.03886
-1.02403
-1.00992
-0.996802
-0.9847
-0.973187
-0.961673
-0.949861
-0.93768
-0.92528
-0.913061
-0.901271
-0.889879
-0.878892
-0.868368
-0.858352
-0.848999
-0.840356
-0.831964
-0.823099
-0.81341
-0.803073
-0.792551
-0.782477
-0.773464
-0.765649
-0.758568
-0.751688
-0.744876
-0.738198
-0.731528
-0.724648
-0.71756
-0.710469
-0.703527
-0.696764
-0.690187
-0.683721
-0.677038
-0.669689
-0.661562
-0.653117
-0.645035
-0.637626
-0.630717
-0.624082
-0.617829
-0.612344
-0.607871
-0.604192
-0.600748
-0.597131
-0.593295
-0.589427
-0.585832
-0.58278
-0.580554
-0.57915
-0.57812
-0.576673
-0.574659
-0.572875
-0.571129
-1.3309
-1.33437
-1.33649
-1.33735
-1.33764
-1.33746
-1.33648
-1.33443
-1.33125
-1.32734
-1.32336
-1.31985
-1.31697
-1.31463
-1.31247
-1.30985
-1.30603
-1.30053
-1.29322
-1.28411
-1.27356
-1.26215
-1.25038
-1.23855
-1.22682
-1.21509
-1.20295
-1.19012
-1.17656
-1.16256
-1.1485
-1.13454
-1.12071
-1.10708
-1.09334
-1.07899
-1.06384
-1.04826
-1.03291
-1.01816
-1.00428
-0.991308
-0.978818
-0.966392
-0.953915
-0.941288
-0.928479
-0.915675
-0.903032
-0.890631
-0.878663
-0.867341
-0.85682
-0.847234
-0.838425
-0.829767
-0.820625
-0.810855
-0.800707
-0.790551
-0.780819
-0.771869
-0.763676
-0.755912
-0.748417
-0.741327
-0.73462
-0.727857
-0.720576
-0.71275
-0.704702
-0.696765
-0.689129
-0.681851
-0.67479
-0.667527
-0.659607
-0.650994
-0.642214
-0.633932
-0.626407
-0.619431
-0.612769
-0.606543
-0.601116
-0.596641
-0.592824
-0.589232
-0.585661
-0.582081
-0.578507
-0.575008
-0.571835
-0.56945
-0.568016
-0.567101
-0.565769
-0.563849
-0.56216
-0.560716
-1.34824
-1.35191
-1.35409
-1.3551
-1.35573
-1.35585
-1.35506
-1.35325
-1.35048
-1.34706
-1.3436
-1.34057
-1.33803
-1.33583
-1.33363
-1.33083
-1.32673
-1.32092
-1.31329
-1.30381
-1.29277
-1.28084
-1.26859
-1.25626
-1.24399
-1.23172
-1.21913
-1.2058
-1.19156
-1.17675
-1.16188
-1.14716
-1.13261
-1.11823
-1.10385
-1.08899
-1.0735
-1.0576
-1.04172
-1.02626
-1.01154
-0.997717
-0.984436
-0.971339
-0.958292
-0.945186
-0.931937
-0.918577
-0.905214
-0.892073
-0.879429
-0.867444
-0.856258
-0.846016
-0.836537
-0.827276
-0.817812
-0.808117
-0.798315
-0.788517
-0.778931
-0.769777
-0.761052
-0.752663
-0.74474
-0.737465
-0.730586
-0.723416
-0.715457
-0.706811
-0.697929
-0.689187
-0.680786
-0.672795
-0.665072
-0.657208
-0.648786
-0.639826
-0.630863
-0.622511
-0.614954
-0.607943
-0.601261
-0.595043
-0.589579
-0.584905
-0.580787
-0.577038
-0.57356
-0.570168
-0.566611
-0.562821
-0.559294
-0.556695
-0.555304
-0.554608
-0.553455
-0.551581
-0.550029
-0.549015
-1.36585
-1.36987
-1.37223
-1.37346
-1.37448
-1.37514
-1.37483
-1.37343
-1.37108
-1.36802
-1.36479
-1.36181
-1.35918
-1.35676
-1.35427
-1.35117
-1.34675
-1.34063
-1.33271
-1.32296
-1.31157
-1.29925
-1.28668
-1.27411
-1.26152
-1.24881
-1.23574
-1.2219
-1.20702
-1.19138
-1.17565
-1.16011
-1.14481
-1.1297
-1.11463
-1.09919
-1.08324
-1.06696
-1.05059
-1.03441
-1.01885
-1.00415
-0.990103
-0.97641
-0.962805
-0.949141
-0.935406
-0.921614
-0.907849
-0.894374
-0.881378
-0.868836
-0.856811
-0.845534
-0.835021
-0.825006
-0.815283
-0.805737
-0.796153
-0.786346
-0.776439
-0.766741
-0.757439
-0.748627
-0.740466
-0.732937
-0.725542
-0.717586
-0.708803
-0.699499
-0.690107
-0.680836
-0.671778
-0.663041
-0.654597
-0.646128
-0.637278
-0.628093
-0.619079
-0.610748
-0.60318
-0.596104
-0.589355
-0.583072
-0.577441
-0.572456
-0.568051
-0.564203
-0.560742
-0.55728
-0.553412
-0.549195
-0.545374
-0.542726
-0.541475
-0.540928
-0.53987
-0.538033
-0.536665
-0.536188
-1.38433
-1.38883
-1.39154
-1.3931
-1.39453
-1.39575
-1.39596
-1.39494
-1.39282
-1.38989
-1.38662
-1.38345
-1.38048
-1.3776
-1.37461
-1.37103
-1.36617
-1.35964
-1.35141
-1.34148
-1.32995
-1.31743
-1.30467
-1.29197
-1.2792
-1.26612
-1.25257
-1.23822
-1.22275
-1.20641
-1.18985
-1.1735
-1.15745
-1.14166
-1.1259
-1.10981
-1.09326
-1.07643
-1.05948
-1.04262
-1.02624
-1.01059
-0.995649
-0.981207
-0.96694
-0.952675
-0.938503
-0.924496
-0.910695
-0.89721
-0.883998
-0.87086
-0.857886
-0.845478
-0.833924
-0.823247
-0.813326
-0.803798
-0.794086
-0.783848
-0.773304
-0.762958
-0.753146
-0.743995
-0.735514
-0.727447
-0.719224
-0.710369
-0.700919
-0.691241
-0.681548
-0.671819
-0.662123
-0.652714
-0.6437
-0.634796
-0.625631
-0.616246
-0.607112
-0.598655
-0.590896
-0.58361
-0.576705
-0.570283
-0.564425
-0.559152
-0.554515
-0.550497
-0.546849
-0.543114
-0.538912
-0.534491
-0.530589
-0.527987
-0.526811
-0.526299
-0.525227
-0.523474
-0.522361
-0.522441
-1.40441
-1.40934
-1.41255
-1.41448
-1.41618
-1.41765
-1.41812
-1.41729
-1.4153
-1.41241
-1.40906
-1.40562
-1.40219
-1.39869
-1.39498
-1.39073
-1.38533
-1.37834
-1.36976
-1.35968
-1.34813
-1.33553
-1.32262
-1.30977
-1.29681
-1.28339
-1.26936
-1.25449
-1.23849
-1.22158
-1.20433
-1.18723
-1.17045
-1.15404
-1.13761
-1.12082
-1.10357
-1.08602
-1.06836
-1.05081
-1.03368
-1.01709
-1.00107
-0.985593
-0.970457
-0.955563
-0.941032
-0.926959
-0.913307
-0.899912
-0.886425
-0.872599
-0.858711
-0.845388
-0.833102
-0.821988
-0.811824
-0.801979
-0.791718
-0.780801
-0.769648
-0.758822
-0.748579
-0.738914
-0.72972
-0.720734
-0.711578
-0.702058
-0.6923
-0.682442
-0.672371
-0.661997
-0.651604
-0.641683
-0.632374
-0.62327
-0.613898
-0.604279
-0.594873
-0.586068
-0.57791
-0.570282
-0.563146
-0.556528
-0.550433
-0.544891
-0.539961
-0.535627
-0.531713
-0.527805
-0.523566
-0.519192
-0.515313
-0.512698
-0.511481
-0.510971
-0.509902
-0.508179
-0.507222
-0.507753
-1.42667
-1.43185
-1.43541
-1.4375
-1.43911
-1.44041
-1.44087
-1.44017
-1.43837
-1.43564
-1.43227
-1.42856
-1.42463
-1.42041
-1.41585
-1.41081
-1.40482
-1.39739
-1.38843
-1.37808
-1.36643
-1.35375
-1.34065
-1.32756
-1.31429
-1.30046
-1.28589
-1.27044
-1.25393
-1.23655
-1.21877
-1.20104
-1.18359
-1.16653
-1.14948
-1.13199
-1.11402
-1.09575
-1.07733
-1.05906
-1.04117
-1.02367
-1.0065
-0.989725
-0.973467
-0.957871
-0.943038
-0.928941
-0.915396
-0.901969
-0.888087
-0.873584
-0.858999
-0.845124
-0.832458
-0.821048
-0.810477
-0.799966
-0.788898
-0.777324
-0.765795
-0.754699
-0.743997
-0.733532
-0.72327
-0.713203
-0.703267
-0.693407
-0.68355
-0.673445
-0.662768
-0.651594
-0.64055
-0.630272
-0.620759
-0.611406
-0.601687
-0.591671
-0.581831
-0.572541
-0.563899
-0.555882
-0.548464
-0.541602
-0.53524
-0.529365
-0.524043
-0.519409
-0.515423
-0.511646
-0.507635
-0.503349
-0.499477
-0.496834
-0.495608
-0.495066
-0.493923
-0.492043
-0.491018
-0.491794
-1.45119
-1.45633
-1.45975
-1.46155
-1.46272
-1.46365
-1.46403
-1.46354
-1.46207
-1.45964
-1.45631
-1.45235
-1.44794
-1.44308
-1.43775
-1.43191
-1.42526
-1.41734
-1.40793
-1.39717
-1.38521
-1.37227
-1.35885
-1.34534
-1.3316
-1.31722
-1.30201
-1.28588
-1.2688
-1.251
-1.23283
-1.21459
-1.19657
-1.17887
-1.16119
-1.14307
-1.12442
-1.10544
-1.08633
-1.06731
-1.04854
-1.03006
-1.01177
-0.993733
-0.976293
-0.959884
-0.944636
-0.93037
-0.916717
-0.903055
-0.888746
-0.873766
-0.858812
-0.844688
-0.831796
-0.820054
-0.808917
-0.797639
-0.785857
-0.773857
-0.762112
-0.750686
-0.739295
-0.727819
-0.716475
-0.705539
-0.695087
-0.684963
-0.674804
-0.664128
-0.652685
-0.640843
-0.62941
-0.618893
-0.609029
-0.599118
-0.588756
-0.578142
-0.567748
-0.557903
-0.548725
-0.540249
-0.532465
-0.525291
-0.518592
-0.512308
-0.506624
-0.50189
-0.498079
-0.494609
-0.490818
-0.486607
-0.482798
-0.480223
-0.479012
-0.478282
-0.476767
-0.474505
-0.47331
-0.474205
-1.4773
-1.48209
-1.4849
-1.48601
-1.48659
-1.4872
-1.48762
-1.48744
-1.48636
-1.48425
-1.48105
-1.47691
-1.4721
-1.46678
-1.46092
-1.4544
-1.44702
-1.43842
-1.42837
-1.41698
-1.40449
-1.3911
-1.37722
-1.36316
-1.34878
-1.33368
-1.31768
-1.30074
-1.283
-1.26474
-1.24627
-1.22766
-1.20916
-1.19082
-1.17244
-1.15368
-1.13441
-1.11475
-1.09496
-1.07523
-1.0556
-1.03609
-1.01673
-0.99762
-0.979164
-0.9619
-0.946003
-0.931242
-0.917146
-0.903038
-0.88836
-0.873194
-0.858184
-0.843953
-0.830783
-0.818564
-0.80681
-0.794942
-0.78279
-0.770621
-0.758615
-0.746555
-0.734192
-0.721708
-0.709591
-0.698165
-0.687342
-0.676725
-0.665821
-0.654253
-0.64205
-0.629771
-0.618111
-0.607261
-0.596768
-0.586049
-0.574932
-0.563698
-0.552725
-0.542252
-0.532422
-0.523361
-0.515118
-0.507565
-0.50046
-0.493754
-0.487826
-0.483126
-0.479522
-0.476282
-0.47261
-0.468572
-0.464944
-0.462441
-0.461015
-0.459834
-0.457745
-0.455038
-0.453694
-0.4547
-1.50416
-1.50839
-1.51041
-1.51068
-1.51075
-1.51118
-1.51172
-1.51186
-1.5111
-1.50923
-1.5062
-1.50204
-1.49703
-1.49144
-1.48526
-1.47819
-1.46999
-1.46045
-1.44945
-1.43722
-1.42404
-1.41015
-1.39579
-1.38112
-1.36592
-1.34989
-1.33292
-1.31505
-1.29655
-1.27782
-1.25906
-1.24019
-1.22128
-1.20233
-1.18317
-1.16364
-1.14374
-1.12348
-1.10307
-1.08269
-1.06233
-1.04197
-1.02171
-1.00172
-0.982407
-0.964244
-0.947443
-0.931869
-0.917075
-0.902411
-0.887431
-0.872228
-0.857227
-0.842809
-0.829202
-0.816407
-0.804105
-0.791892
-0.77963
-0.767355
-0.754907
-0.741988
-0.728638
-0.7154
-0.702846
-0.691083
-0.679748
-0.668336
-0.656477
-0.644052
-0.631265
-0.6186
-0.606485
-0.594913
-0.583506
-0.571934
-0.560169
-0.548393
-0.536801
-0.525571
-0.514953
-0.505231
-0.496498
-0.488513
-0.480928
-0.47379
-0.46763
-0.462871
-0.459315
-0.456158
-0.452626
-0.448819
-0.445303
-0.442648
-0.44075
-0.438972
-0.436372
-0.43333
-0.43186
-0.432946
-1.53139
-1.53508
-1.53639
-1.53593
-1.5356
-1.53592
-1.53655
-1.53692
-1.5363
-1.53448
-1.53157
-1.5276
-1.52267
-1.517
-1.51051
-1.50282
-1.49363
-1.48289
-1.47072
-1.45754
-1.44372
-1.42938
-1.41456
-1.39921
-1.38305
-1.36589
-1.34778
-1.32894
-1.30969
-1.29048
-1.27138
-1.25229
-1.23304
-1.21354
-1.19361
-1.17324
-1.15256
-1.13167
-1.11072
-1.08985
-1.06901
-1.04809
-1.02712
-1.0064
-0.986321
-0.967242
-0.949409
-0.932858
-0.917249
-0.901987
-0.886671
-0.8713
-0.85607
-0.841228
-0.82707
-0.813734
-0.801
-0.788509
-0.776037
-0.763393
-0.750274
-0.736529
-0.722507
-0.708867
-0.695973
-0.683643
-0.671454
-0.659106
-0.646484
-0.633557
-0.620388
-0.607199
-0.594265
-0.581678
-0.569319
-0.557026
-0.544707
-0.532337
-0.519981
-0.507874
-0.496442
-0.48609
-0.476846
-0.468302
-0.460091
-0.452405
-0.445845
-0.440828
-0.437154
-0.433962
-0.430539
-0.426757
-0.423095
-0.420058
-0.41769
-0.41543
-0.412431
-0.409096
-0.407519
-0.408662
-1.55927
-1.5625
-1.56325
-1.56225
-1.56164
-1.56185
-1.5624
-1.56276
-1.56211
-1.56017
-1.55728
-1.5536
-1.54897
-1.54328
-1.53632
-1.52771
-1.51727
-1.5052
-1.49188
-1.47787
-1.46352
-1.44877
-1.43345
-1.41731
-1.40006
-1.38167
-1.36241
-1.34264
-1.32274
-1.3031
-1.28363
-1.26419
-1.24459
-1.22458
-1.20394
-1.1827
-1.1611
-1.13943
-1.11789
-1.09661
-1.07554
-1.05442
-1.03307
-1.01173
-0.990842
-0.970798
-0.951937
-0.93444
-0.918051
-0.902196
-0.886432
-0.870608
-0.854796
-0.839299
-0.824567
-0.810789
-0.797674
-0.784762
-0.771732
-0.758344
-0.744413
-0.730047
-0.715721
-0.701869
-0.688487
-0.675274
-0.662062
-0.648916
-0.635841
-0.622601
-0.608955
-0.594991
-0.581096
-0.567598
-0.554517
-0.541631
-0.528684
-0.515547
-0.50232
-0.489362
-0.47721
-0.466244
-0.456337
-0.446993
-0.437953
-0.429537
-0.42238
-0.416936
-0.412955
-0.409525
-0.405889
-0.401807
-0.397835
-0.394464
-0.391748
-0.389114
-0.385736
-0.382118
-0.380538
-0.381831
-1.58829
-1.59111
-1.59147
-1.59008
-1.58927
-1.58935
-1.58957
-1.58958
-1.58873
-1.58665
-1.58372
-1.58021
-1.57578
-1.56991
-1.5622
-1.55241
-1.54061
-1.52726
-1.51296
-1.4983
-1.48349
-1.46824
-1.45222
-1.43515
-1.41683
-1.39733
-1.37704
-1.35642
-1.33594
-1.31581
-1.29593
-1.27603
-1.25591
-1.23534
-1.21402
-1.19189
-1.16928
-1.14671
-1.12455
-1.10292
-1.08171
-1.06054
-1.03903
-1.01725
-0.995623
-0.974683
-0.954933
-0.936621
-0.919503
-0.903012
-0.88664
-0.87012
-0.853514
-0.837282
-0.82199
-0.80775
-0.794109
-0.78051
-0.766632
-0.752335
-0.737644
-0.722834
-0.708274
-0.694061
-0.679964
-0.665839
-0.651883
-0.638323
-0.624956
-0.611218
-0.596763
-0.581862
-0.56715
-0.553017
-0.539345
-0.525763
-0.511997
-0.498014
-0.483994
-0.470318
-0.457469
-0.445718
-0.434864
-0.424491
-0.41448
-0.4052
-0.39731
-0.391236
-0.386616
-0.382585
-0.378332
-0.373823
-0.369584
-0.366014
-0.362957
-0.359912
-0.356213
-0.352487
-0.351081
-0.352699
-1.6189
-1.62135
-1.62151
-1.61981
-1.61878
-1.6187
-1.61845
-1.61779
-1.61651
-1.61428
-1.61126
-1.60763
-1.60297
-1.59656
-1.58792
-1.5769
-1.56385
-1.54942
-1.53429
-1.51902
-1.50364
-1.48766
-1.47069
-1.45257
-1.4333
-1.413
-1.39194
-1.37051
-1.34933
-1.32857
-1.30813
-1.28772
-1.26702
-1.24571
-1.22359
-1.20062
-1.17708
-1.15362
-1.13083
-1.10885
-1.08747
-1.06618
-1.04455
-1.02247
-1.00031
-0.978697
-0.95827
-0.939265
-0.921409
-0.904172
-0.887047
-0.869734
-0.852351
-0.835457
-0.819576
-0.804654
-0.790148
-0.77557
-0.760735
-0.745629
-0.730353
-0.715127
-0.700101
-0.685187
-0.670248
-0.65546
-0.64121
-0.627518
-0.613782
-0.599281
-0.583903
-0.568245
-0.55299
-0.538293
-0.523836
-0.509308
-0.494653
-0.479945
-0.465273
-0.450864
-0.437113
-0.424289
-0.412289
-0.400814
-0.389773
-0.379527
-0.370729
-0.363695
-0.358053
-0.353065
-0.34805
-0.343145
-0.338672
-0.33482
-0.331375
-0.328002
-0.324186
-0.320551
-0.319388
-0.321419
-1.65147
-1.65363
-1.65377
-1.65184
-1.65046
-1.6501
-1.64938
-1.64793
-1.64592
-1.64328
-1.63997
-1.6359
-1.63058
-1.62331
-1.61362
-1.6015
-1.58746
-1.57216
-1.55619
-1.54008
-1.52383
-1.5069
-1.48886
-1.46968
-1.44956
-1.42865
-1.40702
-1.3849
-1.36285
-1.34127
-1.3201
-1.29908
-1.2778
-1.25576
-1.23272
-1.20879
-1.18437
-1.16012
-1.13674
-1.11438
-1.09267
-1.07107
-1.04917
-1.02685
-1.00437
-0.98236
-0.961459
-0.941842
-0.923238
-0.905206
-0.887301
-0.869258
-0.851256
-0.83383
-0.817315
-0.801486
-0.785855
-0.770162
-0.75441
-0.738633
-0.722856
-0.707123
-0.691416
-0.675672
-0.660021
-0.644863
-0.630468
-0.616486
-0.602086
-0.586731
-0.570674
-0.554594
-0.538875
-0.523367
-0.507818
-0.492266
-0.476868
-0.461557
-0.446142
-0.430725
-0.415788
-0.401759
-0.388629
-0.376065
-0.363909
-0.352543
-0.34258
-0.334273
-0.327378
-0.321244
-0.315472
-0.310075
-0.305253
-0.301022
-0.297283
-0.293788
-0.290004
-0.286472
-0.285526
-0.287922
-1.68627
-1.68817
-1.68841
-1.68638
-1.6845
-1.68359
-1.68238
-1.68015
-1.67717
-1.67371
-1.66973
-1.66491
-1.65866
-1.65035
-1.63961
-1.62655
-1.61174
-1.59568
-1.57874
-1.5614
-1.54385
-1.52576
-1.50672
-1.48667
-1.46579
-1.44428
-1.42202
-1.39918
-1.37618
-1.35361
-1.33163
-1.30995
-1.28803
-1.26521
-1.24117
-1.21618
-1.19084
-1.16585
-1.14186
-1.11901
-1.09685
-1.0748
-1.05252
-1.02994
-1.00726
-0.985021
-0.963745
-0.943571
-0.924312
-0.905626
-0.887095
-0.868483
-0.85
-0.832088
-0.814892
-0.798111
-0.781408
-0.764735
-0.748177
-0.731725
-0.715313
-0.698912
-0.682502
-0.666144
-0.650112
-0.634753
-0.620041
-0.605394
-0.590121
-0.574055
-0.557604
-0.541158
-0.52469
-0.508027
-0.491308
-0.4749
-0.458858
-0.442753
-0.426214
-0.409488
-0.393295
-0.378157
-0.363951
-0.350195
-0.336758
-0.324106
-0.312792
-0.303071
-0.294788
-0.287403
-0.280724
-0.274662
-0.26939
-0.26488
-0.260986
-0.257408
-0.253608
-0.250121
-0.249426
-0.252203
-1.72334
-1.72488
-1.72516
-1.7232
-1.7208
-1.719
-1.717
-1.71398
-1.70999
-1.70543
-1.70038
-1.69451
-1.68718
-1.67782
-1.66608
-1.65213
-1.63656
-1.61971
-1.60166
-1.58281
-1.56362
-1.5442
-1.52427
-1.50357
-1.48202
-1.45967
-1.43647
-1.41264
-1.3887
-1.36521
-1.34236
-1.3199
-1.29721
-1.27356
-1.24859
-1.2226
-1.19634
-1.17059
-1.14591
-1.12241
-1.09969
-1.07721
-1.05463
-1.0318
-1.00891
-0.986406
-0.964715
-0.944022
-0.92428
-0.90519
-0.88627
-0.867254
-0.848348
-0.829912
-0.812002
-0.794382
-0.776879
-0.759515
-0.742295
-0.725113
-0.707914
-0.690757
-0.673739
-0.656996
-0.640741
-0.625093
-0.609798
-0.594318
-0.57828
-0.561742
-0.544923
-0.527803
-0.510218
-0.492311
-0.474602
-0.457433
-0.440491
-0.423121
-0.405123
-0.38706
-0.369761
-0.353572
-0.338139
-0.322976
-0.308143
-0.294133
-0.281399
-0.270171
-0.260277
-0.251499
-0.243692
-0.236924
-0.231231
-0.226482
-0.222365
-0.218611
-0.214796
-0.211424
-0.211022
-0.214317
-1.76256
-1.7636
-1.7636
-1.76158
-1.75877
-1.75593
-1.75281
-1.74889
-1.74398
-1.73828
-1.73192
-1.72468
-1.71607
-1.70562
-1.69294
-1.6781
-1.66162
-1.64375
-1.62443
-1.60403
-1.58322
-1.56244
-1.54157
-1.52016
-1.49784
-1.47437
-1.44992
-1.42491
-1.39998
-1.37563
-1.352
-1.32872
-1.30508
-1.28051
-1.25474
-1.22798
-1.20098
-1.17451
-1.14908
-1.12479
-1.10142
-1.07854
-1.0557
-1.03261
-1.00941
-0.986514
-0.964348
-0.943206
-0.92315
-0.903832
-0.884657
-0.865333
-0.846056
-0.827123
-0.808575
-0.790292
-0.772226
-0.754365
-0.736584
-0.718735
-0.700852
-0.683105
-0.665641
-0.648549
-0.631909
-0.615683
-0.599613
-0.583365
-0.566766
-0.549796
-0.532353
-0.514227
-0.495446
-0.47649
-0.4579
-0.439699
-0.421345
-0.402361
-0.38291
-0.363693
-0.345337
-0.3279
-0.310971
-0.294286
-0.278042
-0.262615
-0.248334
-0.235363
-0.223651
-0.213332
-0.204351
-0.196849
-0.190674
-0.185511
-0.181054
-0.177184
-0.173453
-0.170267
-0.170184
-0.17406
-1.80346
-1.80412
-1.80343
-1.80082
-1.79761
-1.79397
-1.78977
-1.78489
-1.77908
-1.7723
-1.76453
-1.75564
-1.74542
-1.73365
-1.71996
-1.70421
-1.68668
-1.66756
-1.64684
-1.62494
-1.60269
-1.58059
-1.55858
-1.53615
-1.51279
-1.48811
-1.46227
-1.43601
-1.41015
-1.38503
-1.3606
-1.33637
-1.31165
-1.28606
-1.25953
-1.23224
-1.20471
-1.17767
-1.15157
-1.12655
-1.10252
-1.07918
-1.05597
-1.03249
-1.00884
-0.98547
-0.962874
-0.941422
-0.921156
-0.901596
-0.882097
-0.862437
-0.842846
-0.823553
-0.804564
-0.785824
-0.767323
-0.748995
-0.730679
-0.712298
-0.693986
-0.675924
-0.658163
-0.640669
-0.623445
-0.606473
-0.589622
-0.572707
-0.555549
-0.537932
-0.519594
-0.500416
-0.48065
-0.460783
-0.441084
-0.421371
-0.401279
-0.380715
-0.360009
-0.33967
-0.320032
-0.301054
-0.282493
-0.264259
-0.246486
-0.229427
-0.213338
-0.198369
-0.184793
-0.172818
-0.162625
-0.154197
-0.14731
-0.141584
-0.136838
-0.132969
-0.129357
-0.126348
-0.126675
-0.131113
-1.84514
-1.84596
-1.8445
-1.84082
-1.83708
-1.83305
-1.82822
-1.82252
-1.81576
-1.80776
-1.79843
-1.78767
-1.77555
-1.76213
-1.74713
-1.73029
-1.71162
-1.69118
-1.66903
-1.64568
-1.62201
-1.59855
-1.57516
-1.55135
-1.52658
-1.50067
-1.47373
-1.44649
-1.41973
-1.39371
-1.36827
-1.34289
-1.31702
-1.29041
-1.26313
-1.23538
-1.2075
-1.18006
-1.1535
-1.12798
-1.10345
-1.07958
-1.0558
-1.03171
-1.00749
-0.983655
-0.960742
-0.939102
-0.918614
-0.898659
-0.878654
-0.858549
-0.838632
-0.819057
-0.799787
-0.780774
-0.761978
-0.743272
-0.724524
-0.705771
-0.687201
-0.668918
-0.650841
-0.632862
-0.615005
-0.597342
-0.579812
-0.56223
-0.544342
-0.525873
-0.506628
-0.486609
-0.466019
-0.445083
-0.423887
-0.402416
-0.380673
-0.358743
-0.336805
-0.315121
-0.293929
-0.273269
-0.253005
-0.233013
-0.213371
-0.194373
-0.176242
-0.159175
-0.143648
-0.12988
-0.118224
-0.108625
-0.100845
-0.0945273
-0.089511
-0.0856017
-0.0821525
-0.0793736
-0.0801926
-0.0854353
-1.88665
-1.88847
-1.88679
-1.88214
-1.87782
-1.87371
-1.86874
-1.8625
-1.85467
-1.84514
-1.83392
-1.82108
-1.80688
-1.79154
-1.77491
-1.75664
-1.73662
-1.71475
-1.69111
-1.66629
-1.64115
-1.61615
-1.59106
-1.56552
-1.53922
-1.51211
-1.48438
-1.45651
-1.42896
-1.40191
-1.37519
-1.34848
-1.32147
-1.29397
-1.26605
-1.23788
-1.20969
-1.18196
-1.1551
-1.12928
-1.10437
-1.07992
-1.0554
-1.03059
-1.00579
-0.981534
-0.95836
-0.936495
-0.915628
-0.895091
-0.874463
-0.85385
-0.833527
-0.813586
-0.794006
-0.774782
-0.755833
-0.736961
-0.718034
-0.699136
-0.680418
-0.661882
-0.643389
-0.624873
-0.606437
-0.588178
-0.569998
-0.551654
-0.532915
-0.513622
-0.493675
-0.472981
-0.451468
-0.429176
-0.406331
-0.383252
-0.360105
-0.336847
-0.313482
-0.290243
-0.267394
-0.24495
-0.222689
-0.200492
-0.178634
-0.157476
-0.13714
-0.117882
-0.100104
-0.0843452
-0.0709476
-0.0599725
-0.051122
-0.0440768
-0.0386791
-0.034736
-0.0315309
-0.0290559
-0.030522
-0.0370268
-1.92798
-1.93156
-1.93053
-1.92564
-1.92106
-1.91696
-1.91199
-1.9053
-1.89634
-1.885
-1.87152
-1.85629
-1.83984
-1.82245
-1.80389
-1.7838
-1.76201
-1.73844
-1.71314
-1.68671
-1.65987
-1.633
-1.60608
-1.57873
-1.55089
-1.52267
-1.49431
-1.46596
-1.4377
-1.40957
-1.38147
-1.35337
-1.32528
-1.29709
-1.2687
-1.24017
-1.21174
-1.18376
-1.15661
-1.13045
-1.10508
-1.07996
-1.05467
-1.0292
-1.00394
-0.979363
-0.955901
-0.933628
-0.912136
-0.89086
-0.869581
-0.848463
-0.827677
-0.807268
-0.787304
-0.767856
-0.748811
-0.729901
-0.710977
-0.692096
-0.673313
-0.654531
-0.635628
-0.616636
-0.597716
-0.578909
-0.560034
-0.540872
-0.521345
-0.501423
-0.480931
-0.459502
-0.436853
-0.413125
-0.388836
-0.364435
-0.339949
-0.315205
-0.290272
-0.265444
-0.240849
-0.21629
-0.191539
-0.166761
-0.142491
-0.118981
-0.0962132
-0.0744677
-0.0541716
-0.0361683
-0.0207957
-0.00813521
0.00209112
0.010135
0.0160309
0.0199045
0.0228388
0.0248406
0.0222708
0.0142228
-1.97024
-1.97603
-1.97641
-1.9722
-1.96796
-1.96393
-1.95871
-1.9513
-1.94102
-1.92772
-1.91178
-1.89395
-1.87504
-1.85532
-1.83443
-1.81201
-1.788
-1.76233
-1.73507
-1.70674
-1.67803
-1.6492
-1.62027
-1.59124
-1.56207
-1.53281
-1.50371
-1.4747
-1.44561
-1.41637
-1.38699
-1.35764
-1.32857
-1.29976
-1.271
-1.24222
-1.21361
-1.18544
-1.15797
-1.13133
-1.10529
-1.07938
-1.05338
-1.02743
-1.00186
-0.97706
-0.953269
-0.93043
-0.908144
-0.886039
-0.864071
-0.842387
-0.821068
-0.800185
-0.77991
-0.760328
-0.741243
-0.722327
-0.703431
-0.684576
-0.665717
-0.646697
-0.627455
-0.608119
-0.588828
-0.569512
-0.549947
-0.530045
-0.509907
-0.489505
-0.468426
-0.446078
-0.422232
-0.397287
-0.371874
-0.346263
-0.320322
-0.294001
-0.267535
-0.241078
-0.214426
-0.187275
-0.159672
-0.132165
-0.105288
-0.0791186
-0.0536204
-0.0290079
-0.00604877
0.0145169
0.0322454
0.0470762
0.0590717
0.0683663
0.0749163
0.0787749
0.081172
0.0822799
0.0781754
0.0679058
-2.01479
-2.02328
-2.02556
-2.02264
-2.01924
-2.01536
-2.00958
-2.00093
-1.98887
-1.97337
-1.95492
-1.9344
-1.91276
-1.89028
-1.86656
-1.84128
-1.81449
-1.78626
-1.75673
-1.72636
-1.69565
-1.66489
-1.63409
-1.60344
-1.57302
-1.54279
-1.51274
-1.48272
-1.45253
-1.42212
-1.39165
-1.36135
-1.33148
-1.30207
-1.27289
-1.2438
-1.21494
-1.18651
-1.15867
-1.13144
-1.1046
-1.0779
-1.05132
-1.02503
-0.999251
-0.974235
-0.950097
-0.926683
-0.903652
-0.880789
-0.858124
-0.83576
-0.813793
-0.792435
-0.771947
-0.752344
-0.7333
-0.714433
-0.695587
-0.676731
-0.657739
-0.638465
-0.618964
-0.599417
-0.579865
-0.56011
-0.539952
-0.519477
-0.498874
-0.477967
-0.456123
-0.432759
-0.40789
-0.382052
-0.355675
-0.328779
-0.301313
-0.273495
-0.245528
-0.2172
-0.188073
-0.158019
-0.12747
-0.0971084
-0.0673082
-0.0381317
-0.00959192
0.0181179
0.0440591
0.0676077
0.0882231
0.105742
0.12001
0.130897
0.138273
0.142219
0.143692
0.143404
0.137211
0.123429
-2.06229
-2.07443
-2.07918
-2.07779
-2.07532
-2.07156
-2.06492
-2.05451
-2.04012
-2.02206
-2.00086
-1.97736
-1.95259
-1.92688
-1.89982
-1.87116
-1.84117
-1.81007
-1.77806
-1.7455
-1.71282
-1.68017
-1.64762
-1.61536
-1.58361
-1.5523
-1.52115
-1.48994
-1.45851
-1.42695
-1.39556
-1.36459
-1.33416
-1.3042
-1.2745
-1.24491
-1.21555
-1.18662
-1.15824
-1.13032
-1.1027
-1.07534
-1.04833
-1.02177
-0.995787
-0.970517
-0.946007
-0.922083
-0.898493
-0.8751
-0.851883
-0.828875
-0.80627
-0.784468
-0.763793
-0.744162
-0.725151
-0.706348
-0.687558
-0.668665
-0.649499
-0.630002
-0.610352
-0.590725
-0.571013
-0.550919
-0.53032
-0.509423
-0.488364
-0.466784
-0.444025
-0.419739
-0.394137
-0.367595
-0.340208
-0.311953
-0.283056
-0.253841
-0.224221
-0.193679
-0.161833
-0.12885
-0.0953247
-0.0618501
-0.0288211
0.00361064
0.0355233
0.0665381
0.0959729
0.123052
0.147189
0.167918
0.184985
0.198004
0.206458
0.210395
0.210936
0.208767
0.199256
0.180987
-2.11278
-2.12999
-2.13811
-2.13859
-2.13693
-2.13291
-2.12492
-2.11221
-2.09489
-2.07366
-2.04917
-2.02223
-1.99382
-1.9643
-1.9334
-1.90106
-1.86763
-1.83346
-1.79893
-1.76422
-1.72953
-1.69496
-1.66062
-1.62667
-1.5934
-1.56078
-1.52842
-1.49601
-1.46343
-1.43084
-1.39869
-1.36725
-1.33642
-1.30596
-1.27566
-1.24544
-1.2154
-1.18578
-1.15669
-1.128
-1.09963
-1.07171
-1.04436
-1.01759
-0.991387
-0.965838
-0.940947
-0.91659
-0.89262
-0.868904
-0.845305
-0.82181
-0.798748
-0.776673
-0.755899
-0.736228
-0.717185
-0.698368
-0.679547
-0.660531
-0.641162
-0.621507
-0.601831
-0.582234
-0.562459
-0.542154
-0.52126
-0.49998
-0.478328
-0.4559
-0.432241
-0.407258
-0.381115
-0.353847
-0.325366
-0.295829
-0.265638
-0.23495
-0.203399
-0.170462
-0.135937
-0.100086
-0.0634469
-0.0266193
0.00980858
0.0456982
0.0812812
0.116113
0.149581
0.180736
0.209036
0.233778
0.254268
0.269909
0.279917
0.283899
0.28329
0.278693
0.265039
0.240975
-2.1663
-2.19025
-2.20296
-2.20593
-2.20507
-2.20027
-2.19019
-2.17431
-2.15315
-2.12785
-2.09931
-2.06827
-2.03562
-2.00181
-1.96671
-1.93047
-1.89354
-1.85638
-1.81931
-1.78249
-1.74575
-1.70916
-1.67291
-1.6372
-1.60229
-1.56814
-1.53439
-1.50073
-1.4671
-1.43375
-1.40104
-1.36917
-1.3379
-1.30687
-1.2759
-1.24501
-1.21435
-1.18409
-1.15426
-1.12474
-1.09564
-1.0672
-1.03951
-1.01247
-0.986015
-0.960191
-0.935016
-0.910441
-0.886334
-0.862451
-0.838535
-0.814646
-0.791316
-0.769184
-0.748442
-0.728746
-0.709613
-0.690695
-0.671742
-0.652518
-0.632918
-0.613145
-0.593523
-0.574056
-0.554336
-0.533945
-0.512802
-0.491051
-0.468663
-0.445368
-0.420969
-0.395459
-0.368777
-0.340711
-0.311194
-0.280509
-0.248986
-0.216603
-0.183
-0.147764
-0.110679
-0.071904
-0.0320264
0.00813169
0.0480353
0.0877707
0.127372
0.166577
0.204576
0.240499
0.273679
0.303408
0.328323
0.347137
0.359114
0.363689
0.361666
0.354031
0.335539
0.303721
-2.22349
-2.25617
-2.27473
-2.28084
-2.28089
-2.27474
-2.26148
-2.24118
-2.21496
-2.18448
-2.15089
-2.11498
-2.07752
-2.03894
-1.99933
-1.95912
-1.9188
-1.87876
-1.8392
-1.80015
-1.76131
-1.72264
-1.68444
-1.64707
-1.61059
-1.57485
-1.53953
-1.50445
-1.46979
-1.43583
-1.40273
-1.37042
-1.33854
-1.30676
-1.27503
-1.24351
-1.21237
-1.18161
-1.15107
-1.12078
-1.09102
-1.06211
-1.03402
-1.00655
-0.979669
-0.95351
-0.928207
-0.903726
-0.879772
-0.855865
-0.831707
-0.807572
-0.784196
-0.762166
-0.741463
-0.721661
-0.702374
-0.683329
-0.664201
-0.64469
-0.6248
-0.604927
-0.585457
-0.566237
-0.546655
-0.526194
-0.504756
-0.482471
-0.459358
-0.435316
-0.410317
-0.384324
-0.357085
-0.32827
-0.297813
-0.265952
-0.232938
-0.198801
-0.16327
-0.125849
-0.0862049
-0.0445587
-0.00160857
0.0418358
0.0854528
0.129384
0.173455
0.217401
0.260447
0.30206
0.341241
0.376827
0.407233
0.430582
0.445368
0.450817
0.447609
0.436874
0.411893
0.370231
-2.28555
-2.32943
-2.35522
-2.36501
-2.36576
-2.3573
-2.33941
-2.31311
-2.28035
-2.2434
-2.20378
-2.16227
-2.1194
-2.07557
-2.03115
-1.98673
-1.94301
-1.90016
-1.85809
-1.8166
-1.77554
-1.73486
-1.69495
-1.65616
-1.6183
-1.58103
-1.54409
-1.50754
-1.4718
-1.43725
-1.40375
-1.37088
-1.33825
-1.3057
-1.27334
-1.24138
-1.20985
-1.17855
-1.1473
-1.11632
-1.08611
-1.05683
-1.02826
-1.00018
-0.972699
-0.94619
-0.92089
-0.896643
-0.872872
-0.848936
-0.824681
-0.800617
-0.777479
-0.755608
-0.734823
-0.714817
-0.695391
-0.676238
-0.656847
-0.636908
-0.616689
-0.596833
-0.577655
-0.558717
-0.539215
-0.518638
-0.496928
-0.474183
-0.450439
-0.425757
-0.400257
-0.373853
-0.346118
-0.316595
-0.285165
-0.252041
-0.217524
-0.181737
-0.144381
-0.104846
-0.0627926
-0.018537
0.0272738
0.0741531
0.12179
0.169976
0.218911
0.268213
0.31711
0.365031
0.411327
0.454318
0.4916
0.520772
0.539818
0.547416
0.543644
0.529003
0.496296
0.442538
-2.35411
-2.41238
-2.44695
-2.46059
-2.46117
-2.44888
-2.42457
-2.39042
-2.34948
-2.30471
-2.25798
-2.21002
-2.16113
-2.11154
-2.0619
-2.01305
-1.96561
-1.91972
-1.87492
-1.83088
-1.7876
-1.74523
-1.70405
-1.66411
-1.62501
-1.58628
-1.54782
-1.50997
-1.4733
-1.43809
-1.40397
-1.37035
-1.33695
-1.30385
-1.27121
-1.23905
-1.20714
-1.1752
-1.14325
-1.1118
-1.08128
-1.05161
-1.0224
-0.993571
-0.965559
-0.938885
-0.913693
-0.889561
-0.865728
-0.841668
-0.8175
-0.793787
-0.770986
-0.749165
-0.72821
-0.708077
-0.688619
-0.669292
-0.649439
-0.628983
-0.608571
-0.588918
-0.570046
-0.551251
-0.531745
-0.511124
-0.489264
-0.466135
-0.44184
-0.41667
-0.390832
-0.364094
-0.335863
-0.305616
-0.273194
-0.238806
-0.202855
-0.165529
-0.126468
-0.0850412
-0.0408956
0.00579091
0.0544496
0.104686
0.156374
0.209319
0.263515
0.318474
0.374012
0.429568
0.484147
0.535725
0.581619
0.618752
0.64413
0.655496
0.652084
0.63377
0.592028
0.522546
-2.43184
-2.50838
-2.55327
-2.57025
-2.569
-2.55061
-2.51747
-2.47342
-2.42268
-2.36871
-2.31355
-2.25799
-2.20218
-2.14637
-2.09125
-2.03773
-1.9863
-1.93695
-1.88917
-1.8426
-1.79741
-1.75384
-1.71184
-1.67097
-1.63062
-1.59042
-1.55061
-1.51179
-1.47443
-1.43852
-1.40356
-1.36908
-1.33505
-1.30168
-1.26898
-1.23663
-1.20422
-1.17163
-1.13923
-1.10759
-1.07684
-1.04659
-1.01652
-0.986958
-0.958593
-0.931888
-0.906706
-0.882413
-0.858334
-0.834225
-0.810337
-0.787008
-0.764368
-0.742456
-0.721422
-0.701346
-0.681861
-0.662169
-0.641745
-0.620928
-0.60057
-0.581162
-0.562422
-0.543637
-0.524184
-0.503645
-0.4817
-0.458255
-0.433594
-0.408153
-0.382082
-0.355025
-0.326323
-0.29538
-0.261953
-0.226325
-0.189096
-0.150492
-0.109961
-0.0667748
-0.0207505
0.0279599
0.0793181
0.13313
0.18897
0.246761
0.306376
0.367866
0.430988
0.495151
0.559258
0.621294
0.677988
0.72538
0.759778
0.777584
0.776283
0.755003
0.702589
0.613773
-2.52338
-2.62259
-2.67882
-2.69776
-2.69191
-2.66409
-2.61897
-2.56244
-2.4999
-2.43515
-2.37013
-2.30564
-2.24196
-2.17938
-2.11867
-2.06049
-2.00496
-1.95188
-1.90098
-1.85209
-1.80543
-1.7611
-1.71851
-1.67674
-1.63511
-1.59351
-1.55259
-1.51305
-1.47513
-1.43851
-1.40273
-1.3676
-1.33325
-1.29978
-1.26688
-1.23402
-1.20091
-1.16779
-1.13526
-1.10365
-1.07265
-1.04173
-1.0109
-0.980817
-0.952212
-0.925299
-0.899744
-0.875001
-0.850673
-0.826683
-0.80312
-0.780001
-0.757337
-0.735371
-0.714435
-0.694468
-0.674803
-0.654639
-0.633804
-0.612929
-0.592757
-0.573464
-0.554685
-0.5359
-0.516601
-0.496215
-0.474241
-0.45063
-0.425811
-0.400252
-0.37403
-0.346729
-0.317581
-0.285873
-0.251475
-0.214919
-0.176736
-0.136911
-0.0950378
-0.0505776
-0.00305232
0.0477103
0.101745
0.158906
0.218845
0.281582
0.347022
0.415543
0.486953
0.560858
0.636195
0.710688
0.780595
0.841585
0.88868
0.916511
0.920582
0.897593
0.833686
0.721173
-2.63603
-2.76274
-2.83039
-2.8481
-2.83317
-2.79133
-2.73015
-2.6577
-2.58062
-2.50297
-2.42645
-2.35177
-2.27939
-2.20973
-2.14332
-2.08051
-2.02095
-1.96426
-1.91043
-1.85959
-1.81185
-1.76686
-1.72356
-1.6808
-1.638
-1.5954
-1.55376
-1.51371
-1.47524
-1.43797
-1.40163
-1.36627
-1.33191
-1.29829
-1.26485
-1.23114
-1.19726
-1.16381
-1.13131
-1.09966
-1.06829
-1.03684
-1.00562
-0.975333
-0.946476
-0.919044
-0.892787
-0.867475
-0.842961
-0.819104
-0.795706
-0.772597
-0.749891
-0.728018
-0.707261
-0.687286
-0.667311
-0.646787
-0.625874
-0.605196
-0.58518
-0.565816
-0.546914
-0.528206
-0.50915
-0.488935
-0.466975
-0.443351
-0.418593
-0.393088
-0.36677
-0.339161
-0.309534
-0.277241
-0.242165
-0.204837
-0.165847
-0.125182
-0.0823363
-0.0367465
0.0121235
0.0647016
0.121181
0.181544
0.24559
0.313091
0.384578
0.46037
0.540677
0.625419
0.713616
0.802752
0.889068
0.967887
1.03261
1.07578
1.08998
1.06894
0.993701
0.85266
-2.78117
-2.94041
-3.0175
-3.02784
-2.9966
-2.93399
-2.85119
-2.75849
-2.66338
-2.57012
-2.48029
-2.39441
-2.31291
-2.23611
-2.1641
-2.09668
-2.03327
-1.97342
-1.91721
-1.86492
-1.81633
-1.77057
-1.72631
-1.68247
-1.6388
-1.59573
-1.55388
-1.51356
-1.47469
-1.43703
-1.40053
-1.36522
-1.33084
-1.29676
-1.26243
-1.22776
-1.19328
-1.15969
-1.12721
-1.09539
-1.06366
-1.03194
-1.00063
-0.970236
-0.940964
-0.912809
-0.885798
-0.860014
-0.835373
-0.811535
-0.788098
-0.764909
-0.742245
-0.72055
-0.699882
-0.679731
-0.65948
-0.638921
-0.618287
-0.597885
-0.577858
-0.558311
-0.539377
-0.52086
-0.501993
-0.481862
-0.460044
-0.436708
-0.412169
-0.386634
-0.360171
-0.332405
-0.302438
-0.2696
-0.234068
-0.196405
-0.156921
-0.115587
-0.0720301
-0.0255845
0.0244423
0.0786377
0.13729
0.200496
0.268329
0.34058
0.417927
0.50099
0.590694
0.687186
0.78959
0.895887
1.00255
1.10404
1.19282
1.25898
1.29103
1.27861
1.19442
1.02035
-2.97648
-3.17241
-3.25294
-3.2451
-3.18622
-3.09296
-2.9809
-2.86232
-2.74512
-2.63339
-2.52865
-2.43106
-2.34059
-2.25707
-2.17987
-2.10817
-2.04133
-1.97891
-1.92098
-1.86765
-1.81829
-1.77163
-1.72634
-1.68156
-1.63736
-1.59421
-1.55245
-1.51214
-1.47323
-1.43566
-1.3994
-1.36421
-1.32951
-1.29461
-1.25917
-1.22357
-1.18865
-1.155
-1.12249
-1.09052
-1.05868
-1.02701
-0.995763
-0.965146
-0.93527
-0.906348
-0.878735
-0.852663
-0.827929
-0.803995
-0.780428
-0.75721
-0.734664
-0.713056
-0.692259
-0.67188
-0.651634
-0.631432
-0.611223
-0.590986
-0.570888
-0.551296
-0.532431
-0.513986
-0.495201
-0.475318
-0.453899
-0.430872
-0.406455
-0.380979
-0.354504
-0.326523
-0.296234
-0.263192
-0.227593
-0.189845
-0.150149
-0.108471
-0.0644212
-0.0172778
0.0336533
0.0890284
0.149433
0.215111
0.286044
0.362611
0.445357
0.535696
0.63492
0.743609
0.861627
0.987697
1.11856
1.24881
1.37009
1.4695
1.53153
1.53916
1.45324
1.24276
-3.2503
-3.48338
-3.55346
-3.50868
-3.40501
-3.26741
-3.11598
-2.96466
-2.8211
-2.68855
-2.5679
-2.4587
-2.35998
-2.27062
-2.18909
-2.114
-2.04454
-1.98034
-1.92132
-1.86721
-1.81709
-1.76959
-1.72348
-1.67821
-1.63389
-1.59088
-1.54934
-1.50924
-1.47061
-1.4335
-1.39767
-1.36253
-1.3273
-1.29141
-1.25492
-1.21857
-1.1833
-1.1495
-1.11686
-1.08483
-1.05314
-1.02174
-0.990574
-0.959625
-0.929128
-0.899619
-0.871663
-0.84545
-0.820615
-0.796563
-0.772943
-0.749779
-0.727262
-0.705505
-0.68447
-0.664052
-0.644132
-0.624454
-0.604663
-0.584613
-0.56456
-0.544977
-0.526121
-0.507732
-0.489142
-0.469621
-0.448621
-0.425904
-0.401627
-0.376197
-0.349696
-0.321553
-0.291098
-0.25816
-0.222868
-0.185345
-0.145698
-0.103889
-0.0595554
-0.0120197
0.0394761
0.0956044
0.157056
0.224349
0.297558
0.377417
0.46492
0.562018
0.670303
0.791318
0.926085
1.074
1.23313
1.39924
1.56319
1.71035
1.82039
1.86823
1.79561
1.54971
-3.65066
-3.91044
-3.94046
-3.82699
-3.65302
-3.45276
-3.24974
-3.05826
-2.88454
-2.72987
-2.5935
-2.47364
-2.36796
-2.27404
-2.18951
-2.11243
-2.04169
-1.97686
-1.91755
-1.86313
-1.81256
-1.76454
-1.7181
-1.67285
-1.62882
-1.58617
-1.54496
-1.50522
-1.46705
-1.43047
-1.39497
-1.35969
-1.3238
-1.28701
-1.24972
-1.21289
-1.17737
-1.14338
-1.11057
-1.07855
-1.04711
-1.01594
-0.984721
-0.953406
-0.922477
-0.892695
-0.864649
-0.838407
-0.813532
-0.789456
-0.765857
-0.742681
-0.720003
-0.697959
-0.676735
-0.656479
-0.637081
-0.618021
-0.598664
-0.578826
-0.558889
-0.53938
-0.520535
-0.502204
-0.483913
-0.464875
-0.444245
-0.421697
-0.397564
-0.372233
-0.345618
-0.317304
-0.286988
-0.254549
-0.219821
-0.182727
-0.143371
-0.101664
-0.0572474
-0.00961905
0.0419626
0.0982682
0.159931
0.227541
0.30185
0.383627
0.474653
0.577082
0.693468
0.82627
0.977485
1.14856
1.33985
1.54875
1.76783
1.98203
2.16693
2.28819
2.2605
1.99156
-4.2622
-4.50915
-4.43916
-4.20481
-3.92373
-3.6377
-3.36991
-3.13181
-2.92587
-2.74976
-2.59966
-2.47152
-2.3612
-2.26485
-2.17931
-2.10214
-2.03191
-1.9679
-1.90943
-1.85561
-1.80532
-1.75744
-1.71122
-1.66639
-1.62287
-1.58069
-1.53987
-1.50057
-1.46294
-1.42681
-1.39146
-1.35587
-1.31931
-1.28179
-1.24398
-1.20686
-1.17113
-1.13692
-1.10399
-1.07207
-1.04081
-1.00968
-0.978246
-0.946614
-0.91549
-0.885716
-0.857786
-0.831643
-0.806816
-0.782778
-0.759188
-0.73588
-0.712865
-0.690459
-0.669177
-0.64931
-0.630541
-0.612043
-0.593092
-0.573564
-0.553824
-0.534346
-0.515514
-0.497411
-0.479536
-0.460863
-0.440456
-0.418082
-0.394076
-0.368696
-0.341897
-0.313614
-0.283756
-0.252013
-0.218002
-0.181557
-0.142664
-0.101209
-0.0569772
-0.00961508
0.0414801
0.0970837
0.157965
0.224692
0.298383
0.38035
0.472865
0.578486
0.700575
0.842736
1.00867
1.20249
1.42758
1.68555
1.97339
2.27828
2.57664
2.82576
2.90534
2.65708
-5.23528
-5.35895
-5.07364
-4.63667
-4.1987
-3.80043
-3.45656
-3.16905
-2.9326
-2.73893
-2.57974
-2.44782
-2.33685
-2.24156
-2.15794
-2.08317
-2.01555
-1.95405
-1.89777
-1.84568
-1.79668
-1.74978
-1.70438
-1.66024
-1.61726
-1.57544
-1.53491
-1.49596
-1.45875
-1.4229
-1.38753
-1.35159
-1.31453
-1.27656
-1.23847
-1.20115
-1.16516
-1.13068
-1.09763
-1.06575
-1.0345
-1.0032
-0.971454
-0.939608
-0.908514
-0.878951
-0.851238
-0.825233
-0.800503
-0.776531
-0.752857
-0.729212
-0.705739
-0.683074
-0.661944
-0.642553
-0.624343
-0.606347
-0.587821
-0.568603
-0.549017
-0.52961
-0.510934
-0.493156
-0.475653
-0.457214
-0.436927
-0.414669
-0.390684
-0.365138
-0.338224
-0.310203
-0.280972
-0.249988
-0.216777
-0.181059
-0.142634
-0.101546
-0.0578628
-0.0112735
0.0387166
0.0926408
0.151363
0.2159
0.287178
0.367213
0.45838
0.563892
0.687624
0.834598
1.01081
1.22328
1.48039
1.79035
2.15806
2.58148
3.04427
3.50561
3.81186
3.70066
-6.83624
-6.56287
-5.85683
-5.10111
-4.44494
-3.90823
-3.48261
-3.14994
-2.89089
-2.68829
-2.52808
-2.39933
-2.29354
-2.2041
-2.12628
-2.05704
-1.99447
-1.93735
-1.88467
-1.83538
-1.7885
-1.74324
-1.6991
-1.65581
-1.61333
-1.57174
-1.53135
-1.49256
-1.4555
-1.41965
-1.38403
-1.3477
-1.31028
-1.27211
-1.23393
-1.19644
-1.16016
-1.12539
-1.09216
-1.06014
-1.02863
-0.996928
-0.964856
-0.932942
-0.90202
-0.872699
-0.845172
-0.81929
-0.794633
-0.770603
-0.746635
-0.722516
-0.698643
-0.675896
-0.65503
-0.636078
-0.618306
-0.600693
-0.58251
-0.563552
-0.544102
-0.524839
-0.506472
-0.489073
-0.471793
-0.453415
-0.43318
-0.410956
-0.386844
-0.361096
-0.33423
-0.306612
-0.277996
-0.247725
-0.215205
-0.180032
-0.14206
-0.101466
-0.0584538
-0.0130958
0.0348753
0.0862613
0.141771
0.202357
0.269348
0.344914
0.431302
0.53198
0.651687
0.79645
0.974664
1.19731
1.47855
1.83609
2.28975
2.85753
3.548
4.34008
5.08282
5.39165
-9.64636
-8.2498
-6.74364
-5.52637
-4.59689
-3.91022
-3.41293
-3.05229
-2.78794
-2.59133
-2.44212
-2.32593
-2.23249
-2.15438
-2.0866
-2.02607
-1.97091
-1.91989
-1.872
-1.8263
-1.78206
-1.73873
-1.69591
-1.65343
-1.61131
-1.56984
-1.5295
-1.49075
-1.45361
-1.41749
-1.38145
-1.34469
-1.307
-1.26873
-1.23048
-1.19283
-1.1563
-1.12129
-1.08782
-1.05545
-1.02344
-0.991241
-0.958902
-0.927007
-0.896259
-0.867101
-0.839668
-0.813813
-0.78907
-0.764767
-0.740355
-0.715794
-0.691715
-0.669091
-0.648538
-0.629895
-0.612384
-0.595033
-0.577082
-0.558296
-0.539061
-0.520166
-0.502247
-0.485163
-0.467976
-0.449612
-0.429408
-0.407134
-0.382865
-0.357073
-0.330454
-0.303264
-0.275105
-0.24534
-0.213306
-0.178506
-0.140906
-0.100858
-0.058792
-0.0150403
0.0305489
0.0786756
0.129956
0.185308
0.246391
0.314462
0.392222
0.482931
0.591153
0.724324
0.892677
1.11046
1.39864
1.78637
2.31523
3.0389
4.01255
5.28143
6.84679
8.31374
-15.1563
-10.4957
-7.38851
-5.59258
-4.42887
-3.65917
-3.15437
-2.81755
-2.58669
-2.42416
-2.30612
-2.21696
-2.14623
-2.08693
-2.0346
-1.98665
-1.94165
-1.89866
-1.85691
-1.81578
-1.77485
-1.73383
-1.69255
-1.65095
-1.60926
-1.56799
-1.52779
-1.48906
-1.45176
-1.41532
-1.3789
-1.34186
-1.30406
-1.26579
-1.22752
-1.18977
-1.15311
-1.11792
-1.08415
-1.05129
-1.01869
-0.986047
-0.953515
-0.921631
-0.890958
-0.861832
-0.834339
-0.808316
-0.783265
-0.758507
-0.733622
-0.708799
-0.68478
-0.662418
-0.642146
-0.623713
-0.606354
-0.589147
-0.571382
-0.552893
-0.534151
-0.515905
-0.498563
-0.481812
-0.464783
-0.446538
-0.426434
-0.404229
-0.380112
-0.354655
-0.328478
-0.301749
-0.274037
-0.244652
-0.212967
-0.178615
-0.141648
-0.102546
-0.0620223
-0.0204119
0.0222888
0.0661384
0.111978
0.160683
0.212897
0.269926
0.333893
0.407077
0.493837
0.601174
0.739538
0.924769
1.18078
1.54641
2.08462
2.89559
4.11348
5.98072
9.17998
13.9576
-24.4462
-12.6758
-7.06253
-4.81361
-3.66561
-3.01019
-2.63149
-2.40554
-2.26486
-2.17392
-2.11238
-2.06766
-2.0318
-1.99986
-1.96896
-1.93774
-1.90569
-1.87259
-1.83828
-1.80267
-1.76571
-1.72745
-1.68794
-1.64737
-1.6062
-1.56521
-1.52516
-1.48649
-1.44913
-1.41258
-1.37609
-1.33909
-1.30142
-1.26326
-1.225
-1.18718
-1.15037
-1.11494
-1.08077
-1.04735
-1.01415
-0.981017
-0.948167
-0.916068
-0.885166
-0.855753
-0.82792
-0.801464
-0.775859
-0.750498
-0.725117
-0.70005
-0.676071
-0.653915
-0.633854
-0.615596
-0.59843
-0.581484
-0.564105
-0.546215
-0.528313
-0.511031
-0.49455
-0.478417
-0.461829
-0.443984
-0.424274
-0.402443
-0.37879
-0.354014
-0.3286
-0.302485
-0.275258
-0.24638
-0.215208
-0.181372
-0.145276
-0.107644
-0.068972
-0.0299323
0.00887331
0.0476994
0.0869456
0.126672
0.16719
0.209302
0.253385
0.300994
0.354688
0.419382
0.503125
0.61838
0.785618
1.04092
1.4534
2.15067
3.35996
5.70101
11.4317
23.3319
0
0
0
0
0
0
0
0
0
0
0
0
0
0
0
0
0
0
0
0
0
0
0
0
0
0
0
0
0
0
0
0
0
0
0
0
0
0
0
0
0
0
0
0
0
0
0
0
0
0
0
0
0
0
0
0
0
0
0
0
0
0
0
0
0
0
0
0
0
0
0
0
0
0
0
0
0
0
0
0
0
0
0
0
0
0
0
0
0
0
0
0
0
0
0
0
0
0
0
0
)
;

boundaryField
{
    obstacleFixedWalls
    {
        type            zeroGradient;
    }
    obstacleFrontAndBack
    {
        type            empty;
    }
    movingWall
    {
        type            zeroGradient;
    }
    fixedWalls
    {
        type            zeroGradient;
    }
    frontAndBack
    {
        type            empty;
    }
}


// ************************************************************************* //
