/*--------------------------------*- C++ -*----------------------------------*\
  =========                 |
  \\      /  F ield         | OpenFOAM: The Open Source CFD Toolbox
   \\    /   O peration     | Website:  https://openfoam.org
    \\  /    A nd           | Version:  11
     \\/     M anipulation  |
\*---------------------------------------------------------------------------*/
FoamFile
{
    format      ascii;
    class       volScalarField;
    location    "0.5";
    object      p;
}
// * * * * * * * * * * * * * * * * * * * * * * * * * * * * * * * * * * * * * //

dimensions      [0 2 -2 0 0 0 0];

internalField   nonuniform List<scalar> 
10100
(
-3.92062e-08
-0.00252067
-0.00644254
0.000472567
0.020778
0.0512716
0.0880964
0.127416
0.166724
0.204318
0.239079
0.270633
0.299179
0.325091
0.348664
0.3698
0.387996
0.403505
0.41674
0.427905
0.437188
0.444626
0.450234
0.454517
0.458185
0.46157
0.464698
0.467631
0.47046
0.473277
0.476254
0.479553
0.483157
0.486956
0.491003
0.495454
0.500364
0.50572
0.511488
0.51759
0.523845
0.529908
0.535494
0.540565
0.545204
0.549561
0.553877
0.558387
0.563214
0.568202
0.572925
0.577065
0.580703
0.584207
0.588063
0.592729
0.598448
0.605185
0.612614
0.620113
0.627085
0.63347
0.639758
0.646489
0.653872
0.661705
0.669404
0.676252
0.681823
0.686105
0.689237
0.691341
0.692637
0.693364
0.693499
0.692807
0.691268
0.689197
0.686802
0.683891
0.680194
0.675774
0.67092
0.665752
0.660204
0.654382
0.648652
0.643269
0.638077
0.632769
0.627426
0.622642
0.618979
0.616372
0.614235
0.612241
0.610702
0.610102
0.610618
0.611926
-0.00801089
0.00697417
0.0178585
0.0344686
0.058341
0.0878368
0.1202
0.15349
0.186194
0.217529
0.24693
0.274065
0.298971
0.322094
0.343673
0.363434
0.381142
0.396418
0.409122
0.419735
0.428718
0.43617
0.442238
0.447157
0.451286
0.455043
0.458674
0.462258
0.465786
0.46925
0.472724
0.476285
0.479994
0.483943
0.488243
0.492991
0.498209
0.50383
0.50979
0.515984
0.522172
0.528113
0.533651
0.538706
0.543338
0.54772
0.552068
0.556684
0.561716
0.566842
0.571554
0.575624
0.579112
0.582342
0.585937
0.590443
0.596025
0.602616
0.609879
0.617061
0.62352
0.629414
0.635418
0.642
0.649251
0.656969
0.664547
0.671188
0.676523
0.680721
0.683957
0.686197
0.68756
0.688356
0.688614
0.688027
0.686536
0.684589
0.682554
0.680198
0.677044
0.673079
0.668724
0.664232
0.659472
0.654376
0.649261
0.644483
0.639937
0.635213
0.630282
0.625779
0.622345
0.61985
0.617604
0.615242
0.613019
0.611651
0.61133
0.61114
-0.0157316
0.0138153
0.035778
0.0598937
0.086929
0.115801
0.145489
0.174605
0.202651
0.229301
0.254619
0.278361
0.300546
0.321341
0.34085
0.359141
0.375965
0.390663
0.403045
0.413174
0.421585
0.428856
0.435122
0.440448
0.445061
0.449187
0.453096
0.457045
0.461037
0.464948
0.468817
0.472713
0.476662
0.480849
0.485489
0.490617
0.496198
0.502172
0.508434
0.514825
0.521062
0.52692
0.532394
0.537434
0.542002
0.546334
0.550758
0.555522
0.560708
0.565947
0.570647
0.574608
0.578002
0.581122
0.584538
0.588934
0.594561
0.601181
0.608259
0.615047
0.621015
0.626432
0.632084
0.638465
0.645553
0.653032
0.660314
0.66669
0.671846
0.676005
0.679383
0.681891
0.683496
0.68442
0.684744
0.68422
0.682786
0.680908
0.679052
0.677028
0.674259
0.670597
0.666507
0.662406
0.658219
0.653747
0.649189
0.644945
0.641017
0.636971
0.63264
0.628514
0.625141
0.622408
0.619754
0.616835
0.613933
0.611811
0.610322
0.608531
-0.0108371
0.0278534
0.0571082
0.0852361
0.113594
0.141037
0.167881
0.193504
0.217727
0.240779
0.262619
0.283541
0.303558
0.32247
0.34026
0.35683
0.372083
0.385829
0.397625
0.407401
0.415509
0.422476
0.428653
0.434234
0.439284
0.443869
0.448194
0.452419
0.456587
0.460738
0.464895
0.469055
0.473296
0.477866
0.482954
0.488479
0.494374
0.500673
0.507228
0.51375
0.519991
0.525813
0.531208
0.536148
0.540622
0.544931
0.549524
0.554596
0.559999
0.565295
0.570021
0.574029
0.577434
0.580547
0.584003
0.588473
0.59415
0.600728
0.607581
0.613909
0.619324
0.624331
0.629771
0.635944
0.642672
0.649724
0.656677
0.662844
0.667875
0.672059
0.675689
0.678569
0.680442
0.681445
0.681765
0.681268
0.679887
0.678057
0.676281
0.674419
0.671871
0.668449
0.664638
0.660904
0.657165
0.653188
0.649177
0.645566
0.642341
0.638996
0.635262
0.63149
0.628104
0.625055
0.621928
0.618399
0.614792
0.61192
0.609532
0.60623
0.00916258
0.0506795
0.0827313
0.112113
0.139298
0.164465
0.188129
0.210577
0.231731
0.251796
0.270968
0.289363
0.307256
0.324618
0.340989
0.356118
0.369844
0.382237
0.393123
0.402514
0.410548
0.417444
0.423579
0.429283
0.434616
0.439601
0.444347
0.448865
0.453178
0.45744
0.461712
0.466011
0.470527
0.475499
0.480978
0.486849
0.493045
0.499554
0.506195
0.512677
0.518835
0.52463
0.529983
0.53478
0.539165
0.543589
0.548419
0.55375
0.559391
0.564834
0.569628
0.573741
0.577302
0.580538
0.584114
0.588763
0.594551
0.600983
0.607434
0.613271
0.618258
0.622979
0.628244
0.634202
0.640552
0.647147
0.653761
0.659779
0.664786
0.669051
0.672911
0.676104
0.67818
0.679186
0.679448
0.67901
0.677794
0.676103
0.674388
0.672608
0.670258
0.667125
0.663601
0.660129
0.656714
0.653207
0.649784
0.646752
0.644028
0.641183
0.637987
0.634595
0.631216
0.627867
0.624299
0.620303
0.616274
0.612782
0.609664
0.605098
0.0409231
0.0805294
0.111429
0.139155
0.164022
0.185916
0.206451
0.225663
0.244002
0.261628
0.278543
0.294946
0.310912
0.326501
0.341602
0.355648
0.368277
0.379541
0.389624
0.398539
0.406461
0.413562
0.41997
0.425848
0.431376
0.436652
0.441663
0.446383
0.450851
0.455202
0.459538
0.463968
0.468736
0.474034
0.479809
0.485946
0.492389
0.498993
0.505537
0.511878
0.517923
0.523619
0.528906
0.533665
0.538063
0.542655
0.547766
0.553285
0.558991
0.564523
0.569469
0.573725
0.577411
0.580817
0.584637
0.589506
0.595299
0.601424
0.607384
0.612768
0.617449
0.621995
0.627153
0.632964
0.639022
0.645235
0.651565
0.657495
0.662524
0.666847
0.67084
0.674235
0.676445
0.677444
0.677702
0.677451
0.67658
0.675175
0.673583
0.671895
0.669781
0.667002
0.663778
0.660491
0.65727
0.654103
0.651106
0.648414
0.645917
0.643346
0.640521
0.637392
0.634041
0.63058
0.626838
0.622602
0.618238
0.614348
0.610674
0.605192
0.080125
0.114313
0.141876
0.166339
0.187882
0.206656
0.223773
0.240015
0.25562
0.270767
0.285714
0.300368
0.314615
0.328552
0.342139
0.354978
0.366845
0.377478
0.38696
0.395524
0.403361
0.410579
0.417247
0.423403
0.429171
0.434631
0.439751
0.44457
0.449175
0.453636
0.458105
0.462794
0.467896
0.473512
0.479558
0.485896
0.492466
0.499083
0.50548
0.511645
0.51763
0.523284
0.528468
0.533209
0.537782
0.542617
0.547864
0.553376
0.559022
0.564527
0.569498
0.573823
0.577641
0.58126
0.585326
0.590334
0.595985
0.601657
0.607062
0.612057
0.616578
0.621081
0.626212
0.631956
0.637854
0.643822
0.649945
0.655801
0.660844
0.665182
0.669199
0.67267
0.674986
0.676091
0.676537
0.676646
0.676227
0.675165
0.673739
0.672182
0.670311
0.667854
0.664892
0.661772
0.658727
0.655782
0.652935
0.650244
0.64776
0.645431
0.643007
0.640172
0.636933
0.633492
0.629684
0.625307
0.62071
0.616552
0.612342
0.606105
0.122159
0.149467
0.172195
0.192643
0.210783
0.226359
0.240595
0.254164
0.267213
0.280121
0.29308
0.305978
0.318756
0.33128
0.343335
0.35492
0.365857
0.375988
0.385149
0.393495
0.401233
0.408439
0.415168
0.421472
0.427397
0.432962
0.438161
0.443079
0.44783
0.452489
0.457243
0.462355
0.467905
0.473866
0.480207
0.486773
0.493353
0.49981
0.506086
0.512212
0.518156
0.523763
0.528965
0.533824
0.538571
0.543535
0.548759
0.554087
0.559484
0.564781
0.56963
0.573952
0.577905
0.581753
0.58602
0.591045
0.596404
0.601514
0.606362
0.611083
0.615614
0.620202
0.625368
0.631105
0.636945
0.642773
0.648734
0.654505
0.659526
0.66382
0.667778
0.671266
0.67372
0.675064
0.675846
0.676397
0.676429
0.675659
0.674331
0.672828
0.671127
0.668949
0.666271
0.663409
0.660624
0.657881
0.655053
0.652273
0.649905
0.648075
0.64628
0.643846
0.640732
0.637252
0.633294
0.628717
0.623905
0.619435
0.614613
0.607718
0.163919
0.183899
0.201395
0.217576
0.232436
0.245253
0.256949
0.268085
0.279157
0.290119
0.301094
0.312329
0.32368
0.334814
0.345583
0.356016
0.365949
0.375382
0.384187
0.392332
0.399938
0.407039
0.413655
0.419914
0.425856
0.431444
0.436735
0.441809
0.446776
0.451797
0.457018
0.462586
0.468589
0.474969
0.481571
0.488205
0.494716
0.50102
0.507153
0.513238
0.519216
0.524878
0.530199
0.535267
0.540206
0.54518
0.550174
0.555126
0.560153
0.565159
0.569802
0.57407
0.578195
0.58234
0.586784
0.591684
0.596619
0.601168
0.605584
0.61019
0.614855
0.619594
0.62481
0.630548
0.636359
0.642068
0.647841
0.653468
0.658424
0.662654
0.666533
0.670031
0.672658
0.674305
0.67546
0.676403
0.676754
0.676119
0.674745
0.673197
0.671635
0.669788
0.667524
0.665094
0.662737
0.66033
0.657673
0.655045
0.653105
0.652001
0.650887
0.648798
0.645693
0.641995
0.637746
0.632927
0.627936
0.623135
0.617775
0.610346
0.203716
0.216726
0.229041
0.24132
0.253056
0.263519
0.272951
0.282031
0.291205
0.30047
0.309865
0.319464
0.329234
0.339011
0.34868
0.358038
0.367111
0.375811
0.384121
0.391987
0.399371
0.406281
0.412747
0.418896
0.424763
0.430318
0.435698
0.441018
0.446291
0.45168
0.457403
0.463467
0.469802
0.476403
0.483141
0.489714
0.495989
0.502086
0.508152
0.514255
0.520273
0.526056
0.531658
0.537072
0.542183
0.54703
0.551679
0.55622
0.560864
0.565544
0.569977
0.574269
0.578692
0.583198
0.587748
0.592396
0.596874
0.60099
0.605169
0.609806
0.61466
0.619526
0.624725
0.630396
0.636134
0.641676
0.64718
0.652587
0.657475
0.661708
0.665559
0.669055
0.671832
0.673796
0.675328
0.676576
0.677062
0.676365
0.674842
0.673266
0.671941
0.670564
0.668874
0.667033
0.665242
0.663328
0.661079
0.658895
0.657553
0.657072
0.656343
0.654335
0.651125
0.64722
0.642779
0.637876
0.632831
0.627767
0.622076
0.614317
0.240758
0.247789
0.255537
0.264061
0.272987
0.28121
0.288809
0.29603
0.30326
0.310891
0.318814
0.326871
0.335113
0.343583
0.35213
0.360536
0.368886
0.377037
0.384897
0.392424
0.399539
0.406257
0.412621
0.418632
0.424385
0.429989
0.435486
0.440957
0.446534
0.452313
0.458349
0.464659
0.471204
0.477875
0.484452
0.490716
0.49672
0.50268
0.508695
0.514791
0.520925
0.527023
0.533061
0.538826
0.544036
0.548738
0.553101
0.557281
0.561543
0.565921
0.570254
0.57473
0.579544
0.584374
0.588905
0.59321
0.597294
0.601182
0.605328
0.61007
0.615069
0.619981
0.625076
0.630576
0.636126
0.641409
0.646598
0.651811
0.65673
0.661079
0.664952
0.668414
0.671304
0.673605
0.675542
0.677029
0.677498
0.676632
0.674993
0.673531
0.672586
0.671751
0.670649
0.669399
0.668197
0.666853
0.665171
0.663588
0.662799
0.662611
0.661867
0.659775
0.656578
0.652755
0.648411
0.643605
0.638558
0.633316
0.627512
0.619687
0.275089
0.277124
0.280976
0.286292
0.292408
0.298459
0.304258
0.309723
0.315253
0.321174
0.327489
0.334127
0.341027
0.348253
0.355702
0.363336
0.371048
0.378782
0.386328
0.39358
0.400484
0.407025
0.413288
0.41925
0.424923
0.430515
0.436157
0.441815
0.447529
0.453449
0.459643
0.466052
0.47256
0.479031
0.485298
0.491256
0.497039
0.502862
0.508811
0.514972
0.521377
0.527914
0.534398
0.540446
0.545717
0.550322
0.554479
0.558339
0.562231
0.566372
0.570746
0.575509
0.58067
0.585647
0.589986
0.593915
0.597751
0.601632
0.605874
0.610705
0.615777
0.620703
0.625655
0.630864
0.636077
0.641055
0.646037
0.651231
0.656303
0.660796
0.664655
0.668057
0.671073
0.673738
0.676056
0.677704
0.678096
0.677112
0.675523
0.674335
0.673803
0.673415
0.672765
0.672017
0.671395
0.670707
0.669748
0.668879
0.668563
0.668432
0.667501
0.665382
0.662449
0.658996
0.654935
0.650272
0.645205
0.639878
0.634059
0.62635
0.306979
0.304822
0.305389
0.307932
0.311393
0.315131
0.318962
0.322837
0.326853
0.331139
0.335885
0.341159
0.346904
0.353052
0.359565
0.366471
0.373666
0.381059
0.3883
0.39524
0.402007
0.408522
0.414624
0.42043
0.426163
0.431876
0.43754
0.443205
0.44899
0.454979
0.461156
0.467455
0.473781
0.480016
0.486034
0.491781
0.497418
0.503149
0.509081
0.515381
0.52211
0.529051
0.535867
0.542092
0.5474
0.551938
0.555912
0.559443
0.562979
0.566974
0.571491
0.576505
0.581784
0.586637
0.590663
0.594288
0.598044
0.602059
0.606453
0.611362
0.616513
0.621488
0.626288
0.631107
0.635903
0.640664
0.645676
0.651034
0.656242
0.660722
0.664438
0.667759
0.670931
0.673925
0.676507
0.678218
0.67859
0.677707
0.676409
0.675597
0.675405
0.67532
0.675037
0.674805
0.674852
0.674951
0.674861
0.674781
0.674891
0.674725
0.673657
0.671699
0.669242
0.666292
0.662572
0.658074
0.653029
0.647688
0.641809
0.634212
0.336435
0.330945
0.328505
0.328388
0.329646
0.331138
0.333003
0.335314
0.337902
0.340826
0.344288
0.34836
0.353036
0.358209
0.363977
0.370261
0.376928
0.383751
0.390598
0.397353
0.403905
0.410186
0.416185
0.422029
0.427837
0.433573
0.439223
0.444897
0.450698
0.456641
0.462707
0.468879
0.475078
0.481188
0.487112
0.492805
0.498396
0.504083
0.510033
0.516476
0.523439
0.530593
0.537545
0.543857
0.549198
0.553659
0.557398
0.560592
0.563865
0.567837
0.572501
0.577565
0.582656
0.587195
0.590929
0.594371
0.598126
0.602314
0.606927
0.612014
0.617313
0.622346
0.626961
0.631381
0.635846
0.640572
0.645778
0.651295
0.656435
0.660625
0.664026
0.667235
0.670557
0.673791
0.676501
0.678257
0.678807
0.678368
0.677642
0.67729
0.677376
0.677552
0.677703
0.678099
0.678877
0.679757
0.680474
0.681059
0.681466
0.681279
0.68027
0.678733
0.676911
0.674509
0.671155
0.666899
0.661985
0.656671
0.650702
0.643163
0.363146
0.355062
0.349847
0.347252
0.346507
0.346409
0.346633
0.347365
0.348729
0.350673
0.353104
0.356073
0.35976
0.364197
0.369223
0.374707
0.380693
0.386933
0.393228
0.399556
0.405814
0.411892
0.417841
0.423768
0.429645
0.435383
0.441022
0.446678
0.452414
0.458247
0.464212
0.470335
0.476548
0.482726
0.488742
0.494493
0.500086
0.505757
0.511721
0.518205
0.525191
0.532332
0.539297
0.545676
0.551045
0.555385
0.558891
0.561871
0.565062
0.569086
0.57379
0.578679
0.583398
0.587583
0.591105
0.594425
0.598166
0.602537
0.607476
0.612868
0.618343
0.623368
0.627778
0.631916
0.636252
0.641089
0.646448
0.651898
0.656678
0.660367
0.663367
0.666443
0.669882
0.673295
0.676125
0.678063
0.679089
0.679435
0.679521
0.679707
0.680067
0.680527
0.681169
0.682195
0.683566
0.684972
0.686194
0.687198
0.687798
0.687719
0.687047
0.686147
0.684986
0.683049
0.680014
0.676044
0.671366
0.66617
0.660287
0.652925
0.386492
0.376381
0.369064
0.364253
0.361791
0.360562
0.359691
0.359358
0.359758
0.360759
0.362332
0.364548
0.367371
0.370936
0.375142
0.379858
0.384948
0.390398
0.396103
0.401926
0.407805
0.413738
0.419748
0.425767
0.431641
0.437321
0.442902
0.448455
0.454004
0.459642
0.465517
0.471702
0.478087
0.484469
0.490657
0.496519
0.502162
0.507829
0.513719
0.520065
0.526903
0.533959
0.540943
0.547397
0.552777
0.557028
0.560448
0.563442
0.566697
0.570747
0.575368
0.579999
0.584327
0.588175
0.591494
0.594683
0.59839
0.602953
0.608271
0.613994
0.61959
0.624544
0.628803
0.63286
0.637275
0.642254
0.647579
0.652685
0.656914
0.660077
0.662753
0.665756
0.669304
0.672895
0.675941
0.678261
0.679987
0.681277
0.682232
0.682954
0.683588
0.684337
0.685424
0.686924
0.688645
0.69033
0.691874
0.693202
0.694047
0.694247
0.694045
0.693717
0.692978
0.691255
0.688397
0.684684
0.680328
0.675445
0.669978
0.663104
0.40582
0.394607
0.386008
0.379464
0.375534
0.373443
0.372054
0.370989
0.370584
0.370931
0.371823
0.373283
0.375421
0.378223
0.381546
0.385341
0.389569
0.39427
0.399339
0.404656
0.410269
0.416209
0.422307
0.428291
0.434025
0.439555
0.444935
0.450154
0.455312
0.460687
0.466524
0.472847
0.479443
0.486049
0.492452
0.498489
0.504209
0.509817
0.515521
0.521641
0.528326
0.535348
0.542381
0.548908
0.554333
0.558607
0.562116
0.565272
0.568628
0.572645
0.577142
0.581554
0.585548
0.589047
0.592114
0.595148
0.59883
0.603575
0.60921
0.615174
0.620833
0.625754
0.630021
0.634201
0.638825
0.643915
0.649051
0.653667
0.657348
0.660151
0.662711
0.665754
0.669403
0.673131
0.676404
0.679153
0.68157
0.683688
0.685358
0.686536
0.687468
0.688557
0.690068
0.691949
0.693964
0.695968
0.697954
0.699733
0.700917
0.701382
0.701458
0.701337
0.700648
0.698914
0.696156
0.692706
0.688766
0.684415
0.679593
0.673453
0.421762
0.40985
0.400498
0.393189
0.388177
0.385119
0.383227
0.381776
0.380735
0.380414
0.380804
0.381753
0.383319
0.385404
0.387971
0.390964
0.394495
0.398552
0.403046
0.408053
0.413648
0.419648
0.425672
0.431452
0.436949
0.442167
0.447049
0.451656
0.45632
0.46147
0.46731
0.473749
0.480526
0.487378
0.494053
0.500283
0.506034
0.511515
0.517012
0.52295
0.529551
0.536571
0.543636
0.550217
0.555716
0.560069
0.563693
0.567001
0.570436
0.574404
0.578808
0.583084
0.586812
0.589969
0.592767
0.595665
0.599347
0.604234
0.610075
0.616184
0.621918
0.626951
0.631434
0.635908
0.640799
0.645971
0.650884
0.655059
0.65835
0.661023
0.663665
0.666808
0.670456
0.674127
0.677432
0.680429
0.683329
0.686041
0.688246
0.689854
0.691216
0.692825
0.69489
0.697241
0.699678
0.702208
0.704823
0.707122
0.708553
0.709047
0.709057
0.708826
0.708042
0.706348
0.703822
0.700764
0.697345
0.693622
0.689428
0.684008
0.435275
0.422642
0.413021
0.405314
0.39959
0.395712
0.393
0.391017
0.389551
0.38874
0.388715
0.389341
0.390472
0.39204
0.394069
0.396527
0.399503
0.403049
0.407255
0.412248
0.417907
0.42383
0.429629
0.435142
0.440293
0.444946
0.449087
0.453031
0.457309
0.462326
0.468162
0.474681
0.48165
0.488785
0.49572
0.502065
0.507766
0.513104
0.518447
0.524267
0.530804
0.537787
0.544804
0.551355
0.556855
0.561194
0.56481
0.568183
0.571691
0.575666
0.580055
0.584294
0.58787
0.590783
0.593385
0.596204
0.599909
0.604903
0.610877
0.617091
0.622959
0.628258
0.633129
0.637999
0.643168
0.648405
0.653143
0.657026
0.66014
0.662865
0.665667
0.668841
0.67228
0.675612
0.678672
0.681692
0.684904
0.688101
0.690831
0.692985
0.694983
0.697318
0.700063
0.702965
0.705888
0.708966
0.712117
0.714726
0.716146
0.716457
0.7163
0.716019
0.715352
0.713962
0.711883
0.709364
0.70652
0.703382
0.699695
0.694824
0.447063
0.433832
0.423838
0.415835
0.409568
0.404854
0.401286
0.398655
0.396819
0.39576
0.395483
0.395871
0.39672
0.398023
0.399671
0.401713
0.404276
0.407572
0.411783
0.416861
0.422482
0.428224
0.433799
0.439024
0.443679
0.447626
0.451089
0.45461
0.458712
0.463665
0.469487
0.476094
0.483269
0.490632
0.497697
0.504027
0.509619
0.514841
0.520089
0.525819
0.532269
0.539144
0.545993
0.552349
0.55768
0.561848
0.565328
0.568704
0.572334
0.576437
0.580941
0.585275
0.58885
0.591675
0.594204
0.597009
0.600752
0.605823
0.611879
0.618164
0.624171
0.62978
0.635097
0.640381
0.645794
0.651065
0.65568
0.65943
0.662561
0.665465
0.668415
0.67148
0.674519
0.677349
0.680067
0.68308
0.686627
0.69038
0.693759
0.69661
0.69935
0.702419
0.705776
0.709105
0.712354
0.715726
0.719066
0.721649
0.72289
0.723093
0.723042
0.723055
0.722773
0.721802
0.720178
0.718171
0.715854
0.71323
0.71004
0.705673
0.457441
0.443959
0.433361
0.424837
0.418023
0.412566
0.408283
0.405115
0.402995
0.401816
0.401422
0.401642
0.402313
0.403349
0.404639
0.406302
0.408625
0.411911
0.416205
0.421271
0.426772
0.432383
0.437797
0.442682
0.446778
0.450159
0.453289
0.456716
0.460796
0.465699
0.471505
0.478192
0.485489
0.492902
0.499903
0.506111
0.511601
0.516784
0.522019
0.527703
0.534056
0.540768
0.547338
0.553338
0.558344
0.562246
0.565549
0.568944
0.572783
0.57715
0.581905
0.586442
0.59012
0.59297
0.595522
0.598363
0.602127
0.607203
0.613239
0.619486
0.625534
0.631375
0.637076
0.642721
0.648323
0.653594
0.658134
0.661901
0.665238
0.668438
0.671527
0.674407
0.677013
0.679425
0.681984
0.685181
0.68919
0.69356
0.697615
0.701151
0.704553
0.708165
0.711877
0.715384
0.71872
0.722116
0.725374
0.727784
0.728959
0.729382
0.729807
0.730319
0.730378
0.729595
0.728156
0.726445
0.72455
0.72245
0.719895
0.716212
0.466297
0.452825
0.441895
0.432634
0.425142
0.419231
0.414531
0.411057
0.408789
0.407531
0.407035
0.407058
0.407467
0.408074
0.408956
0.410327
0.412569
0.415893
0.420162
0.425133
0.430565
0.43612
0.441343
0.44583
0.449501
0.452676
0.455842
0.459353
0.463414
0.468239
0.474006
0.480688
0.487916
0.495152
0.501951
0.508044
0.513551
0.518853
0.524219
0.52995
0.536242
0.542783
0.549025
0.554586
0.559198
0.56283
0.566003
0.569477
0.57359
0.578289
0.583329
0.588061
0.591831
0.594732
0.597362
0.600272
0.604021
0.608985
0.614836
0.620882
0.626836
0.632794
0.638779
0.644707
0.65046
0.655754
0.660314
0.664255
0.667964
0.671574
0.674843
0.677565
0.679863
0.68212
0.684836
0.68843
0.692915
0.697755
0.70229
0.706338
0.710217
0.714176
0.71804
0.721571
0.724892
0.728247
0.73142
0.7338
0.735182
0.736092
0.737064
0.737894
0.737949
0.737016
0.73552
0.73396
0.732466
0.730993
0.729218
0.726423
0.473228
0.460084
0.44918
0.43944
0.431415
0.425311
0.420561
0.417043
0.41471
0.413346
0.412653
0.412339
0.412255
0.412372
0.412895
0.414104
0.416301
0.419548
0.423703
0.428609
0.434001
0.439401
0.444284
0.448414
0.451953
0.455253
0.458591
0.462136
0.466107
0.470833
0.476508
0.483019
0.489952
0.496867
0.503484
0.509622
0.515358
0.520971
0.526627
0.532517
0.538804
0.545197
0.551128
0.556251
0.560479
0.563897
0.567032
0.570646
0.575023
0.579984
0.585199
0.590006
0.593796
0.59676
0.599546
0.602598
0.606329
0.611081
0.616608
0.622343
0.628138
0.634156
0.64035
0.646499
0.652396
0.65778
0.662478
0.666719
0.670885
0.674932
0.678397
0.681045
0.683227
0.685594
0.688685
0.692725
0.697523
0.70254
0.707271
0.711655
0.71594
0.720215
0.724221
0.727781
0.731113
0.734488
0.737697
0.74022
0.741929
0.743244
0.74444
0.745174
0.744952
0.74383
0.742396
0.741157
0.740234
0.739521
0.73857
0.736659
0.478248
0.465551
0.454924
0.445293
0.437185
0.431092
0.426539
0.423166
0.42081
0.419258
0.418197
0.41741
0.416796
0.416564
0.41689
0.418004
0.420084
0.423177
0.427222
0.432028
0.437188
0.442177
0.446642
0.450599
0.454261
0.457765
0.461168
0.464635
0.468508
0.473139
0.478615
0.484752
0.491247
0.497866
0.504473
0.510871
0.517001
0.523028
0.529051
0.535164
0.541479
0.547744
0.553402
0.558154
0.562087
0.565411
0.568632
0.572437
0.577002
0.582051
0.587255
0.592025
0.595842
0.598988
0.602097
0.605436
0.609225
0.613767
0.618933
0.624345
0.630002
0.63608
0.642423
0.648702
0.654693
0.660186
0.665071
0.669611
0.674154
0.678525
0.682135
0.684785
0.687028
0.689678
0.693206
0.697595
0.702499
0.70749
0.712323
0.717067
0.721864
0.726568
0.7308
0.73443
0.737767
0.741129
0.744337
0.746924
0.748746
0.750071
0.751044
0.751422
0.750995
0.750023
0.749073
0.748536
0.748426
0.748541
0.748339
0.74713
0.481786
0.469376
0.459185
0.450081
0.442331
0.436494
0.432232
0.429036
0.426615
0.424782
0.423317
0.422114
0.421232
0.420874
0.421142
0.422179
0.424126
0.427075
0.430935
0.435386
0.44
0.444444
0.448623
0.452618
0.456448
0.460022
0.463376
0.466789
0.47063
0.475115
0.480215
0.485836
0.491909
0.498385
0.505145
0.511881
0.51839
0.524772
0.531122
0.537455
0.543795
0.549936
0.555389
0.559929
0.563782
0.56723
0.570698
0.574735
0.579385
0.58434
0.589394
0.59413
0.598127
0.601687
0.605339
0.609137
0.613107
0.617514
0.622361
0.62748
0.633011
0.639107
0.645479
0.651719
0.657647
0.663131
0.668098
0.672796
0.677522
0.68203
0.685708
0.688439
0.69091
0.693962
0.697914
0.702551
0.707499
0.712528
0.71765
0.722975
0.728453
0.733673
0.738154
0.741815
0.745055
0.748229
0.7512
0.753542
0.755097
0.756071
0.756643
0.75678
0.756488
0.756051
0.755894
0.756249
0.756982
0.757812
0.758192
0.757531
0.48409
0.471929
0.462153
0.453699
0.44657
0.441153
0.437118
0.433981
0.431431
0.429337
0.427647
0.42631
0.425463
0.425158
0.425471
0.426486
0.428346
0.431093
0.434524
0.438335
0.442308
0.446369
0.450499
0.454604
0.458493
0.462045
0.465412
0.46889
0.472683
0.476848
0.481413
0.48652
0.492319
0.49878
0.505678
0.51261
0.519324
0.525915
0.532496
0.539
0.545352
0.551409
0.556814
0.561433
0.565549
0.569397
0.573252
0.577511
0.582135
0.586873
0.591736
0.596528
0.600912
0.605107
0.609455
0.613798
0.618021
0.622364
0.62693
0.631742
0.637082
0.643072
0.649291
0.65527
0.660905
0.666173
0.671044
0.675734
0.680488
0.68503
0.68878
0.691713
0.694568
0.698116
0.702493
0.707359
0.712436
0.71774
0.723439
0.729554
0.735757
0.741423
0.746055
0.749667
0.752721
0.755572
0.758103
0.759959
0.761056
0.761668
0.762072
0.762341
0.762488
0.76269
0.763232
0.764241
0.765501
0.766747
0.767499
0.767368
0.48523
0.473513
0.464118
0.456255
0.449719
0.444632
0.440659
0.437455
0.434791
0.432599
0.430913
0.429739
0.429111
0.42901
0.429471
0.430529
0.432268
0.434639
0.437463
0.440651
0.444232
0.448208
0.452418
0.45658
0.460472
0.464084
0.467592
0.47112
0.474678
0.478346
0.482379
0.487142
0.49282
0.49925
0.506094
0.512983
0.519724
0.526406
0.533118
0.539725
0.546099
0.552198
0.557813
0.562865
0.567577
0.572016
0.576271
0.580651
0.585133
0.589595
0.594285
0.599214
0.604091
0.609001
0.614053
0.618902
0.62336
0.627664
0.631978
0.636464
0.641531
0.64729
0.653213
0.658785
0.663975
0.668884
0.673552
0.678189
0.682986
0.687627
0.691557
0.694815
0.698156
0.702233
0.707017
0.712119
0.71741
0.723137
0.729516
0.736383
0.743133
0.749039
0.753688
0.757235
0.760151
0.762731
0.764851
0.766271
0.767064
0.767618
0.76824
0.768923
0.769561
0.770223
0.771126
0.772348
0.77372
0.775083
0.77608
0.776535
0.485407
0.474353
0.465423
0.457936
0.451694
0.446706
0.442655
0.439329
0.436598
0.434471
0.432972
0.432134
0.431848
0.432072
0.432737
0.433816
0.435329
0.43725
0.439596
0.442494
0.446031
0.450087
0.454354
0.458532
0.462499
0.46627
0.469871
0.473234
0.476368
0.479571
0.48331
0.487963
0.493574
0.499845
0.506436
0.513128
0.519811
0.526501
0.533224
0.539842
0.546276
0.552591
0.558664
0.564385
0.569828
0.574841
0.579368
0.583725
0.587993
0.592197
0.59676
0.601835
0.607175
0.612742
0.618412
0.623679
0.628334
0.632636
0.636786
0.641029
0.645864
0.651396
0.65702
0.662194
0.666957
0.671524
0.676026
0.680694
0.685662
0.690543
0.694762
0.698393
0.702189
0.706717
0.711823
0.717107
0.722579
0.72864
0.735502
0.742814
0.749798
0.755737
0.760371
0.763955
0.766904
0.769405
0.771334
0.772576
0.773358
0.774108
0.775056
0.776081
0.777014
0.777916
0.778958
0.780182
0.781523
0.782958
0.784268
0.785362
0.484901
0.474612
0.46619
0.458847
0.452586
0.447495
0.443265
0.439787
0.437046
0.4351
0.433956
0.43354
0.43368
0.434248
0.435077
0.43611
0.437383
0.439024
0.44123
0.444169
0.447814
0.451929
0.4562
0.460421
0.464507
0.468348
0.471804
0.474813
0.477587
0.480634
0.484417
0.489114
0.494611
0.500612
0.506882
0.513342
0.519902
0.526471
0.533038
0.539567
0.546094
0.552751
0.559373
0.565742
0.571798
0.577232
0.581911
0.586206
0.590314
0.594381
0.598907
0.604118
0.609828
0.615947
0.622161
0.627808
0.632671
0.637066
0.641233
0.645459
0.650258
0.655693
0.661114
0.665996
0.670452
0.674793
0.679225
0.684
0.689201
0.694356
0.698855
0.702794
0.706931
0.711765
0.717068
0.722434
0.727966
0.734142
0.741155
0.74855
0.755519
0.761438
0.766182
0.77
0.773179
0.775787
0.777729
0.779
0.779882
0.780747
0.781736
0.782756
0.783746
0.784805
0.786022
0.787386
0.78889
0.790615
0.79242
0.794189
0.48387
0.474325
0.466346
0.459035
0.452576
0.447246
0.442798
0.43921
0.4366
0.434995
0.434333
0.434376
0.434926
0.435742
0.436648
0.437611
0.438777
0.440407
0.442723
0.445794
0.449504
0.453615
0.457887
0.462149
0.466231
0.469899
0.473034
0.475775
0.478529
0.481803
0.485842
0.490584
0.495892
0.501605
0.507587
0.51378
0.520073
0.526325
0.532584
0.538964
0.545599
0.552591
0.559647
0.566443
0.572886
0.578638
0.583533
0.587939
0.592096
0.596219
0.60084
0.606208
0.612216
0.618792
0.625494
0.631525
0.636656
0.641263
0.645644
0.650105
0.6551
0.660582
0.665861
0.670497
0.674728
0.678937
0.683348
0.688195
0.693517
0.698807
0.703466
0.707623
0.712028
0.717101
0.722537
0.727928
0.733436
0.739579
0.74653
0.753822
0.760725
0.766741
0.771801
0.776051
0.779589
0.782388
0.784394
0.785684
0.786514
0.787188
0.787878
0.788677
0.78969
0.790983
0.792522
0.794243
0.796133
0.798338
0.800699
0.803129
0.482337
0.473386
0.465743
0.458429
0.451716
0.446144
0.441628
0.438188
0.435941
0.434847
0.434688
0.43515
0.435972
0.436888
0.43778
0.438698
0.439906
0.441679
0.444143
0.447297
0.451028
0.455143
0.459415
0.463605
0.467461
0.470797
0.473694
0.476489
0.479573
0.48324
0.487503
0.492197
0.497281
0.502749
0.508453
0.514272
0.520117
0.525935
0.531878
0.538135
0.544841
0.552014
0.559253
0.56622
0.572907
0.579038
0.5844
0.589227
0.593687
0.59804
0.602862
0.608422
0.614682
0.621616
0.628713
0.635097
0.640539
0.645453
0.650183
0.655031
0.660344
0.665913
0.671014
0.675355
0.679355
0.683465
0.687861
0.692693
0.697956
0.703185
0.707892
0.712275
0.717031
0.722436
0.728065
0.733514
0.739014
0.745121
0.751998
0.759211
0.766129
0.772371
0.777863
0.782602
0.786494
0.789434
0.791404
0.792535
0.793088
0.793399
0.793809
0.794589
0.795862
0.797549
0.799492
0.801594
0.803855
0.806462
0.809217
0.812173
0.480145
0.471556
0.464116
0.456815
0.450005
0.444463
0.440243
0.437323
0.435652
0.435112
0.435363
0.43608
0.436951
0.437796
0.438593
0.439502
0.440825
0.442767
0.445378
0.448642
0.452458
0.456613
0.46081
0.464756
0.46826
0.47133
0.474247
0.477363
0.480855
0.484788
0.489102
0.493674
0.498556
0.503797
0.509184
0.514549
0.519918
0.5254
0.531193
0.53739
0.544024
0.551093
0.558233
0.565211
0.57214
0.578803
0.584885
0.590382
0.595304
0.599959
0.605014
0.610777
0.617256
0.624445
0.631803
0.63846
0.644226
0.64952
0.654666
0.659931
0.665543
0.671143
0.675997
0.679998
0.68377
0.687824
0.692244
0.697051
0.702186
0.707287
0.712055
0.716794
0.722098
0.72802
0.733972
0.739562
0.74512
0.751263
0.758144
0.765347
0.772317
0.778758
0.78458
0.789657
0.793749
0.796678
0.798454
0.799266
0.799479
0.799581
0.800073
0.801246
0.803045
0.805213
0.807515
0.809853
0.812296
0.815066
0.817998
0.821248
0.476965
0.468578
0.461261
0.454153
0.447664
0.442616
0.43907
0.436877
0.435833
0.435708
0.436164
0.436854
0.437518
0.438135
0.438809
0.439776
0.441289
0.443474
0.446351
0.44987
0.45386
0.458024
0.462022
0.465628
0.468841
0.471854
0.474982
0.478427
0.482145
0.486111
0.490352
0.494813
0.499533
0.504535
0.509598
0.514606
0.519722
0.525137
0.530953
0.537045
0.54334
0.549956
0.556763
0.563706
0.570955
0.578247
0.585128
0.591348
0.596757
0.601717
0.607003
0.612972
0.619664
0.627055
0.634579
0.641437
0.647534
0.653268
0.658864
0.664507
0.670328
0.675883
0.680487
0.684217
0.687866
0.69197
0.69652
0.701404
0.706515
0.7116
0.716558
0.721798
0.727794
0.734346
0.740711
0.746512
0.752194
0.758424
0.76534
0.772513
0.77945
0.785918
0.791832
0.796992
0.801075
0.803857
0.805381
0.805928
0.806003
0.806231
0.807118
0.808811
0.811076
0.813576
0.816071
0.818496
0.820984
0.823782
0.826803
0.830163
0.472604
0.46447
0.457382
0.450805
0.445086
0.440865
0.438119
0.436591
0.435996
0.436016
0.436356
0.436703
0.436982
0.43734
0.437999
0.439187
0.441059
0.443679
0.447009
0.450893
0.455043
0.459115
0.462842
0.466175
0.469291
0.472427
0.475779
0.479389
0.483131
0.487021
0.491194
0.495587
0.500143
0.5049
0.509751
0.514687
0.519889
0.52545
0.531273
0.537042
0.542696
0.54861
0.554981
0.561931
0.569564
0.577463
0.58503
0.591856
0.59771
0.603005
0.608566
0.614773
0.621698
0.629299
0.636973
0.644006
0.650421
0.656593
0.662625
0.668595
0.674556
0.680049
0.684499
0.688153
0.691886
0.696197
0.70099
0.706078
0.711331
0.716577
0.721858
0.727638
0.734283
0.741402
0.748153
0.754202
0.760069
0.766413
0.773326
0.780373
0.787142
0.793478
0.799318
0.804412
0.80839
0.811046
0.812486
0.813088
0.813404
0.814009
0.81525
0.817144
0.819474
0.821971
0.824444
0.826866
0.829378
0.832233
0.835346
0.838744
0.467311
0.459648
0.453049
0.447244
0.442443
0.439057
0.43694
0.435811
0.43532
0.43514
0.435036
0.434883
0.434817
0.435099
0.435986
0.437621
0.440065
0.443296
0.447149
0.451341
0.455532
0.459443
0.462969
0.466228
0.469463
0.472814
0.476328
0.479995
0.483721
0.487567
0.491687
0.495965
0.500304
0.504853
0.509697
0.514872
0.520391
0.526093
0.53171
0.536908
0.541794
0.547024
0.553054
0.560095
0.568108
0.576486
0.584532
0.591784
0.598027
0.603725
0.609656
0.616153
0.623331
0.631151
0.638984
0.646179
0.652855
0.659379
0.665774
0.672046
0.678185
0.683734
0.688237
0.692075
0.696125
0.700792
0.705901
0.711246
0.716725
0.722223
0.727853
0.734079
0.741175
0.748653
0.755671
0.761967
0.768071
0.774558
0.781422
0.788259
0.794779
0.800944
0.806701
0.811753
0.815707
0.818425
0.820108
0.821156
0.821999
0.822981
0.82429
0.825989
0.828048
0.830325
0.832669
0.835064
0.837603
0.840547
0.843701
0.847067
0.461653
0.454648
0.448716
0.443643
0.439563
0.436754
0.434935
0.433827
0.433074
0.432422
0.431763
0.431232
0.43109
0.431604
0.43296
0.435205
0.438321
0.442153
0.446397
0.450719
0.454849
0.458656
0.462184
0.465614
0.469136
0.472761
0.476437
0.480184
0.483955
0.487765
0.491717
0.495727
0.4998
0.504253
0.509287
0.51486
0.520702
0.526388
0.531602
0.53618
0.540479
0.545323
0.551239
0.558416
0.566691
0.575345
0.583651
0.591157
0.597729
0.603882
0.610279
0.617133
0.624574
0.632594
0.64057
0.647911
0.654791
0.661572
0.668276
0.674909
0.681407
0.687273
0.692117
0.696394
0.700943
0.706055
0.711493
0.717067
0.722727
0.728419
0.734299
0.740807
0.748133
0.755759
0.762908
0.769409
0.775764
0.782409
0.789223
0.795845
0.80213
0.808162
0.81389
0.818974
0.823034
0.826014
0.828175
0.829815
0.831131
0.83226
0.833407
0.834844
0.836706
0.838887
0.841216
0.843625
0.846182
0.849133
0.852214
0.855398
0.456076
0.449735
0.444427
0.439857
0.436155
0.433553
0.431688
0.430259
0.429038
0.427897
0.426901
0.426319
0.426414
0.427389
0.429319
0.432183
0.435868
0.440091
0.444488
0.448792
0.452871
0.456736
0.460494
0.46428
0.468185
0.472135
0.476039
0.479926
0.483733
0.487386
0.490982
0.494601
0.49846
0.502977
0.5083
0.514204
0.520194
0.525727
0.530557
0.534741
0.538836
0.543671
0.549661
0.55691
0.565218
0.573908
0.582307
0.589966
0.596829
0.603468
0.610428
0.617755
0.625527
0.633741
0.64183
0.649311
0.656405
0.66345
0.670499
0.677622
0.684708
0.691169
0.696602
0.70148
0.706589
0.712136
0.71786
0.723594
0.729331
0.735086
0.741068
0.747715
0.755152
0.762832
0.770043
0.7767
0.78328
0.790088
0.796906
0.803401
0.809538
0.815474
0.821167
0.826278
0.83049
0.833805
0.836434
0.838485
0.839958
0.840994
0.842002
0.843439
0.845445
0.847827
0.850329
0.85282
0.855374
0.858201
0.861101
0.863944
0.450665
0.444823
0.439951
0.435638
0.431994
0.429268
0.427112
0.425254
0.423641
0.422283
0.42133
0.421
0.421509
0.422996
0.425466
0.428818
0.43283
0.437166
0.441526
0.445766
0.449874
0.453932
0.458037
0.462238
0.466544
0.470854
0.475034
0.479055
0.482802
0.48617
0.489345
0.492632
0.496421
0.501102
0.506629
0.512609
0.518509
0.523863
0.528534
0.532687
0.536927
0.541976
0.548084
0.555274
0.563397
0.571955
0.580391
0.588232
0.595438
0.602631
0.610265
0.618226
0.626463
0.634901
0.643054
0.65065
0.658008
0.665416
0.672915
0.680612
0.688364
0.695497
0.701578
0.707061
0.712675
0.718582
0.724532
0.730391
0.736168
0.741929
0.747959
0.754719
0.762282
0.770056
0.777369
0.784192
0.790994
0.797991
0.804903
0.811392
0.817471
0.823312
0.828894
0.833951
0.838264
0.841856
0.844803
0.847032
0.848494
0.849492
0.850632
0.852379
0.854757
0.857464
0.860164
0.862715
0.865192
0.867787
0.870385
0.872775
0.445245
0.439658
0.435006
0.430755
0.426942
0.423926
0.421459
0.419362
0.417651
0.416424
0.415792
0.415868
0.416834
0.418798
0.421707
0.42535
0.42943
0.433668
0.43789
0.442063
0.446232
0.450488
0.454903
0.459468
0.464151
0.46883
0.4733
0.477426
0.481072
0.484207
0.487136
0.490289
0.494097
0.498832
0.504278
0.510002
0.51562
0.520868
0.525666
0.530094
0.534649
0.539936
0.546121
0.553195
0.561077
0.569486
0.578018
0.586165
0.593848
0.601683
0.610054
0.618733
0.627511
0.636169
0.644306
0.651943
0.659573
0.667434
0.675468
0.683721
0.691999
0.699627
0.706219
0.712227
0.7183
0.72455
0.730752
0.736812
0.742749
0.748652
0.754862
0.761848
0.769637
0.777599
0.785102
0.792169
0.799256
0.806503
0.813565
0.820093
0.826106
0.831789
0.837164
0.842071
0.846392
0.850143
0.853295
0.855699
0.857369
0.858721
0.860342
0.862557
0.865292
0.868209
0.870966
0.873444
0.875685
0.877934
0.880045
0.881842
0.439538
0.43397
0.429332
0.425009
0.420979
0.417725
0.41515
0.413124
0.411624
0.410744
0.410536
0.411087
0.412539
0.414943
0.418157
0.421879
0.425837
0.429865
0.433896
0.437967
0.44214
0.446497
0.451113
0.45597
0.461006
0.466064
0.47085
0.475138
0.478818
0.481969
0.484942
0.48811
0.491818
0.496275
0.50128
0.506516
0.51181
0.517083
0.522218
0.527076
0.531961
0.537413
0.543647
0.550674
0.558424
0.566768
0.575456
0.583986
0.592227
0.60072
0.609752
0.619045
0.628284
0.637106
0.645178
0.652813
0.660713
0.669078
0.677701
0.686463
0.695086
0.702979
0.709929
0.716443
0.723061
0.72979
0.736406
0.742855
0.74918
0.755482
0.762111
0.769493
0.777588
0.785769
0.793497
0.800877
0.80832
0.81585
0.823028
0.829505
0.835336
0.840768
0.845879
0.850591
0.854845
0.858662
0.862007
0.864771
0.867007
0.869047
0.871291
0.873942
0.876921
0.879911
0.882603
0.884865
0.886704
0.888442
0.889873
0.890893
0.433245
0.427528
0.422747
0.418313
0.4142
0.410906
0.408456
0.406715
0.405597
0.405141
0.40541
0.4065
0.408461
0.411227
0.414565
0.418187
0.421933
0.42573
0.429557
0.433487
0.437599
0.441978
0.446724
0.451834
0.457211
0.462655
0.467826
0.472449
0.476428
0.479882
0.483092
0.486256
0.48961
0.493453
0.497814
0.50258
0.507692
0.513118
0.51864
0.523905
0.529033
0.534556
0.540826
0.547905
0.555657
0.563998
0.572802
0.581645
0.590392
0.599449
0.608965
0.618656
0.628207
0.637178
0.645289
0.653055
0.661306
0.670217
0.679456
0.688733
0.697662
0.705766
0.713071
0.720176
0.727502
0.734905
0.742122
0.749127
0.756
0.762866
0.770054
0.777904
0.786291
0.79463
0.802528
0.8102
0.817991
0.825759
0.83296
0.839273
0.84486
0.850052
0.854976
0.859575
0.863813
0.867739
0.871376
0.87465
0.877527
0.880157
0.882814
0.885727
0.888848
0.891861
0.894437
0.896373
0.897702
0.898749
0.8994
0.899557
0.426162
0.420245
0.415265
0.410767
0.406743
0.403594
0.401368
0.399967
0.399283
0.399302
0.4001
0.401718
0.404085
0.407029
0.410313
0.413768
0.417345
0.420997
0.424696
0.428526
0.432587
0.436974
0.441817
0.44714
0.452815
0.45863
0.464275
0.469458
0.47401
0.477951
0.481422
0.484475
0.487333
0.490498
0.494321
0.498857
0.503993
0.509591
0.515344
0.520813
0.526035
0.531545
0.53783
0.544997
0.552817
0.561173
0.570006
0.579012
0.588122
0.59761
0.607456
0.617398
0.62719
0.636402
0.644801
0.652971
0.66172
0.671176
0.680985
0.690781
0.700106
0.708567
0.71637
0.724175
0.732286
0.740429
0.748299
0.755881
0.76328
0.770657
0.778336
0.786578
0.795179
0.803602
0.811606
0.819491
0.827526
0.835422
0.842586
0.848774
0.854269
0.859449
0.864431
0.869139
0.873561
0.8778
0.881888
0.885664
0.888938
0.891769
0.894516
0.897505
0.900667
0.903621
0.905955
0.907439
0.908171
0.908451
0.908344
0.907723
0.418311
0.412253
0.407124
0.402609
0.398729
0.395802
0.393808
0.392728
0.392472
0.39297
0.394224
0.396167
0.398673
0.40159
0.404781
0.40818
0.411769
0.415472
0.419218
0.423068
0.427127
0.431498
0.436354
0.441778
0.447665
0.453837
0.460051
0.465992
0.471308
0.475798
0.479477
0.482399
0.484893
0.487653
0.491258
0.495826
0.501079
0.506708
0.512396
0.517802
0.52299
0.528476
0.534796
0.542066
0.549986
0.558385
0.567203
0.576244
0.585552
0.595322
0.605406
0.61557
0.625647
0.635236
0.644145
0.652933
0.662271
0.672212
0.682469
0.69274
0.702575
0.711617
0.720126
0.728712
0.737559
0.746335
0.754751
0.762804
0.770593
0.778308
0.786293
0.794779
0.803525
0.812029
0.820139
0.828171
0.836324
0.844247
0.851408
0.857685
0.863419
0.868934
0.874251
0.879279
0.884073
0.88878
0.893356
0.897477
0.900866
0.903676
0.906417
0.909415
0.912498
0.915206
0.91709
0.918012
0.918094
0.91771
0.916978
0.91572
0.409951
0.403826
0.398641
0.394111
0.390332
0.387613
0.385866
0.385068
0.385129
0.38593
0.38735
0.389283
0.391675
0.394513
0.397764
0.401358
0.405207
0.40918
0.413145
0.417107
0.421153
0.42541
0.430127
0.435512
0.441557
0.448128
0.455008
0.461799
0.467922
0.472936
0.4768
0.47972
0.482194
0.484989
0.488717
0.49345
0.498764
0.504239
0.509635
0.514828
0.519979
0.525547
0.532008
0.539428
0.547468
0.555925
0.564698
0.57366
0.582983
0.592857
0.603101
0.61353
0.623991
0.634065
0.643578
0.653036
0.662961
0.673344
0.683998
0.694739
0.705176
0.714979
0.724358
0.733767
0.743251
0.752487
0.761276
0.769652
0.777694
0.785599
0.793744
0.802364
0.811218
0.81983
0.828075
0.836239
0.844459
0.852417
0.859718
0.866362
0.872648
0.878744
0.884542
0.889956
0.895124
0.900212
0.905076
0.909309
0.912709
0.915582
0.918434
0.921431
0.924303
0.926578
0.927925
0.928328
0.927873
0.927045
0.925864
0.924057
0.40141
0.39524
0.390072
0.385553
0.381841
0.379294
0.377771
0.377133
0.377254
0.377994
0.379221
0.380912
0.383153
0.38605
0.389588
0.393596
0.397885
0.402256
0.406495
0.410542
0.41449
0.418522
0.422996
0.428289
0.43453
0.441591
0.449166
0.456718
0.463501
0.468942
0.473032
0.476185
0.479043
0.482293
0.486396
0.491333
0.496643
0.501906
0.507006
0.512033
0.51725
0.523046
0.529775
0.537388
0.545522
0.553972
0.56261
0.571377
0.580561
0.590398
0.600761
0.611525
0.622477
0.633103
0.643217
0.65329
0.663763
0.674629
0.685782
0.697087
0.708178
0.718758
0.72899
0.739158
0.749168
0.758725
0.767744
0.776309
0.784502
0.792534
0.800807
0.809548
0.818505
0.827226
0.835615
0.843938
0.852303
0.860456
0.868121
0.875343
0.882315
0.889034
0.895305
0.901072
0.906524
0.91181
0.916746
0.920991
0.924496
0.927583
0.930569
0.933459
0.935986
0.9378
0.938759
0.938851
0.938134
0.937023
0.935464
0.933115
0.392922
0.386674
0.381577
0.377159
0.373532
0.371086
0.369642
0.368945
0.368831
0.369204
0.370065
0.371534
0.373776
0.376898
0.380818
0.385291
0.390053
0.39481
0.399254
0.403287
0.407059
0.410857
0.415139
0.420421
0.42693
0.434492
0.442624
0.450652
0.457809
0.463567
0.468001
0.471669
0.475259
0.479272
0.483925
0.489109
0.494432
0.499577
0.504544
0.509564
0.514954
0.521056
0.528114
0.53594
0.544117
0.552448
0.560833
0.569341
0.57837
0.58817
0.598674
0.60981
0.621264
0.632405
0.643028
0.653602
0.664559
0.67596
0.687744
0.699713
0.711435
0.722645
0.733528
0.744286
0.754731
0.764583
0.773816
0.78254
0.790865
0.79906
0.80755
0.816514
0.82564
0.834494
0.843043
0.851595
0.860265
0.868816
0.877004
0.884833
0.892388
0.899576
0.906211
0.912289
0.918009
0.923493
0.928585
0.933049
0.93686
0.940183
0.943156
0.945794
0.947955
0.949477
0.950296
0.95029
0.949481
0.948056
0.946002
0.943009
0.384524
0.37814
0.373128
0.368882
0.365345
0.362887
0.361327
0.360395
0.359931
0.359922
0.360516
0.36192
0.364289
0.367658
0.371895
0.376745
0.381892
0.386938
0.391487
0.395441
0.399048
0.40272
0.406986
0.412387
0.419167
0.427073
0.435472
0.443622
0.450886
0.456921
0.461873
0.466306
0.470834
0.475745
0.48103
0.486514
0.491922
0.497084
0.502109
0.507289
0.512941
0.51938
0.526782
0.534838
0.543054
0.551209
0.559282
0.567551
0.576521
0.586382
0.597046
0.608447
0.620201
0.631636
0.642588
0.653531
0.664902
0.676834
0.689289
0.701942
0.714247
0.725967
0.737357
0.748614
0.759526
0.769812
0.77943
0.788457
0.797031
0.805515
0.814372
0.82371
0.83313
0.842214
0.851016
0.8599
0.868981
0.87798
0.886613
0.894833
0.902682
0.910081
0.916915
0.923241
0.929273
0.935134
0.940694
0.945691
0.949942
0.953441
0.956333
0.958772
0.960757
0.962234
0.963047
0.962998
0.961976
0.960077
0.957334
0.953545
0.375988
0.369417
0.364418
0.36029
0.356813
0.354275
0.352547
0.351412
0.350746
0.350591
0.351127
0.352563
0.355045
0.358583
0.363046
0.368169
0.373568
0.378763
0.383335
0.387219
0.390754
0.394461
0.398894
0.404517
0.411486
0.419496
0.42787
0.4359
0.44315
0.449493
0.45509
0.460378
0.465825
0.471565
0.477455
0.483287
0.488878
0.494183
0.499428
0.504935
0.510971
0.517798
0.525535
0.53381
0.542083
0.550083
0.55787
0.565953
0.574944
0.584927
0.595705
0.607156
0.61889
0.630344
0.641479
0.652762
0.664565
0.677023
0.690088
0.703354
0.716221
0.7285
0.740494
0.752377
0.763922
0.774851
0.785083
0.794625
0.803628
0.812538
0.821854
0.831627
0.84142
0.850852
0.860049
0.869369
0.878843
0.888123
0.89691
0.905195
0.913073
0.920515
0.927456
0.934004
0.940407
0.946806
0.953021
0.958626
0.963266
0.966932
0.969902
0.972407
0.974476
0.976003
0.976743
0.976515
0.975034
0.972513
0.968987
0.964348
0.366843
0.360045
0.354923
0.350783
0.34736
0.344842
0.34312
0.342009
0.341407
0.341359
0.341989
0.343489
0.346045
0.349728
0.354397
0.359699
0.365168
0.370322
0.374823
0.378682
0.382286
0.386198
0.390948
0.396863
0.403951
0.411896
0.420097
0.427949
0.435184
0.441834
0.448036
0.454062
0.460236
0.46662
0.473041
0.479292
0.485208
0.490803
0.496396
0.502356
0.508884
0.516137
0.524141
0.532535
0.540835
0.548752
0.556384
0.564393
0.573445
0.58354
0.594382
0.605764
0.617324
0.628705
0.640047
0.651767
0.664085
0.677049
0.690577
0.704269
0.71762
0.73055
0.743344
0.756056
0.768387
0.780068
0.791005
0.801173
0.810726
0.820142
0.829919
0.840081
0.850227
0.860075
0.869777
0.879584
0.889357
0.898685
0.907356
0.915516
0.923363
0.930894
0.938036
0.94492
0.951824
0.958848
0.965673
0.971729
0.97667
0.980625
0.983917
0.986678
0.988854
0.990263
0.990739
0.990109
0.98806
0.98486
0.980574
0.975146
0.356569
0.349513
0.344184
0.339985
0.336683
0.3344
0.332953
0.332114
0.331776
0.331974
0.332812
0.33448
0.337204
0.34108
0.345898
0.351198
0.356495
0.361407
0.365753
0.36966
0.373513
0.377816
0.383013
0.389281
0.396488
0.404339
0.412382
0.420125
0.427382
0.434265
0.440894
0.447446
0.454149
0.461035
0.467947
0.474693
0.481078
0.487094
0.493102
0.499522
0.506522
0.514154
0.522326
0.530732
0.539045
0.547018
0.554745
0.562892
0.572067
0.582237
0.593123
0.604486
0.615988
0.627448
0.63913
0.651357
0.664176
0.67753
0.691311
0.705195
0.718876
0.732432
0.746087
0.759698
0.772845
0.78526
0.796876
0.807673
0.817818
0.827781
0.838014
0.848525
0.859002
0.86929
0.879529
0.889792
0.899762
0.909017
0.917514
0.925585
0.933503
0.941245
0.948728
0.956104
0.963631
0.971285
0.978604
0.985023
0.990355
0.994795
0.9985
1.00143
1.00345
1.00449
1.00456
1.00341
1.00084
0.996989
0.992012
0.985848
0.34494
0.337628
0.332127
0.327956
0.324878
0.322966
0.321942
0.32152
0.321558
0.3221
0.323299
0.325337
0.328375
0.332417
0.337169
0.342183
0.347095
0.351674
0.355888
0.359965
0.36425
0.369096
0.374812
0.381468
0.38885
0.396704
0.404726
0.412506
0.419861
0.426909
0.433795
0.440701
0.447825
0.455165
0.462551
0.46981
0.476714
0.48321
0.489637
0.496439
0.503796
0.511709
0.520013
0.528467
0.536897
0.545107
0.553171
0.561651
0.570997
0.581189
0.592097
0.603556
0.615248
0.627058
0.639226
0.651931
0.665113
0.678702
0.692611
0.706596
0.720526
0.734599
0.748966
0.763322
0.777169
0.79025
0.802505
0.813905
0.824617
0.835106
0.845783
0.856661
0.867516
0.878277
0.889037
0.899694
0.909826
0.919082
0.927587
0.935768
0.943887
0.951886
0.959718
0.967578
0.975668
0.983825
0.991544
0.998395
1.00429
1.00926
1.01323
1.01605
1.0177
1.0183
1.01795
1.01638
1.01333
1.00891
1.00332
0.996505
0.332265
0.324736
0.319151
0.315107
0.312295
0.310716
0.310089
0.310118
0.310628
0.311647
0.313347
0.315857
0.31919
0.323207
0.327613
0.332129
0.336613
0.340957
0.345175
0.349535
0.354324
0.359726
0.36593
0.372984
0.380665
0.38874
0.396979
0.404998
0.412572
0.419793
0.426851
0.434009
0.441497
0.449274
0.457123
0.464876
0.472286
0.479272
0.486118
0.493247
0.500867
0.508991
0.517466
0.526122
0.534838
0.543409
0.55188
0.560714
0.570229
0.580449
0.591435
0.60314
0.615273
0.62768
0.640451
0.653588
0.66701
0.68075
0.694795
0.708946
0.723128
0.737555
0.75231
0.767051
0.781341
0.79497
0.807821
0.81977
0.830949
0.841846
0.852895
0.864151
0.875462
0.886774
0.898086
0.909168
0.91958
0.929088
0.937915
0.94647
0.954932
0.963233
0.971392
0.979638
0.988105
0.996575
1.00463
1.01194
1.01834
1.02363
1.0276
1.03017
1.03145
1.03176
1.03108
1.0292
1.02568
1.02076
1.01469
1.00742
0.319232
0.311507
0.305871
0.301941
0.299327
0.29797
0.297629
0.298069
0.299096
0.300661
0.302837
0.305661
0.309051
0.312831
0.3168
0.320872
0.325083
0.329374
0.333715
0.338351
0.343543
0.349379
0.355995
0.363489
0.371673
0.380269
0.388992
0.397426
0.405318
0.412751
0.419971
0.42735
0.43518
0.443401
0.451751
0.460035
0.467974
0.475454
0.482704
0.490126
0.497977
0.506303
0.51501
0.524011
0.533148
0.542117
0.550941
0.560055
0.569757
0.580163
0.591447
0.603591
0.616305
0.629379
0.642735
0.656238
0.669846
0.683716
0.6979
0.712205
0.726546
0.741086
0.755871
0.770646
0.78514
0.799205
0.812602
0.825045
0.836607
0.847816
0.859181
0.870832
0.882672
0.894632
0.906608
0.918277
0.929206
0.939241
0.948637
0.957737
0.966659
0.975363
0.983912
0.992511
1.00125
1.00994
1.01827
1.02591
1.03255
1.03789
1.04176
1.04416
1.04529
1.0454
1.04447
1.04227
1.03834
1.03303
1.02666
1.01916
0.306473
0.298531
0.292804
0.288868
0.286313
0.285082
0.284921
0.285634
0.287044
0.289001
0.291423
0.294265
0.297476
0.300999
0.30474
0.308658
0.312821
0.317175
0.321634
0.326421
0.331834
0.33797
0.344967
0.352988
0.361858
0.371193
0.380558
0.389473
0.397704
0.405387
0.412834
0.420506
0.428752
0.437491
0.446427
0.455316
0.463825
0.471778
0.479379
0.487054
0.49516
0.503778
0.512837
0.522294
0.53191
0.541276
0.550406
0.559761
0.569721
0.580524
0.592334
0.60502
0.618246
0.631804
0.645558
0.659346
0.673179
0.687236
0.701523
0.715831
0.730107
0.744531
0.759181
0.773924
0.788623
0.803123
0.817036
0.82994
0.841895
0.853478
0.865249
0.877377
0.889803
0.902466
0.915202
0.927619
0.93926
0.949974
0.960001
0.969653
0.979052
0.988195
0.997148
1.00607
1.01503
1.02391
1.03242
1.04018
1.04686
1.05225
1.0562
1.05865
1.05976
1.05967
1.05852
1.05601
1.05186
1.04637
1.0399
1.03229
0.294243
0.286071
0.280209
0.276143
0.273484
0.27225
0.272131
0.272879
0.274337
0.276337
0.278715
0.2814
0.28444
0.287924
0.291781
0.295858
0.300145
0.304587
0.309094
0.313899
0.319392
0.32575
0.333128
0.341698
0.35127
0.361342
0.371331
0.380705
0.389292
0.3973
0.405103
0.413222
0.422028
0.431395
0.440986
0.450491
0.459557
0.467955
0.475892
0.483868
0.492351
0.501447
0.511033
0.521012
0.531061
0.540754
0.550155
0.559757
0.570033
0.581325
0.593709
0.606869
0.620422
0.63423
0.648232
0.662335
0.676566
0.690975
0.705385
0.719558
0.73358
0.74779
0.762371
0.777273
0.792359
0.80735
0.821717
0.835026
0.847426
0.85955
0.871912
0.884636
0.897677
0.911018
0.924505
0.937701
0.950105
0.96153
0.972195
0.982404
0.992281
1.00182
1.01108
1.02021
1.02931
1.03828
1.04682
1.05459
1.0614
1.06708
1.07134
1.07395
1.07497
1.0747
1.07343
1.07085
1.06671
1.06121
1.05469
1.04698
0.282424
0.274014
0.268006
0.263727
0.260792
0.259325
0.259023
0.259538
0.260697
0.262401
0.264565
0.26716
0.27028
0.27403
0.278268
0.2827
0.287219
0.291781
0.296313
0.301076
0.306568
0.313075
0.320767
0.329783
0.339899
0.35054
0.361032
0.370829
0.379826
0.388274
0.396567
0.405258
0.414733
0.424807
0.435088
0.445186
0.454765
0.463618
0.471993
0.480458
0.489515
0.499248
0.509463
0.519937
0.530284
0.540196
0.549874
0.559813
0.570484
0.582243
0.595069
0.608527
0.62226
0.636241
0.650512
0.665054
0.679847
0.694723
0.709291
0.723325
0.737116
0.751212
0.765915
0.781188
0.796793
0.812279
0.827041
0.840749
0.853699
0.866527
0.879614
0.892976
0.906593
0.920521
0.934646
0.948509
0.96158
0.973676
0.985014
0.995857
1.00626
1.01617
1.02565
1.03491
1.0441
1.05309
1.0616
1.0695
1.07669
1.08285
1.08743
1.0901
1.091
1.09071
1.08948
1.0871
1.08305
1.07756
1.07087
1.06299
0.270667
0.261942
0.25572
0.251154
0.247789
0.245831
0.245084
0.24517
0.245863
0.247155
0.249121
0.251826
0.25532
0.259578
0.264341
0.269229
0.274074
0.278823
0.28342
0.288149
0.293599
0.30017
0.30805
0.317341
0.327794
0.338805
0.349659
0.359825
0.36926
0.378229
0.387113
0.396459
0.406652
0.417465
0.428449
0.439141
0.449225
0.458582
0.467533
0.476707
0.486527
0.496968
0.507795
0.518712
0.529316
0.539476
0.549555
0.560016
0.571206
0.583365
0.596392
0.609898
0.623687
0.637852
0.652469
0.667506
0.682833
0.698099
0.712828
0.7269
0.740787
0.755126
0.770216
0.785983
0.802112
0.818079
0.833312
0.84761
0.861331
0.874991
0.888787
0.90267
0.916716
0.931095
0.945705
0.960057
0.973631
0.986292
0.998259
1.00971
1.02057
1.03078
1.04049
1.04996
1.0593
1.06837
1.07704
1.08532
1.09303
1.09959
1.10435
1.10701
1.10794
1.10783
1.10681
1.10462
1.10058
1.09495
1.08798
1.07985
0.258519
0.249311
0.24267
0.237697
0.233826
0.231252
0.229894
0.229465
0.229733
0.230737
0.232668
0.235666
0.239699
0.244573
0.249925
0.255331
0.260575
0.265575
0.270297
0.275059
0.280511
0.287121
0.295092
0.304496
0.315093
0.326297
0.337383
0.347845
0.357699
0.367228
0.376788
0.386882
0.397826
0.409356
0.420983
0.432253
0.442872
0.452819
0.462486
0.472525
0.483242
0.494442
0.505856
0.517222
0.528217
0.538847
0.54953
0.560651
0.572418
0.584894
0.597909
0.611258
0.625008
0.639359
0.65434
0.669813
0.685518
0.701021
0.715933
0.730331
0.744765
0.759754
0.775444
0.79171
0.808284
0.82474
0.840631
0.855818
0.870549
0.885083
0.899441
0.913636
0.927938
0.942649
0.957644
0.972382
0.98637
0.999517
1.012
1.02388
1.03503
1.04547
1.05547
1.06528
1.07493
1.08427
1.09332
1.10208
1.11021
1.11701
1.12187
1.12463
1.12579
1.12587
1.12504
1.12281
1.11865
1.11277
1.10553
1.09714
0.245523
0.235671
0.228358
0.222814
0.218432
0.215303
0.213349
0.212428
0.212413
0.213361
0.215462
0.218839
0.2234
0.228852
0.23477
0.240699
0.246367
0.251671
0.256617
0.261557
0.267148
0.273866
0.281897
0.2913
0.301884
0.31314
0.32438
0.335126
0.345424
0.355554
0.365843
0.376738
0.38843
0.400607
0.412766
0.424572
0.435799
0.446489
0.457034
0.468022
0.479651
0.49162
0.503631
0.515492
0.527055
0.538428
0.549918
0.561763
0.574086
0.586852
0.59987
0.61311
0.626859
0.641369
0.656606
0.672353
0.688275
0.703944
0.719129
0.734073
0.749279
0.765026
0.781282
0.79795
0.814918
0.831937
0.848668
0.864924
0.880721
0.896043
0.91082
0.925228
0.939756
0.954784
0.970137
0.985242
0.999645
1.01327
1.02619
1.03838
1.04977
1.06052
1.07096
1.08127
1.09135
1.1011
1.11058
1.1197
1.12806
1.13504
1.14007
1.14304
1.14436
1.14444
1.14353
1.14112
1.13676
1.13069
1.12321
1.11456
0.231386
0.220835
0.212728
0.206471
0.201556
0.19799
0.195596
0.194312
0.194159
0.19522
0.197596
0.201321
0.206271
0.21215
0.218516
0.224891
0.230975
0.236661
0.24199
0.247305
0.253203
0.260129
0.268259
0.277652
0.288189
0.299463
0.310858
0.321948
0.332776
0.343563
0.354578
0.366222
0.378594
0.391357
0.404019
0.416379
0.428324
0.439894
0.451423
0.463344
0.475756
0.488411
0.50106
0.51354
0.525844
0.538154
0.550609
0.563249
0.576149
0.58928
0.602491
0.615855
0.629714
0.644289
0.659548
0.675339
0.691384
0.707309
0.722954
0.738558
0.754455
0.770726
0.787323
0.804316
0.821777
0.839534
0.857216
0.874496
0.891187
0.907136
0.922314
0.937066
0.951993
0.967432
0.983142
0.998572
1.01335
1.02739
1.04069
1.0532
1.06496
1.07622
1.08728
1.09818
1.10877
1.11894
1.12873
1.13804
1.14659
1.15378
1.159
1.16205
1.16322
1.16312
1.16194
1.15939
1.15484
1.14859
1.14087
1.13189
0.216194
0.204967
0.19611
0.189097
0.183566
0.179586
0.176905
0.175421
0.175218
0.176397
0.178981
0.182918
0.188086
0.194214
0.200858
0.207552
0.214016
0.220167
0.226047
0.23193
0.238308
0.245574
0.253915
0.26342
0.274035
0.285423
0.297033
0.308513
0.319929
0.331422
0.343161
0.355482
0.368454
0.38177
0.395005
0.408014
0.420757
0.433246
0.445738
0.45852
0.471611
0.484896
0.498267
0.511563
0.524783
0.538097
0.551529
0.565003
0.578553
0.592172
0.60577
0.619449
0.633469
0.647983
0.663061
0.678758
0.694947
0.711296
0.72758
0.743848
0.760204
0.776675
0.793409
0.810746
0.828857
0.847477
0.866065
0.884165
0.901525
0.918028
0.933764
0.949154
0.964745
0.980746
0.996858
1.01261
1.02773
1.04214
1.05581
1.06871
1.08097
1.09286
1.10458
1.11608
1.12715
1.13766
1.14764
1.15712
1.16589
1.17324
1.17846
1.1813
1.18215
1.18184
1.18049
1.17779
1.17304
1.16652
1.15846
1.14913
0.200489
0.188553
0.179011
0.171285
0.165042
0.160539
0.157562
0.155926
0.155659
0.156846
0.159476
0.163472
0.168713
0.174924
0.181663
0.188528
0.19532
0.201984
0.208538
0.215164
0.222224
0.230032
0.238761
0.248542
0.259395
0.271044
0.282962
0.294869
0.306878
0.31909
0.331577
0.344563
0.358112
0.371962
0.385844
0.399617
0.413209
0.426598
0.439988
0.453594
0.467404
0.481398
0.495568
0.509774
0.523959
0.538205
0.552508
0.566819
0.581148
0.595422
0.609545
0.623598
0.637747
0.652139
0.667027
0.682691
0.69911
0.71593
0.732792
0.749531
0.766103
0.782616
0.799496
0.817274
0.836069
0.855433
0.874704
0.893427
0.911425
0.928654
0.94524
0.961546
0.977977
0.994637
1.01125
1.02745
1.04303
1.05793
1.07207
1.08547
1.09829
1.11077
1.12309
1.13512
1.14661
1.15737
1.16752
1.1772
1.1861
1.19341
1.19839
1.2009
1.20159
1.20115
1.19973
1.19675
1.19164
1.18472
1.17631
1.16662
0.185015
0.172205
0.161912
0.153462
0.146413
0.141188
0.137713
0.135792
0.135367
0.136467
0.139048
0.142997
0.148169
0.154272
0.160915
0.167831
0.174936
0.18218
0.189513
0.19701
0.204924
0.213479
0.222785
0.232973
0.24417
0.256192
0.268535
0.280939
0.293538
0.306428
0.319652
0.333332
0.347511
0.361952
0.376529
0.39114
0.405611
0.41987
0.434106
0.448528
0.46316
0.477995
0.492999
0.508055
0.523099
0.53814
0.553214
0.568396
0.583662
0.598772
0.613512
0.627912
0.642135
0.656463
0.671368
0.687245
0.704013
0.72121
0.73839
0.755327
0.772002
0.78868
0.805942
0.824279
0.843618
0.8634
0.88307
0.902365
0.921206
0.939491
0.957196
0.974532
0.991806
1.00913
1.02634
1.04315
1.05937
1.0749
1.08964
1.10358
1.11691
1.12993
1.1428
1.15535
1.16721
1.1782
1.18852
1.19833
1.20719
1.21429
1.21904
1.22144
1.22221
1.22171
1.22006
1.21664
1.211
1.20366
1.19491
1.18483
0.170245
0.156327
0.14506
0.135677
0.127641
0.121465
0.117244
0.114852
0.114188
0.115189
0.117695
0.1215
0.126432
0.132253
0.138695
0.145655
0.153146
0.161077
0.169269
0.177675
0.186484
0.195892
0.205935
0.216681
0.228318
0.240774
0.253601
0.266541
0.279713
0.293227
0.307162
0.321605
0.336531
0.351696
0.366994
0.382383
0.397677
0.412771
0.427846
0.443126
0.458693
0.474486
0.490325
0.506095
0.521818
0.537534
0.553343
0.569414
0.585669
0.601682
0.617084
0.631846
0.646211
0.66068
0.67592
0.692291
0.709524
0.727025
0.744361
0.761408
0.778298
0.795413
0.813285
0.832175
0.851812
0.871723
0.891676
0.911669
0.9316
0.951134
0.97001
0.988334
1.00643
1.02448
1.04239
1.05993
1.07688
1.09307
1.10838
1.12281
1.1366
1.15014
1.1636
1.17668
1.18887
1.20006
1.21052
1.22034
1.22909
1.2361
1.24089
1.24353
1.24435
1.24376
1.24167
1.23775
1.2316
1.22382
1.21463
1.20398
0.156046
0.140811
0.128274
0.117578
0.108268
0.100962
0.0958864
0.0929606
0.0920236
0.0928905
0.0952457
0.0987763
0.103356
0.108896
0.115256
0.122404
0.130366
0.139009
0.148054
0.157338
0.167008
0.177295
0.188196
0.199663
0.211851
0.224759
0.238038
0.251475
0.265186
0.27932
0.293992
0.309299
0.32508
0.341067
0.357099
0.37314
0.389125
0.405059
0.421088
0.437363
0.453966
0.470765
0.487418
0.503772
0.519984
0.536253
0.552778
0.569712
0.58686
0.603679
0.619731
0.634962
0.649696
0.664603
0.680423
0.697395
0.715093
0.732912
0.750527
0.767942
0.785364
0.803149
0.821652
0.84092
0.860671
0.880711
0.901146
0.922065
0.943152
0.963795
0.98363
1.00283
1.0218
1.04073
1.05949
1.07782
1.09548
1.11228
1.1281
1.14297
1.15726
1.17142
1.18549
1.19902
1.21149
1.22287
1.23344
1.24328
1.25211
1.25931
1.26439
1.2673
1.26811
1.26732
1.26485
1.26042
1.25374
1.24538
1.23546
1.22399
0.141711
0.124992
0.110916
0.0985827
0.0877717
0.0792849
0.0733925
0.0699534
0.068675
0.0692662
0.0713326
0.0745324
0.0788461
0.0843418
0.0909134
0.0984434
0.106877
0.116099
0.12588
0.136011
0.146571
0.157794
0.169646
0.181943
0.194742
0.208083
0.221757
0.235652
0.249902
0.264701
0.280189
0.296442
0.313152
0.329984
0.346771
0.363454
0.38008
0.396865
0.413988
0.431436
0.449134
0.466866
0.484257
0.50115
0.51778
0.534522
0.551696
0.569383
0.587241
0.604699
0.621365
0.63721
0.652584
0.668182
0.684669
0.702159
0.720239
0.73848
0.756713
0.774946
0.793265
0.811839
0.830858
0.850345
0.870244
0.890701
0.911966
0.933943
0.956009
0.977421
0.997952
1.01796
1.03786
1.05773
1.07731
1.09634
1.11465
1.13206
1.14842
1.16385
1.17878
1.19361
1.20826
1.22218
1.23494
1.24656
1.25734
1.26744
1.2766
1.28416
1.28958
1.2926
1.29349
1.29253
1.28977
1.28479
1.27735
1.26815
1.2573
1.24476
0.126307
0.107933
0.092156
0.0781035
0.0657909
0.0561805
0.0494999
0.0454959
0.0437281
0.0438729
0.0456068
0.0486388
0.0529864
0.0587451
0.0657588
0.0737706
0.082618
0.0922569
0.10264
0.11361
0.125156
0.137439
0.150343
0.163542
0.176966
0.1907
0.204732
0.219111
0.233992
0.249559
0.265976
0.283223
0.300898
0.318572
0.336101
0.353495
0.370868
0.388535
0.406747
0.425417
0.44424
0.462835
0.480877
0.498304
0.515385
0.532586
0.550313
0.568589
0.586989
0.604975
0.622243
0.638794
0.654955
0.671347
0.688491
0.706433
0.724919
0.743782
0.76295
0.782293
0.801653
0.821007
0.840491
0.860283
0.880612
0.901826
0.924078
0.946969
0.969699
0.991653
1.01285
1.03374
1.05457
1.0752
1.09539
1.11501
1.13398
1.15209
1.16915
1.18529
1.20095
1.21646
1.23163
1.24599
1.25915
1.27117
1.28237
1.29296
1.30254
1.31044
1.31612
1.31933
1.32042
1.3194
1.3162
1.31048
1.3021
1.29192
1.28002
1.26619
0.10909
0.0888778
0.0713523
0.055688
0.0420259
0.0313571
0.0238227
0.0191267
0.0167581
0.0164185
0.0179461
0.0211285
0.0258736
0.0321143
0.0396054
0.0480482
0.0572507
0.067255
0.0782179
0.0900798
0.102733
0.116205
0.130265
0.144444
0.15853
0.172654
0.187061
0.202025
0.217725
0.234225
0.251666
0.269902
0.288504
0.30702
0.325298
0.343448
0.361693
0.380329
0.399564
0.419325
0.439203
0.458658
0.477375
0.495379
0.512959
0.530598
0.548743
0.567434
0.586275
0.604797
0.622712
0.639975
0.656871
0.673963
0.691696
0.710148
0.729255
0.749002
0.769256
0.789677
0.809949
0.830022
0.850126
0.870589
0.891747
0.913894
0.936977
0.960436
0.983573
1.00607
1.02809
1.04991
1.0715
1.09266
1.11332
1.13358
1.15338
1.17236
1.19025
1.20718
1.22359
1.23976
1.25554
1.27049
1.28424
1.29682
1.30862
1.31972
1.32967
1.33788
1.34384
1.34746
1.34868
1.34751
1.34368
1.33707
1.32775
1.31659
1.3035
1.28811
0.0897072
0.0674803
0.0481942
0.03102
0.0161288
0.00444575
-0.003996
-0.00944107
-0.0123571
-0.0130316
-0.0115068
-0.00792154
-0.00253965
0.00429067
0.0121999
0.0209571
0.0304696
0.0408978
0.0525639
0.0654724
0.0793811
0.0941298
0.109376
0.124576
0.13942
0.154061
0.168979
0.184683
0.201388
0.219
0.237508
0.256702
0.276176
0.295552
0.314676
0.333657
0.352815
0.372441
0.392655
0.413383
0.434219
0.454549
0.474001
0.492607
0.510688
0.52874
0.547214
0.566207
0.585452
0.604543
0.623114
0.641009
0.658473
0.676076
0.69431
0.713372
0.733323
0.754114
0.775405
0.796691
0.817688
0.838513
0.859526
0.881049
0.90329
0.926338
0.950008
0.973831
0.997383
1.02056
1.04344
1.06601
1.0881
1.10966
1.13092
1.15207
1.1729
1.19286
1.21162
1.22937
1.24659
1.26357
1.28015
1.29585
1.31029
1.32357
1.33602
1.34761
1.35794
1.3665
1.37282
1.37679
1.37801
1.37645
1.372
1.36463
1.35439
1.34213
1.32761
1.31035
0.0680907
0.043659
0.022565
0.00391236
-0.0121443
-0.0247346
-0.0339964
-0.0401205
-0.0434145
-0.0441676
-0.0424457
-0.0383763
-0.0323394
-0.0249231
-0.0166228
-0.00757521
0.0022921
0.0132778
0.0258237
0.0399472
0.0552326
0.0712849
0.0876691
0.103888
0.119645
0.135085
0.150785
0.167406
0.185191
0.204024
0.223668
0.24385
0.264236
0.284547
0.304627
0.324526
0.344579
0.365114
0.386221
0.407803
0.429497
0.450709
0.470962
0.490184
0.508721
0.527138
0.545901
0.56517
0.584802
0.604424
0.623574
0.641998
0.659929
0.677972
0.696688
0.716383
0.737167
0.758863
0.780947
0.802897
0.824609
0.84637
0.868531
0.891242
0.9145
0.938288
0.962482
0.986815
1.01104
1.03503
1.05864
1.08171
1.10418
1.1263
1.14847
1.17075
1.19266
1.21358
1.23324
1.25195
1.27019
1.28819
1.30571
1.32222
1.33743
1.3515
1.36466
1.3768
1.38757
1.39646
1.40312
1.40715
1.40832
1.40644
1.4015
1.39343
1.38219
1.36861
1.3524
1.33299
0.0442636
0.0173921
-0.00556261
-0.025633
-0.0427586
-0.0560613
-0.0659217
-0.0725815
-0.0761102
-0.0767239
-0.0746323
-0.0700797
-0.0635076
-0.0555903
-0.0468658
-0.0373887
-0.0269635
-0.0152144
-0.00165552
0.0137217
0.0303738
0.0476967
0.0651823
0.0824454
0.0993105
0.115918
0.132771
0.1505
0.169345
0.189315
0.210147
0.231463
0.252918
0.274293
0.295408
0.316217
0.337025
0.35828
0.380176
0.402568
0.425057
0.447072
0.468069
0.487865
0.506825
0.525597
0.544684
0.564287
0.584316
0.604387
0.623986
0.642874
0.661319
0.67992
0.699214
0.719518
0.740921
0.763175
0.785748
0.808286
0.830872
0.853787
0.877165
0.900918
0.924964
0.949385
0.974234
0.999351
1.02444
1.04919
1.07337
1.09689
1.11998
1.14304
1.16638
1.18979
1.21272
1.23461
1.25535
1.27526
1.29473
1.31385
1.33231
1.34968
1.36582
1.38086
1.39485
1.40763
1.41879
1.4279
1.43474
1.43881
1.43999
1.43801
1.43262
1.4237
1.41128
1.39626
1.37826
1.35642
0.0183046
-0.0112698
-0.0360847
-0.0574277
-0.0755095
-0.0893814
-0.0995996
-0.106592
-0.110265
-0.110665
-0.108119
-0.10306
-0.0959985
-0.0875964
-0.0783441
-0.068217
-0.0569598
-0.0442134
-0.029556
-0.0130127
0.00485913
0.0233865
0.0420367
0.060494
0.0786942
0.0967738
0.115096
0.13407
0.153949
0.174875
0.196808
0.219402
0.242151
0.26469
0.286815
0.308484
0.329971
0.351809
0.374362
0.397497
0.42072
0.443423
0.465034
0.485347
0.504744
0.523908
0.543373
0.563377
0.583833
0.604313
0.624317
0.643694
0.662761
0.682049
0.701992
0.722843
0.744654
0.767199
0.790106
0.81326
0.836836
0.86093
0.885385
0.909983
0.934741
0.959916
0.985635
1.01165
1.0375
1.06286
1.08759
1.11186
1.13598
1.16025
1.18473
1.20917
1.23311
1.25617
1.27824
1.29953
1.32028
1.3405
1.35996
1.37842
1.39577
1.41195
1.42686
1.44023
1.45168
1.46101
1.46797
1.47235
1.47365
1.47152
1.46559
1.45577
1.44215
1.42561
1.40563
1.3811
-0.00960789
-0.042159
-0.0688456
-0.0913262
-0.110319
-0.124802
-0.135261
-0.142346
-0.146025
-0.14621
-0.143213
-0.137584
-0.129921
-0.120883
-0.110902
-0.0998906
-0.0875651
-0.0736234
-0.0577887
-0.0401693
-0.0212443
-0.00155762
0.0184389
0.0383946
0.058177
0.0778502
0.09771
0.117962
0.138886
0.160742
0.183675
0.207487
0.23162
0.255436
0.27856
0.301024
0.323188
0.345632
0.368791
0.392572
0.416427
0.439673
0.461749
0.482517
0.502381
0.521973
0.541824
0.562237
0.583145
0.604098
0.624627
0.644636
0.664409
0.684363
0.704856
0.726128
0.748251
0.771071
0.794389
0.818235
0.842738
0.867778
0.893042
0.918379
0.94398
0.970144
0.996849
1.02366
1.05013
1.0761
1.1017
1.12713
1.15251
1.17793
1.20342
1.22889
1.25404
1.27849
1.302
1.32466
1.34667
1.36809
1.38883
1.40872
1.4275
1.44491
1.46076
1.4747
1.48651
1.49619
1.50349
1.50824
1.50971
1.50734
1.50088
1.49026
1.47547
1.45727
1.43496
1.40734
-0.0393431
-0.075179
-0.103925
-0.127575
-0.147492
-0.162733
-0.1735
-0.180512
-0.183968
-0.183808
-0.180303
-0.174021
-0.165607
-0.155707
-0.144713
-0.13254
-0.118935
-0.103645
-0.0865148
-0.0677565
-0.0477828
-0.0269147
-0.00541026
0.0163406
0.03795
0.0592877
0.0805673
0.102043
0.124036
0.146928
0.170938
0.19589
0.221239
0.246216
0.270287
0.293529
0.31644
0.339601
0.363372
0.387673
0.412
0.435654
0.458101
0.47929
0.499623
0.519634
0.539844
0.560644
0.582035
0.603591
0.624858
0.645693
0.666234
0.686774
0.707683
0.729294
0.751758
0.774998
0.798895
0.823486
0.84877
0.874492
0.900376
0.926456
0.953012
0.980199
1.00776
1.03521
1.06232
1.08921
1.11606
1.14284
1.16942
1.19584
1.22235
1.24905
1.27562
1.30149
1.32635
1.35035
1.37379
1.39675
1.41915
1.44069
1.46095
1.47966
1.49653
1.51122
1.52365
1.53383
1.54173
1.5468
1.54844
1.54601
1.5392
1.52783
1.51172
1.49167
1.46678
1.43565
-0.0711529
-0.110582
-0.141803
-0.166932
-0.187829
-0.203869
-0.215032
-0.221897
-0.224868
-0.224082
-0.219875
-0.212827
-0.203556
-0.19261
-0.180289
-0.166591
-0.151427
-0.13462
-0.116035
-0.0959062
-0.0746355
-0.0524006
-0.0292787
-0.00561075
0.0179432
0.041011
0.0636324
0.0862593
0.109409
0.133527
0.15872
0.1847
0.210959
0.236811
0.261717
0.285747
0.309471
0.333431
0.357828
0.382555
0.407222
0.431212
0.454028
0.47565
0.496429
0.516835
0.537419
0.558663
0.580616
0.602866
0.624957
0.646655
0.667945
0.68905
0.71041
0.732454
0.755382
0.779154
0.803684
0.828966
0.8549
0.881205
0.907724
0.934614
0.962093
0.990098
1.01827
1.04631
1.07429
1.10244
1.13069
1.15871
1.1863
1.21375
1.24152
1.26964
1.29756
1.32467
1.35086
1.37644
1.4017
1.42657
1.4508
1.47401
1.49588
1.51608
1.5342
1.54993
1.56324
1.57409
1.58269
1.58833
1.59033
1.58804
1.58101
1.56887
1.5514
1.52934
1.50165
1.46664
-0.105882
-0.149088
-0.183239
-0.21039
-0.232435
-0.249129
-0.26053
-0.267087
-0.269336
-0.26766
-0.262537
-0.254575
-0.244326
-0.232159
-0.218195
-0.202529
-0.185382
-0.166786
-0.14657
-0.124816
-0.101851
-0.07786
-0.0529557
-0.0274635
-0.00208059
0.0226769
0.0467726
0.0706744
0.0950534
0.120446
0.146845
0.173788
0.200742
0.227234
0.252901
0.277786
0.302379
0.327132
0.352131
0.377252
0.40222
0.426536
0.449755
0.471812
0.492989
0.513773
0.534816
0.55665
0.579272
0.602222
0.62502
0.64739
0.669283
0.690968
0.712953
0.735654
0.759211
0.783572
0.808683
0.834541
0.861022
0.887889
0.91508
0.942757
0.970994
0.999594
1.02829
1.05708
1.08618
1.11567
1.14518
1.17424
1.20288
1.2316
1.26079
1.29022
1.31926
1.34759
1.3754
1.40301
1.4304
1.45729
1.48336
1.50839
1.53213
1.55411
1.57376
1.59078
1.60514
1.61712
1.62662
1.63318
1.63583
1.63382
1.62661
1.61381
1.59508
1.5709
1.54009
1.50078
-0.144818
-0.191825
-0.22914
-0.258776
-0.282204
-0.299326
-0.310551
-0.316443
-0.317723
-0.315003
-0.308836
-0.29977
-0.288283
-0.274596
-0.258658
-0.240623
-0.221042
-0.200249
-0.178098
-0.154455
-0.129478
-0.103415
-0.0765518
-0.0493491
-0.022303
0.00410363
0.0298362
0.0552947
0.0811062
0.107742
0.135181
0.162969
0.190578
0.217698
0.244169
0.270009
0.295509
0.32098
0.346508
0.372023
0.397312
0.421965
0.445578
0.468031
0.489563
0.510752
0.532361
0.554891
0.578212
0.601776
0.625093
0.647917
0.670281
0.692564
0.715302
0.738805
0.763093
0.788099
0.813809
0.840216
0.867193
0.894561
0.922324
0.950614
0.979403
1.0085
1.0378
1.0675
1.09778
1.12845
1.159
1.18911
1.21902
1.24917
1.27968
1.31017
1.3403
1.37018
1.40007
1.42998
1.45957
1.48847
1.51653
1.5437
1.56961
1.59354
1.61496
1.63358
1.64943
1.66299
1.6739
1.68159
1.6851
1.6836
1.67648
1.66323
1.64319
1.61679
1.58254
1.53837
-0.189236
-0.240083
-0.280499
-0.312648
-0.337501
-0.354829
-0.365446
-0.370249
-0.370269
-0.366351
-0.359009
-0.348564
-0.335368
-0.31965
-0.301359
-0.280701
-0.258395
-0.234997
-0.210481
-0.184651
-0.157496
-0.129244
-0.100305
-0.0713115
-0.0426899
-0.0146048
0.0129839
0.040306
0.0677576
0.095588
0.123812
0.152225
0.180481
0.20834
0.235709
0.262557
0.288957
0.31508
0.341089
0.36702
0.392684
0.417698
0.44169
0.46453
0.486479
0.508195
0.530451
0.553627
0.577476
0.601448
0.625115
0.648307
0.671143
0.694061
0.717554
0.741819
0.766812
0.792493
0.81886
0.845843
0.873279
0.901054
0.929252
0.958
0.987237
1.01683
1.04684
1.07746
1.10876
1.14041
1.17196
1.20327
1.23458
1.26608
1.29767
1.32919
1.36075
1.39263
1.42485
1.45706
1.48882
1.51989
1.55026
1.57982
1.60799
1.63408
1.6576
1.67832
1.69637
1.71184
1.72458
1.73375
1.73841
1.73773
1.73102
1.71746
1.69613
1.66742
1.62951
1.58006
-0.239939
-0.294868
-0.338221
-0.372486
-0.398447
-0.415704
-0.425392
-0.428779
-0.427204
-0.421742
-0.412854
-0.400582
-0.385121
-0.366792
-0.345709
-0.322194
-0.297024
-0.270812
-0.243602
-0.215254
-0.185749
-0.155274
-0.124311
-0.0933976
-0.0629622
-0.0330158
-0.00346112
0.0258228
0.0549758
0.0839957
0.1129
0.141798
0.170672
0.199347
0.227642
0.255434
0.282657
0.3094
0.335892
0.362255
0.38832
0.413718
0.438109
0.461409
0.483946
0.506379
0.529335
0.553008
0.577118
0.60124
0.625103
0.648627
0.671972
0.695549
0.719756
0.744709
0.770362
0.796707
0.823696
0.851168
0.878954
0.907048
0.935623
0.964797
0.99449
1.02463
1.05532
1.08677
1.11891
1.15146
1.18408
1.21669
1.24932
1.28196
1.31461
1.34746
1.38087
1.41497
1.44948
1.48397
1.51805
1.55156
1.58443
1.61642
1.64699
1.67562
1.70179
1.72518
1.74594
1.76384
1.77875
1.78985
1.79613
1.79667
1.79061
1.77687
1.75447
1.72343
1.6817
1.62681
-0.297254
-0.356723
-0.402961
-0.438848
-0.465393
-0.482178
-0.490636
-0.492335
-0.488757
-0.481113
-0.469926
-0.45514
-0.436857
-0.415448
-0.391204
-0.364604
-0.336448
-0.307281
-0.277148
-0.246014
-0.214019
-0.181364
-0.148384
-0.115497
-0.083014
-0.0509725
-0.0193773
0.0117803
0.0425019
0.0727164
0.102445
0.131965
0.161532
0.19105
0.220213
0.248783
0.276669
0.303971
0.330931
0.357687
0.384116
0.409899
0.434733
0.458596
0.481864
0.505116
0.528751
0.552805
0.577042
0.60121
0.62518
0.648958
0.672736
0.6969
0.72177
0.747404
0.773737
0.800719
0.828219
0.856026
0.884051
0.912431
0.941397
0.971024
1.0012
1.03188
1.06323
1.09538
1.12829
1.16172
1.19543
1.22924
1.26303
1.29679
1.33074
1.36529
1.40074
1.43701
1.47378
1.51068
1.5473
1.58336
1.61873
1.65325
1.68661
1.71825
1.74757
1.77422
1.79803
1.81902
1.83667
1.85018
1.85852
1.86071
1.85571
1.84218
1.81888
1.78568
1.74023
1.67948
-0.361611
-0.426125
-0.475299
-0.512429
-0.539067
-0.554899
-0.56166
-0.56121
-0.555063
-0.544446
-0.529999
-0.511795
-0.490026
-0.465141
-0.437522
-0.407661
-0.376303
-0.343947
-0.310724
-0.276693
-0.242038
-0.207142
-0.172202
-0.137379
-0.102785
-0.0685798
-0.0349557
-0.00206941
0.030031
0.0614105
0.0921869
0.122642
0.153088
0.183478
0.213432
0.242626
0.271016
0.298785
0.32616
0.353254
0.380012
0.406203
0.431557
0.45607
0.480104
0.5041
0.528282
0.552637
0.577034
0.601325
0.62543
0.649405
0.673505
0.698133
0.723574
0.749837
0.776805
0.804341
0.832233
0.860289
0.888544
0.917251
0.946651
0.976758
1.00744
1.03869
1.07065
1.10345
1.13706
1.17132
1.20602
1.24089
1.27578
1.31082
1.34636
1.38278
1.4202
1.45858
1.49771
1.53717
1.57636
1.61493
1.65288
1.69027
1.72686
1.76192
1.79482
1.82525
1.85276
1.87739
1.89842
1.91492
1.92588
1.93028
1.92688
1.91411
1.89035
1.85543
1.80639
1.73954
-0.434094
-0.504026
-0.556099
-0.594123
-0.620414
-0.634773
-0.639145
-0.635739
-0.626205
-0.611757
-0.593122
-0.57061
-0.544654
-0.51581
-0.484474
-0.451082
-0.41627
-0.380475
-0.343921
-0.306827
-0.269469
-0.232186
-0.195223
-0.158542
-0.122035
-0.0858746
-0.0503812
-0.0158879
0.0174968
0.0499974
0.0819152
0.113507
0.144972
0.176238
0.20691
0.236634
0.265434
0.293589
0.321322
0.348737
0.375851
0.402504
0.42845
0.453678
0.478473
0.503115
0.527723
0.552339
0.576948
0.601443
0.62574
0.649937
0.674356
0.699405
0.72533
0.752104
0.779568
0.80752
0.835709
0.863994
0.892521
0.921612
0.951494
0.982137
1.01339
1.04523
1.07778
1.11115
1.14538
1.18037
1.2159
1.25173
1.28782
1.32436
1.36162
1.39981
1.43912
1.47966
1.52123
1.56319
1.60485
1.64596
1.68678
1.72746
1.76758
1.8064
1.84339
1.87805
1.91012
1.93902
1.96408
1.98427
1.9986
2.00604
2.00497
1.9936
1.9702
1.93409
1.88154
1.809
-0.516402
-0.591941
-0.646707
-0.685079
-0.710375
-0.722612
-0.723802
-0.716447
-0.702458
-0.683172
-0.659473
-0.631908
-0.601083
-0.567625
-0.532001
-0.494643
-0.456006
-0.416431
-0.376292
-0.335953
-0.29579
-0.256054
-0.216986
-0.178482
-0.140335
-0.102601
-0.0655685
-0.0296174
0.0050726
0.0387323
0.0717848
0.104506
0.13696
0.168998
0.200245
0.230395
0.259548
0.288039
0.316107
0.343875
0.371385
0.398504
0.425024
0.45096
0.476513
0.501805
0.526877
0.55183
0.576723
0.601463
0.625981
0.650444
0.675216
0.70068
0.727035
0.754237
0.782105
0.810388
0.838818
0.867323
0.896157
0.925696
0.956139
0.987397
1.01927
1.05171
1.0848
1.11868
1.15342
1.18899
1.22524
1.26206
1.2995
1.33762
1.3765
1.41632
1.45749
1.50022
1.54412
1.5884
1.63248
1.67638
1.72043
1.76465
1.8085
1.85146
1.89309
1.9327
1.96995
2.00392
2.03385
2.05871
2.07738
2.08877
2.09115
2.08207
2.05971
2.0231
1.96778
1.88937
-0.61052
-0.69175
-0.748866
-0.786741
-0.809969
-0.819099
-0.816175
-0.80384
-0.784296
-0.759131
-0.729419
-0.695928
-0.659431
-0.620629
-0.580005
-0.538022
-0.495077
-0.451465
-0.407497
-0.363745
-0.320674
-0.278529
-0.237397
-0.197135
-0.157516
-0.118492
-0.0802648
-0.043105
-0.00716247
0.0277038
0.0618782
0.0956342
0.128951
0.161587
0.19321
0.223666
0.253153
0.282015
0.310479
0.338663
0.366586
0.394119
0.421135
0.4477
0.473944
0.499871
0.525488
0.550931
0.576269
0.60138
0.626205
0.650964
0.676064
0.701889
0.728634
0.756246
0.784494
0.813059
0.841688
0.870423
0.89963
0.929704
0.960774
0.992676
1.02517
1.05819
1.09179
1.12611
1.16124
1.19726
1.23423
1.27217
1.31101
1.35058
1.39086
1.43223
1.47525
1.52002
1.56597
1.61243
1.6591
1.70609
1.75357
1.80141
1.84931
1.89692
1.94368
1.98904
2.03208
2.07207
2.10796
2.13869
2.16303
2.17956
2.18655
2.18117
2.16084
2.12449
2.0669
1.98257
-0.718686
-0.805572
-0.864496
-0.900833
-0.920611
-0.925181
-0.916804
-0.898302
-0.872126
-0.840009
-0.803167
-0.762663
-0.719516
-0.674507
-0.628151
-0.580937
-0.533194
-0.485216
-0.437321
-0.390094
-0.344111
-0.299651
-0.256595
-0.214685
-0.173649
-0.13343
-0.0942254
-0.0561613
-0.019212
0.0167633
0.0520106
0.0866974
0.120721
0.153778
0.18563
0.216345
0.246232
0.275579
0.304532
0.333164
0.361485
0.389427
0.416955
0.444123
0.470949
0.497388
0.523525
0.549562
0.575516
0.601161
0.626396
0.651484
0.676904
0.703095
0.730253
0.758267
0.786824
0.815592
0.844414
0.873454
0.903121
0.933758
0.965432
0.997958
1.03108
1.06467
1.09872
1.13335
1.16876
1.20525
1.24304
1.28211
1.32219
1.36298
1.40453
1.44739
1.49206
1.53851
1.5863
1.63504
1.68453
1.7347
1.78562
1.83733
1.88971
1.94237
1.99478
2.04649
2.0963
2.14345
2.18659
2.22445
2.25593
2.27954
2.29275
2.2924
2.27573
2.24093
2.18115
2.09109
-0.84366
-0.935955
-0.995836
-1.02934
-1.04403
-1.04221
-1.02662
-1.00038
-0.966119
-0.925692
-0.880429
-0.831653
-0.780715
-0.728635
-0.675979
-0.623037
-0.5701
-0.517448
-0.465528
-0.414851
-0.36602
-0.319289
-0.274401
-0.23093
-0.18853
-0.14718
-0.107116
-0.0683883
-0.0307396
0.00610198
0.0422483
0.0776626
0.112146
0.145431
0.177464
0.208518
0.238932
0.268856
0.298303
0.327315
0.355987
0.38439
0.41252
0.440293
0.467599
0.494462
0.52114
0.54787
0.57452
0.600716
0.626354
0.65181
0.677663
0.704344
0.731958
0.760302
0.789068
0.818028
0.847131
0.876567
0.90669
0.937821
0.970057
1.00321
1.03696
1.07104
1.10542
1.1403
1.17604
1.21308
1.25167
1.29173
1.33283
1.37465
1.41733
1.46144
1.50741
1.55532
1.60496
1.65605
1.70833
1.7617
1.81626
1.87213
1.9292
1.9872
2.04599
2.10477
2.16244
2.21772
2.26955
2.31651
2.35696
2.38934
2.41092
2.41791
2.4067
2.37458
2.31384
2.21805
-0.988898
-1.08633
-1.14598
-1.17478
-1.18221
-1.17176
-1.14676
-1.1106
-1.0662
-1.01563
-0.960365
-0.901979
-0.842195
-0.782228
-0.722705
-0.663765
-0.605388
-0.547866
-0.491802
-0.437754
-0.386166
-0.337132
-0.290332
-0.245277
-0.201638
-0.159392
-0.118688
-0.0794648
-0.0413003
-0.00381984
0.0329564
0.0687669
0.10337
0.1367
0.168959
0.200493
0.231509
0.261978
0.291836
0.321183
0.350251
0.379183
0.407875
0.436083
0.463718
0.491031
0.518415
0.545957
0.573264
0.599897
0.625917
0.651876
0.678342
0.705584
0.733575
0.762149
0.791142
0.820421
0.849904
0.879704
0.910192
0.941783
0.974604
1.00836
1.04259
1.07703
1.11172
1.14693
1.18307
1.22064
1.25994
1.30081
1.34272
1.38535
1.42889
1.47395
1.52101
1.57026
1.6217
1.67509
1.73016
1.78682
1.84513
1.90521
1.96715
2.03107
2.09681
2.16333
2.22987
2.29492
2.35708
2.41488
2.46671
2.51043
2.54283
2.55941
2.55613
2.52921
2.46849
2.36677
-1.15852
-1.26114
-1.31909
-1.34056
-1.33774
-1.3156
-1.27817
-1.22922
-1.17196
-1.10883
-1.04171
-0.972456
-0.902937
-0.834487
-0.767597
-0.702289
-0.638358
-0.576007
-0.515889
-0.458609
-0.404335
-0.352923
-0.304024
-0.257288
-0.212571
-0.169789
-0.128776
-0.0891994
-0.0505665
-0.0125943
0.0245207
0.0603798
0.0948416
0.128156
0.160721
0.192761
0.224239
0.255048
0.285232
0.315027
0.344686
0.374201
0.403262
0.431621
0.459463
0.487313
0.515496
0.543766
0.571544
0.59855
0.625108
0.651787
0.678926
0.706597
0.734826
0.763658
0.793038
0.822737
0.852544
0.882609
0.913458
0.945558
0.978904
1.01306
1.0476
1.08239
1.11749
1.15307
1.18958
1.22763
1.26754
1.30901
1.35144
1.3946
1.43878
1.48458
1.53252
1.583
1.63615
1.69184
1.74969
1.80949
1.8715
1.936
2.00308
2.07311
2.14611
2.22158
2.29804
2.37412
2.44859
2.51997
2.58602
2.6439
2.69024
2.71982
2.72757
2.70841
2.64923
2.54189
-1.3575
-1.46583
-1.52027
-1.53093
-1.51369
-1.47554
-1.42158
-1.35608
-1.28259
-1.2041
-1.12309
-1.04172
-0.961811
-0.884392
-0.809736
-0.737685
-0.668094
-0.601086
-0.537207
-0.476881
-0.419985
-0.366162
-0.315111
-0.266751
-0.22114
-0.178073
-0.136956
-0.0970967
-0.0580425
-0.0197714
0.017359
0.0530047
0.0872695
0.120648
0.153517
0.18584
0.21743
0.24832
0.278803
0.309188
0.339527
0.369507
0.398709
0.427112
0.455244
0.483693
0.512502
0.541173
0.56924
0.596739
0.624073
0.651536
0.679173
0.707084
0.735563
0.764815
0.794668
0.824706
0.854739
0.885106
0.916403
0.948946
0.982568
1.0169
1.05172
1.08693
1.12245
1.15837
1.19523
1.23373
1.27408
1.31584
1.35852
1.40202
1.44663
1.4929
1.5416
1.59334
1.64814
1.70579
1.7662
1.82926
1.89495
1.9636
2.03587
2.11246
2.19337
2.2782
2.36553
2.45438
2.54349
2.63106
2.71457
2.79084
2.85528
2.90205
2.92521
2.91729
2.86192
2.74853
-1.5925
-1.70746
-1.75582
-1.75068
-1.71326
-1.65326
-1.57723
-1.49041
-1.39688
-1.30013
-1.20319
-1.10843
-1.01734
-0.930474
-0.847667
-0.768626
-0.693328
-0.621917
-0.554623
-0.491437
-0.431992
-0.375877
-0.32298
-0.273431
-0.227253
-0.183992
-0.142718
-0.10256
-0.0632285
-0.0249605
0.0118741
0.0471829
0.0813228
0.114791
0.147729
0.179928
0.211321
0.242235
0.273108
0.304089
0.334895
0.365022
0.3942
0.422734
0.451283
0.480217
0.509308
0.538118
0.566517
0.594716
0.622878
0.65092
0.678817
0.706936
0.735801
0.765542
0.795771
0.826041
0.856353
0.887153
0.918881
0.95163
0.985262
1.01968
1.0548
1.09044
1.12634
1.16257
1.19977
1.2386
1.27915
1.32098
1.36371
1.40726
1.45207
1.49887
1.54833
1.60098
1.65714
1.71678
1.7796
1.84545
1.91451
1.98739
2.065
2.14805
2.23724
2.33198
2.43136
2.53445
2.64023
2.74699
2.85201
2.95148
3.03968
3.10972
3.15412
3.163
3.11405
2.99403
-1.87285
-1.99578
-2.03381
-2.00541
-1.9397
-1.84995
-1.74473
-1.63076
-1.5129
-1.39503
-1.28029
-1.17085
-1.06765
-0.970698
-0.879457
-0.793482
-0.712738
-0.637306
-0.566934
-0.501118
-0.439313
-0.381256
-0.327112
-0.277028
-0.230689
-0.187265
-0.1457
-0.105264
-0.0658877
-0.027896
0.00850922
0.0435122
0.0775385
0.110856
0.14339
0.175048
0.206123
0.237167
0.268498
0.299913
0.330867
0.360905
0.390039
0.418764
0.447617
0.476709
0.5058
0.534746
0.563666
0.592634
0.621425
0.64976
0.677805
0.706206
0.735507
0.765633
0.796098
0.82662
0.857371
0.888674
0.920657
0.953316
0.986786
1.02129
1.05677
1.09279
1.12894
1.16543
1.20296
1.24204
1.28252
1.32406
1.36659
1.41023
1.45524
1.5023
1.55233
1.60586
1.66319
1.72439
1.78923
1.85754
1.92967
2.00652
2.08931
2.17897
2.27643
2.38152
2.49388
2.61262
2.73714
2.86628
2.99722
3.12543
3.24473
3.34649
3.42094
3.45444
3.41645
3.28852
-2.21259
-2.3448
-2.36509
-2.30172
-2.19579
-2.06573
-1.92255
-1.77467
-1.62782
-1.48595
-1.35172
-1.22652
-1.11044
-1.0029
-0.903198
-0.810716
-0.725177
-0.646264
-0.573221
-0.505153
-0.441451
-0.382063
-0.327308
-0.277168
-0.230899
-0.187349
-0.145538
-0.105032
-0.0658947
-0.0283297
0.0076825
0.0424274
0.0761711
0.108926
0.140628
0.171536
0.202282
0.233434
0.265028
0.296568
0.327438
0.357343
0.386474
0.4153
0.444161
0.473101
0.502103
0.531317
0.560856
0.590452
0.619572
0.647999
0.676185
0.7049
0.734528
0.764844
0.795493
0.826434
0.85779
0.889499
0.921418
0.953755
0.987096
1.02179
1.05752
1.09367
1.13003
1.16692
1.20474
1.24365
1.28372
1.32495
1.36727
1.41075
1.45583
1.50321
1.55364
1.60775
1.66592
1.72828
1.79461
1.86486
1.93966
2.02017
2.10766
2.20373
2.30923
2.4249
2.5506
2.68615
2.83158
2.98608
3.1474
3.31132
3.4708
3.61544
3.73282
3.80319
3.78432
3.64714
-2.63473
-2.77564
-2.76436
-2.64723
-2.48351
-2.2988
-2.10698
-1.91779
-1.73728
-1.56877
-1.41368
-1.27206
-1.1429
-1.02495
-0.91727
-0.819059
-0.729548
-0.647788
-0.572593
-0.502869
-0.438052
-0.378166
-0.323387
-0.273426
-0.22728
-0.183712
-0.141924
-0.101694
-0.0630625
-0.0260327
0.00954751
0.0438718
0.0769801
0.108807
0.13952
0.169722
0.200169
0.231255
0.262764
0.294091
0.324699
0.35443
0.383491
0.412204
0.440795
0.469443
0.498434
0.528037
0.558116
0.588045
0.617223
0.645666
0.67401
0.702924
0.732627
0.76301
0.794008
0.825598
0.857505
0.889299
0.920942
0.953045
0.986354
1.02107
1.05681
1.0931
1.12978
1.16692
1.20468
1.24324
1.28279
1.32353
1.36551
1.40879
1.45387
1.50143
1.55206
1.60642
1.66502
1.72796
1.79519
1.86682
1.94372
2.02732
2.11902
2.2207
2.33371
2.4594
2.59824
2.7512
2.91912
3.10185
3.29839
3.50559
3.71624
3.91896
4.09755
4.2247
4.23939
4.09412
-3.17986
-3.32085
-3.25075
-3.04953
-2.80258
-2.54428
-2.29119
-2.05307
-1.83473
-1.63764
-1.46112
-1.30328
-1.16179
-1.03456
-0.920148
-0.817375
-0.724849
-0.641007
-0.564341
-0.493721
-0.428668
-0.369093
-0.314827
-0.265283
-0.219407
-0.1761
-0.134728
-0.0951149
-0.0572064
-0.0208648
0.0140718
0.0476339
0.0797221
0.110384
0.140098
0.169668
0.199775
0.23058
0.261711
0.292588
0.322797
0.352235
0.381018
0.409344
0.437491
0.465889
0.495005
0.524974
0.555335
0.585308
0.61442
0.642854
0.671217
0.700068
0.729712
0.760293
0.791824
0.82402
0.856254
0.887995
0.919384
0.951261
0.98445
1.01909
1.05479
1.09118
1.1281
1.16531
1.2027
1.24065
1.27962
1.31978
1.36125
1.40428
1.4493
1.4968
1.54732
1.60151
1.65996
1.72286
1.79034
1.86276
1.94109
2.02693
2.12223
2.2285
2.34787
2.48214
2.63332
2.80325
2.99392
3.20713
3.44349
3.70167
3.97673
4.25686
4.52307
4.73858
4.81551
4.67171
-3.92336
-4.03054
-3.84667
-3.51237
-3.14665
-2.79154
-2.46359
-2.16985
-1.91115
-1.68521
-1.48814
-1.31561
-1.16372
-1.02931
-0.910157
-0.804415
-0.710109
-0.625213
-0.547996
-0.477352
-0.412816
-0.354131
-0.300816
-0.252053
-0.206832
-0.164254
-0.123775
-0.0851638
-0.0482604
-0.0128654
0.0211259
0.0536037
0.0844405
0.113874
0.142616
0.171517
0.201099
0.231351
0.261863
0.292132
0.321808
0.350754
0.378998
0.406739
0.434421
0.462657
0.491897
0.52205
0.552444
0.582281
0.611206
0.639476
0.667664
0.696334
0.725943
0.756813
0.788913
0.821624
0.853999
0.88554
0.916699
0.94844
0.98144
1.01584
1.05147
1.08801
1.12495
1.16184
1.19867
1.23591
1.27411
1.31351
1.35437
1.39708
1.44185
1.48892
1.53889
1.5924
1.65003
1.7122
1.77915
1.85157
1.93063
2.0179
2.11542
2.22505
2.34919
2.49031
2.65162
2.83658
3.04904
3.29294
3.57175
3.88828
4.24162
4.62285
5.01334
5.36802
5.56412
5.45802
-5.00447
-4.97796
-4.57326
-4.02966
-3.49834
-3.02076
-2.6063
-2.25345
-1.95521
-1.70308
-1.48874
-1.30489
-1.14574
-1.00701
-0.885529
-0.778713
-0.684118
-0.59942
-0.522786
-0.453101
-0.389818
-0.332534
-0.280595
-0.233072
-0.189034
-0.147739
-0.108686
-0.0715499
-0.0360615
-0.00199562
0.0306751
0.0617704
0.0912332
0.119471
0.147277
0.175408
0.20423
0.23366
0.263325
0.29279
0.321724
0.349953
0.37747
0.404542
0.431765
0.459844
0.489117
0.519242
0.549405
0.578894
0.607502
0.63549
0.663357
0.691754
0.721398
0.752688
0.785292
0.818233
0.850544
0.881935
0.912931
0.94444
0.977169
1.01137
1.04693
1.08342
1.12008
1.15639
1.19247
1.22886
1.26606
1.30455
1.34474
1.38687
1.43096
1.47717
1.52608
1.57826
1.63433
1.69495
1.76067
1.83218
1.91079
1.9983
2.09644
2.20767
2.33432
2.4799
2.6484
2.84505
3.07591
3.34774
3.66854
4.04706
4.49041
4.99953
5.56226
6.13418
6.55958
6.5955
-6.6768
-6.25989
-5.44134
-4.5808
-3.82761
-3.20343
-2.69663
-2.28742
-1.95552
-1.68366
-1.45804
-1.26802
-1.10588
-0.966205
-0.845028
-0.739192
-0.645902
-0.562714
-0.487829
-0.420133
-0.358961
-0.30376
-0.25378
-0.208097
-0.165874
-0.126469
-0.0893804
-0.0541838
-0.0205147
0.0118361
0.0428161
0.0722503
0.100211
0.127218
0.154026
0.181238
0.209089
0.23747
0.266067
0.294516
0.322505
0.349821
0.376459
0.402804
0.429592
0.457487
0.486591
0.516368
0.546047
0.575065
0.603241
0.63077
0.658217
0.686443
0.716251
0.747877
0.780727
0.813684
0.845837
0.877048
0.907889
0.939181
0.971649
1.00568
1.04112
1.07729
1.11339
1.14893
1.18409
1.21942
1.2555
1.29296
1.33225
1.37337
1.41626
1.46109
1.50823
1.55833
1.6122
1.67051
1.73405
1.80377
1.88074
1.96672
2.06369
2.17415
2.30079
2.44764
2.61963
2.82308
3.06642
3.35993
3.71692
4.15489
4.69474
5.35605
6.1492
7.04807
7.89955
8.34263
-9.51053
-7.99826
-6.40081
-5.09069
-4.06676
-3.28726
-2.69834
-2.24818
-1.89724
-1.61776
-1.39035
-1.20146
-1.04189
-0.905456
-0.787773
-0.685373
-0.595308
-0.515193
-0.443368
-0.37878
-0.320693
-0.268406
-0.221117
-0.177987
-0.138278
-0.101381
-0.0667509
-0.0338693
-0.00232346
0.0280415
0.0571085
0.0847495
0.111155
0.136884
0.162585
0.188702
0.215379
0.242528
0.269915
0.297221
0.324106
0.350353
0.376056
0.401728
0.428094
0.45564
0.484286
0.51347
0.542504
0.570901
0.598508
0.625553
0.652683
0.680849
0.710835
0.742651
0.775468
0.8082
0.840142
0.87122
0.901926
0.933067
0.965414
0.999333
1.03451
1.07014
1.10546
1.14012
1.17428
1.20844
1.24333
1.27963
1.31769
1.35735
1.39845
1.44118
1.48592
1.53329
1.58411
1.6393
1.6998
1.7665
1.84041
1.92306
2.01668
2.1234
2.24695
2.39105
2.56109
2.76451
3.01098
3.31392
3.69258
4.17484
4.80126
5.62446
6.69814
8.06027
9.70994
11.2777
-14.9996
-10.2716
-7.10753
-5.24047
-3.9904
-3.12442
-2.51703
-2.07548
-1.74111
-1.47887
-1.26698
-1.09145
-0.943274
-0.816605
-0.707327
-0.61217
-0.528413
-0.453938
-0.3873
-0.32757
-0.273997
-0.225814
-0.182255
-0.142604
-0.106213
-0.0724762
-0.0408006
-0.0106218
0.0184579
0.046531
0.073467
0.0992107
0.124014
0.148377
0.172797
0.197591
0.22289
0.248663
0.274715
0.300721
0.32636
0.351489
0.376293
0.401298
0.427135
0.454132
0.482086
0.510449
0.538671
0.566362
0.593369
0.619958
0.646892
0.675118
0.705193
0.736909
0.769428
0.801819
0.833521
0.864486
0.895142
0.926277
0.958635
0.992412
1.02713
1.06204
1.0965
1.1302
1.16324
1.19618
1.22983
1.26473
1.30101
1.33854
1.3772
1.41708
1.45854
1.50224
1.54904
1.59998
1.65591
1.7176
1.78634
1.86322
1.94996
2.04928
2.16444
2.29922
2.45877
2.64978
2.88205
3.16982
3.53442
4.01152
4.66059
5.57636
6.88704
8.82584
12.074
16.9009
-24.2639
-12.4848
-6.86084
-4.56767
-3.34137
-2.5828
-2.08541
-1.73373
-1.46698
-1.25437
-1.07907
-0.931103
-0.80428
-0.694637
-0.59926
-0.515696
-0.441843
-0.376036
-0.317137
-0.264382
-0.217076
-0.174504
-0.136012
-0.101017
-0.068928
-0.0391287
-0.0109889
0.0160406
0.0422741
0.0677311
0.0922878
0.115927
0.138867
0.161496
0.18421
0.207307
0.230941
0.255109
0.279635
0.304202
0.328497
0.352413
0.376196
0.400373
0.425464
0.451657
0.478728
0.506206
0.533597
0.560527
0.586895
0.613052
0.639783
0.667956
0.697963
0.729466
0.761666
0.793774
0.825308
0.85622
0.88693
0.918179
0.9506
0.984222
1.01849
1.0527
1.08627
1.11893
1.15077
1.18234
1.21443
1.24751
1.28151
1.31624
1.35166
1.38782
1.42495
1.46377
1.50531
1.55025
1.59954
1.65426
1.71502
1.78284
1.85924
1.94662
2.04756
2.1656
2.30436
2.46888
2.66609
2.90639
3.20675
3.59772
4.14063
4.9529
6.24925
8.63706
14.3729
26.2644
0
0
0
0
0
0
0
0
0
0
0
0
0
0
0
0
0
0
0
0
0
0
0
0
0
0
0
0
0
0
0
0
0
0
0
0
0
0
0
0
0
0
0
0
0
0
0
0
0
0
0
0
0
0
0
0
0
0
0
0
0
0
0
0
0
0
0
0
0
0
0
0
0
0
0
0
0
0
0
0
0
0
0
0
0
0
0
0
0
0
0
0
0
0
0
0
0
0
0
0
)
;

boundaryField
{
    obstacleFixedWalls
    {
        type            zeroGradient;
    }
    obstacleFrontAndBack
    {
        type            empty;
    }
    movingWall
    {
        type            zeroGradient;
    }
    fixedWalls
    {
        type            zeroGradient;
    }
    frontAndBack
    {
        type            empty;
    }
}


// ************************************************************************* //
