/*--------------------------------*- C++ -*----------------------------------*\
  =========                 |
  \\      /  F ield         | OpenFOAM: The Open Source CFD Toolbox
   \\    /   O peration     | Website:  https://openfoam.org
    \\  /    A nd           | Version:  11
     \\/     M anipulation  |
\*---------------------------------------------------------------------------*/
FoamFile
{
    format      ascii;
    class       volScalarField;
    location    "0.3";
    object      p;
}
// * * * * * * * * * * * * * * * * * * * * * * * * * * * * * * * * * * * * * //

dimensions      [0 2 -2 0 0 0 0];

internalField   nonuniform List<scalar> 
10100
(
-2.76512e-07
0.00547275
0.0424077
0.148545
0.291716
0.441176
0.585693
0.721021
0.845211
0.957427
1.05759
1.14599
1.22344
1.29198
1.35296
1.40676
1.45402
1.49544
1.53154
1.56329
1.59147
1.61618
1.63793
1.65758
1.6757
1.69269
1.70905
1.72531
1.74183
1.75879
1.77635
1.79449
1.81281
1.83075
1.8479
1.86421
1.87959
1.89386
1.90707
1.91956
1.93165
1.94346
1.95486
1.96576
1.97616
1.9859
1.99499
2.00384
2.01307
2.0232
2.03433
2.04608
2.05813
2.07034
2.08256
2.09466
2.10669
2.11874
2.13086
2.14272
2.15388
2.16431
2.17462
2.18551
2.19739
2.21039
2.22414
2.23777
2.25076
2.26337
2.27583
2.28759
2.298
2.30702
2.31469
2.3206
2.32443
2.32659
2.32761
2.3275
2.32625
2.32456
2.3234
2.32296
2.32265
2.32218
2.32188
2.32184
2.32138
2.31977
2.31702
2.31346
2.3089
2.30292
2.29592
2.28891
2.28268
2.2778
2.27472
2.27454
0.00293403
0.0908003
0.17177
0.284524
0.413784
0.541671
0.663985
0.779293
0.886352
0.984998
1.07498
1.15566
1.22777
1.29217
1.34981
1.40164
1.44787
1.4884
1.524
1.55547
1.58332
1.60822
1.63054
1.65069
1.66919
1.68656
1.70345
1.72041
1.73764
1.75527
1.77343
1.79205
1.81067
1.82877
1.84607
1.86239
1.87756
1.89147
1.90428
1.91644
1.92828
1.9398
1.95098
1.9618
1.9721
1.98175
1.99085
1.99987
2.00953
2.02022
2.03173
2.0437
2.05589
2.06801
2.07992
2.09169
2.10335
2.11503
2.12685
2.13832
2.14874
2.1583
2.168
2.17846
2.18983
2.20226
2.21543
2.22838
2.24065
2.25281
2.26519
2.277
2.28737
2.2964
2.30423
2.31035
2.31431
2.31655
2.31767
2.31763
2.31643
2.31492
2.31417
2.31418
2.31427
2.31429
2.31481
2.31585
2.3164
2.31559
2.31357
2.3108
2.30707
2.30193
2.29554
2.28883
2.2829
2.27825
2.27546
2.27454
0.0408054
0.171969
0.27613
0.391052
0.510689
0.624612
0.732791
0.834105
0.928603
1.01658
1.09755
1.17164
1.23888
1.29924
1.3538
1.40321
1.44748
1.48682
1.52144
1.55191
1.57903
1.60349
1.62569
1.64598
1.66467
1.68232
1.6997
1.71729
1.73516
1.75342
1.77214
1.79109
1.8098
1.82788
1.84519
1.86146
1.87634
1.88987
1.90238
1.91426
1.92581
1.93704
1.94798
1.9587
1.96892
1.97842
1.98757
1.99696
2.00713
2.01833
2.03018
2.04223
2.05434
2.06627
2.07775
2.08899
2.10034
2.11186
2.12342
2.13451
2.14445
2.15349
2.16284
2.17323
2.18442
2.19621
2.20853
2.22083
2.23261
2.24429
2.2564
2.26833
2.27891
2.28788
2.29566
2.30215
2.30671
2.30925
2.31032
2.31037
2.30965
2.30869
2.30817
2.30821
2.30852
2.30912
2.31035
2.31193
2.31288
2.31252
2.31097
2.30854
2.30513
2.30042
2.29445
2.28811
2.28224
2.27747
2.27464
2.27296
0.150007
0.287104
0.393206
0.498417
0.604789
0.705637
0.800836
0.890631
0.974784
1.05307
1.12598
1.19366
1.25565
1.3124
1.36395
1.4105
1.45246
1.48998
1.52323
1.55259
1.57882
1.60244
1.6241
1.64417
1.66288
1.68083
1.69862
1.71652
1.73469
1.75331
1.77229
1.79119
1.80967
1.82755
1.84464
1.8606
1.87509
1.88824
1.9005
1.91214
1.92334
1.93432
1.94515
1.9558
1.96599
1.97557
1.98505
1.99513
2.00605
2.01771
2.02979
2.04194
2.05387
2.0653
2.07619
2.08693
2.0979
2.10916
2.12043
2.1311
2.1406
2.14938
2.15868
2.16901
2.17984
2.19085
2.20221
2.2137
2.22491
2.23618
2.24799
2.25977
2.27035
2.27943
2.28746
2.29438
2.29954
2.3027
2.3043
2.30486
2.30471
2.30434
2.30422
2.30445
2.30488
2.30571
2.30727
2.30917
2.31037
2.31014
2.30856
2.30615
2.30309
2.29895
2.29357
2.28758
2.28174
2.27733
2.27413
2.27167
0.298258
0.420699
0.516766
0.608591
0.700483
0.787732
0.870574
0.949271
1.02352
1.09339
1.15888
1.21988
1.27684
1.32971
1.37815
1.42206
1.46158
1.49696
1.52854
1.55676
1.58202
1.60485
1.62582
1.64536
1.66395
1.68208
1.7
1.7179
1.73604
1.75455
1.77323
1.79169
1.80972
1.82726
1.84396
1.85941
1.87349
1.88639
1.89841
1.90979
1.92072
1.93156
1.94243
1.95309
1.96331
1.97325
1.98345
1.99433
2.00597
2.01812
2.03037
2.04247
2.05416
2.06503
2.07517
2.08538
2.09609
2.10699
2.11771
2.12792
2.1372
2.14591
2.1552
2.16546
2.1759
2.18609
2.19647
2.2072
2.21792
2.22872
2.24003
2.25143
2.26184
2.27095
2.27927
2.28677
2.29267
2.29656
2.29893
2.30044
2.30128
2.30156
2.30164
2.30192
2.30255
2.3036
2.30502
2.30652
2.30749
2.30734
2.30593
2.30367
2.30088
2.29726
2.29274
2.28767
2.2825
2.2781
2.2747
2.27174
0.454727
0.554562
0.635939
0.714329
0.792533
0.867049
0.938697
1.00685
1.07197
1.13412
1.19289
1.2482
1.30035
1.34917
1.39443
1.43583
1.47315
1.50655
1.53643
1.56338
1.58768
1.60975
1.63004
1.64905
1.66738
1.68535
1.70306
1.72071
1.73858
1.7566
1.77457
1.79236
1.80987
1.82693
1.84313
1.85808
1.87181
1.8845
1.89627
1.90734
1.91814
1.92895
1.9398
1.95049
1.96088
1.97128
1.98229
1.99398
2.00613
2.01861
2.03106
2.04307
2.05434
2.06464
2.07425
2.08405
2.09446
2.10496
2.11512
2.12488
2.13409
2.14298
2.15239
2.16259
2.17277
2.18237
2.19201
2.20217
2.21249
2.22275
2.23329
2.24399
2.25407
2.26314
2.27161
2.27951
2.28609
2.29086
2.29423
2.29679
2.29857
2.29942
2.2997
2.30004
2.30071
2.30151
2.30226
2.30305
2.30374
2.30371
2.30257
2.30067
2.29839
2.29563
2.29226
2.28811
2.28387
2.27984
2.27666
2.27346
0.607606
0.684094
0.750352
0.815077
0.88068
0.944033
1.00506
1.06404
1.12086
1.17558
1.2282
1.27852
1.32619
1.37106
1.41295
1.45162
1.48676
1.51833
1.54669
1.57229
1.59552
1.61674
1.63636
1.65494
1.67288
1.69035
1.70757
1.72479
1.74211
1.75938
1.77651
1.79357
1.81052
1.82697
1.84256
1.85707
1.87046
1.88284
1.89426
1.90501
1.91566
1.92644
1.93714
1.94772
1.95833
1.96928
1.98089
1.99309
2.00563
2.01834
2.03087
2.04278
2.05375
2.06369
2.073
2.08263
2.09286
2.10298
2.11257
2.12199
2.13139
2.1407
2.15032
2.16051
2.17065
2.18012
2.18938
2.19905
2.20894
2.21865
2.22832
2.23804
2.24744
2.25631
2.26488
2.27302
2.28
2.28544
2.28981
2.29352
2.2962
2.29742
2.29771
2.29806
2.29873
2.29912
2.29895
2.29883
2.29916
2.2994
2.29896
2.2979
2.29629
2.29418
2.29165
2.28867
2.28539
2.2821
2.27939
2.27644
0.751472
0.806847
0.85815
0.910639
0.964876
1.01782
1.06987
1.12081
1.17021
1.21825
1.26513
1.31053
1.35393
1.39498
1.43345
1.46911
1.50184
1.53155
1.55847
1.58279
1.60491
1.62524
1.64424
1.66237
1.67978
1.69663
1.71327
1.72989
1.7464
1.76275
1.77907
1.79544
1.81169
1.82742
1.84236
1.85641
1.86939
1.88124
1.89222
1.90273
1.91318
1.92372
1.93421
1.9447
1.95549
1.96686
1.97887
1.99129
2.00399
2.01691
2.0296
2.04142
2.05226
2.06223
2.07171
2.08138
2.09146
2.10125
2.11047
2.11974
2.12944
2.13927
2.14921
2.15949
2.16974
2.17936
2.18857
2.19792
2.20731
2.21635
2.22512
2.23388
2.2425
2.25094
2.25936
2.26756
2.27479
2.28071
2.28583
2.29045
2.2939
2.29553
2.29595
2.29633
2.29684
2.2967
2.29578
2.29503
2.29513
2.29564
2.29597
2.29576
2.29477
2.29321
2.29132
2.28925
2.28676
2.28439
2.28231
2.27997
0.883279
0.920526
0.958561
1.0003
1.04462
1.08872
1.13287
1.17662
1.21966
1.26193
1.30337
1.34375
1.38281
1.42005
1.45505
1.48766
1.51788
1.54569
1.5711
1.59422
1.61536
1.63491
1.65333
1.67084
1.68756
1.70377
1.71975
1.73552
1.75101
1.7664
1.78193
1.7975
1.81288
1.82783
1.84212
1.85558
1.868
1.87933
1.8899
1.9002
1.91051
1.92079
1.93103
1.94155
1.95259
1.96419
1.97631
1.98879
2.00161
2.01472
2.02755
2.03944
2.05046
2.06089
2.07088
2.08074
2.09069
2.10028
2.10935
2.11862
2.12861
2.1389
2.14916
2.15957
2.16997
2.17984
2.18914
2.19828
2.20721
2.21561
2.22357
2.23148
2.23942
2.24737
2.25545
2.26342
2.27063
2.2768
2.28241
2.28762
2.29159
2.29362
2.29431
2.2948
2.29516
2.29463
2.29328
2.29219
2.29207
2.29271
2.29365
2.29419
2.2938
2.29279
2.2916
2.29029
2.28854
2.28701
2.2855
2.28387
1.00183
1.02457
1.05152
1.08356
1.11977
1.15658
1.19372
1.23108
1.26848
1.30553
1.34188
1.37744
1.41206
1.44534
1.47691
1.50667
1.53453
1.56048
1.5844
1.60642
1.62672
1.64561
1.66335
1.68003
1.69593
1.71137
1.72642
1.74105
1.75542
1.76981
1.78438
1.79899
1.81339
1.82749
1.84116
1.85401
1.86579
1.87673
1.8872
1.89745
1.90762
1.91775
1.928
1.9387
1.94993
1.96157
1.97363
1.9861
1.99898
2.01221
2.0252
2.03736
2.04885
2.06004
2.07075
2.08089
2.09074
2.10028
2.10945
2.11886
2.12904
2.13961
2.15007
2.16054
2.17104
2.1811
2.19051
2.19953
2.20814
2.21607
2.22344
2.23074
2.23814
2.24559
2.25308
2.26049
2.26735
2.27347
2.27918
2.28451
2.28866
2.29103
2.29216
2.29291
2.29319
2.29245
2.29103
2.28992
2.28968
2.2904
2.29177
2.29289
2.29316
2.29298
2.29284
2.29242
2.29144
2.29048
2.28951
2.2885
1.10732
1.11906
1.13675
1.16095
1.19013
1.2206
1.25184
1.28363
1.31573
1.34779
1.3795
1.41059
1.4409
1.47032
1.4987
1.52586
1.55166
1.57593
1.59853
1.61952
1.63904
1.65718
1.67398
1.68967
1.7046
1.71897
1.73274
1.74603
1.75923
1.77256
1.78597
1.79943
1.81291
1.82626
1.83922
1.85146
1.86288
1.87371
1.88427
1.8946
1.90478
1.91497
1.92541
1.93633
1.94762
1.95911
1.97099
1.98336
1.9962
2.00942
2.02258
2.03516
2.04736
2.05943
2.07093
2.08142
2.09133
2.10105
2.11061
2.12029
2.13057
2.14122
2.15174
2.16218
2.17265
2.18277
2.19228
2.2013
2.2098
2.21747
2.22446
2.23134
2.23833
2.2452
2.25184
2.25832
2.26452
2.27029
2.27573
2.28074
2.28477
2.28747
2.28922
2.2904
2.29081
2.29025
2.28922
2.2884
2.2882
2.289
2.29064
2.29212
2.293
2.29384
2.29497
2.2956
2.29549
2.29496
2.29453
2.29397
1.20046
1.20384
1.21478
1.23266
1.25538
1.2803
1.30657
1.33343
1.36062
1.38808
1.41549
1.44246
1.46895
1.49496
1.52046
1.54531
1.56928
1.59203
1.61346
1.63348
1.65208
1.66917
1.68482
1.69944
1.71324
1.7262
1.73854
1.75059
1.76261
1.77473
1.78696
1.79934
1.81192
1.82454
1.83684
1.84861
1.85988
1.87084
1.88157
1.892
1.90225
1.91261
1.92327
1.93428
1.9454
1.95657
1.96817
1.98038
1.99303
2.00609
2.01941
2.03258
2.04559
2.05852
2.07077
2.08178
2.09203
2.10225
2.11245
2.12256
2.13293
2.14352
2.15397
2.1643
2.17466
2.18476
2.19432
2.20344
2.212
2.21961
2.22636
2.23289
2.23943
2.24561
2.25127
2.2567
2.26211
2.26739
2.27237
2.27691
2.28081
2.28399
2.28652
2.28833
2.28917
2.28918
2.28884
2.28842
2.28829
2.28911
2.2908
2.29238
2.29368
2.29546
2.29778
2.29947
2.30015
2.30002
2.2999
2.29968
1.28235
1.27994
1.28581
1.29831
1.31583
1.3358
1.35747
1.38004
1.40304
1.42637
1.44978
1.47307
1.49624
1.51932
1.5423
1.56504
1.58722
1.60855
1.62883
1.64778
1.6652
1.68107
1.6956
1.70908
1.7216
1.73323
1.74432
1.75529
1.76623
1.77716
1.78824
1.79968
1.81144
1.82328
1.83494
1.84639
1.85767
1.86876
1.87954
1.88994
1.90026
1.91076
1.92147
1.93232
1.94311
1.95391
1.96521
1.97715
1.98948
2.00229
2.01578
2.02961
2.04339
2.05699
2.06991
2.08161
2.09255
2.10355
2.11454
2.12519
2.13568
2.14618
2.15647
2.16661
2.17683
2.18691
2.19654
2.20579
2.2145
2.22215
2.22874
2.2349
2.24093
2.24644
2.25124
2.25583
2.26064
2.26552
2.27012
2.27436
2.27838
2.28221
2.28552
2.28785
2.28911
2.28978
2.2901
2.28996
2.28984
2.29071
2.29248
2.29418
2.29587
2.29841
2.30152
2.30388
2.30491
2.30506
2.30502
2.30521
1.35521
1.34835
1.3499
1.35845
1.37175
1.38741
1.405
1.42384
1.44329
1.46299
1.48282
1.50281
1.52298
1.54342
1.56407
1.58475
1.60517
1.62507
1.64406
1.66175
1.67787
1.69258
1.70614
1.71855
1.72987
1.74049
1.75078
1.76087
1.77076
1.78063
1.79077
1.80133
1.8122
1.82323
1.83436
1.84562
1.85688
1.8679
1.87853
1.88883
1.89916
1.90966
1.9202
1.93073
1.94121
1.95172
1.96271
1.97429
1.98622
1.99873
2.01233
2.02667
2.04097
2.05495
2.06836
2.08083
2.09267
2.10455
2.11631
2.12745
2.1381
2.14854
2.15867
2.16862
2.17872
2.18884
2.19865
2.20809
2.21695
2.22465
2.23109
2.23694
2.24253
2.24751
2.25177
2.25594
2.26051
2.26523
2.26961
2.27374
2.27805
2.28248
2.28624
2.28868
2.2901
2.29124
2.29208
2.29226
2.29243
2.2937
2.29582
2.29785
2.29996
2.30294
2.30628
2.30874
2.30971
2.31004
2.31011
2.3108
1.42053
1.41004
1.40823
1.41349
1.42341
1.4357
1.44994
1.46551
1.48176
1.49827
1.51493
1.53185
1.54919
1.56708
1.58544
1.60405
1.62278
1.6412
1.65871
1.67497
1.68998
1.70378
1.7164
1.72785
1.73839
1.74844
1.75814
1.76745
1.77643
1.78543
1.79474
1.80439
1.81437
1.82471
1.8355
1.84663
1.85776
1.86856
1.87896
1.88914
1.89941
1.90976
1.92001
1.93025
1.94058
1.95094
1.96156
1.97266
1.98414
1.9963
2.00979
2.02426
2.03867
2.05265
2.0663
2.07943
2.09213
2.10478
2.11712
2.12862
2.13945
2.14995
2.16001
2.16983
2.1799
2.19023
2.20038
2.21009
2.21907
2.22675
2.2331
2.23877
2.24412
2.24881
2.25279
2.25683
2.26144
2.26615
2.27039
2.27447
2.27906
2.2839
2.2878
2.29011
2.29161
2.29323
2.29468
2.29543
2.29623
2.29806
2.3005
2.30269
2.30501
2.30816
2.31146
2.3138
2.31471
2.31517
2.31558
2.31673
1.47872
1.46606
1.46166
1.464
1.47127
1.48103
1.49258
1.50525
1.51852
1.53208
1.54581
1.55988
1.57456
1.58994
1.60609
1.62286
1.63992
1.65668
1.67267
1.68767
1.70169
1.71462
1.72633
1.73705
1.74717
1.75684
1.76595
1.77452
1.78278
1.79108
1.7996
1.8084
1.81767
1.82763
1.8383
1.84934
1.86026
1.87081
1.88103
1.89109
1.90119
1.91129
1.92127
1.93138
1.94171
1.95196
1.96214
1.97263
1.98361
1.99536
2.00846
2.02257
2.03662
2.0503
2.06398
2.07754
2.09082
2.10397
2.11669
2.12847
2.13952
2.15018
2.16032
2.17014
2.18034
2.19104
2.20166
2.2117
2.22075
2.22841
2.23475
2.24047
2.24581
2.25037
2.2542
2.2582
2.2629
2.26767
2.27188
2.27601
2.28089
2.28608
2.29015
2.2926
2.29452
2.29679
2.29884
2.30009
2.30133
2.30332
2.30554
2.30748
2.30977
2.313
2.31637
2.31871
2.31973
2.32027
2.32111
2.3226
1.53041
1.51664
1.51036
1.5106
1.51561
1.52322
1.53247
1.54253
1.55301
1.56377
1.57482
1.58631
1.59856
1.6118
1.62604
1.64113
1.65649
1.67157
1.68614
1.70003
1.71301
1.72488
1.73574
1.74598
1.75575
1.76492
1.7734
1.78137
1.78912
1.79682
1.80463
1.81282
1.82176
1.83168
1.84235
1.85327
1.86395
1.87428
1.88435
1.89418
1.90395
1.91376
1.92361
1.93372
1.94412
1.95422
1.96388
1.97375
1.98427
1.9956
2.00807
2.02147
2.03491
2.0482
2.0618
2.07551
2.08901
2.10237
2.11535
2.12741
2.1387
2.14956
2.15986
2.16985
2.18033
2.19145
2.20252
2.21285
2.22203
2.22977
2.2363
2.24226
2.2478
2.25241
2.25617
2.26015
2.26493
2.26986
2.27425
2.27868
2.28396
2.28952
2.29391
2.29688
2.29955
2.30247
2.3048
2.30611
2.30727
2.30892
2.31059
2.3121
2.31428
2.31754
2.32097
2.32328
2.32439
2.32499
2.32606
2.32786
1.57624
1.56165
1.55442
1.55318
1.55621
1.56173
1.56875
1.57645
1.58441
1.59262
1.60129
1.61064
1.62097
1.63255
1.64525
1.65866
1.67231
1.68591
1.69917
1.7118
1.72352
1.7343
1.74448
1.75428
1.76353
1.77209
1.78006
1.78768
1.79502
1.80219
1.80949
1.81742
1.82638
1.83636
1.84694
1.8576
1.868
1.87809
1.88787
1.89726
1.90656
1.91614
1.92605
1.93627
1.94666
1.95656
1.96581
1.97522
1.98543
1.99638
2.0082
2.02083
2.03368
2.04665
2.0601
2.07371
2.0871
2.10047
2.11367
2.12605
2.13757
2.14855
2.15899
2.16924
2.18009
2.1916
2.20295
2.21347
2.22289
2.23101
2.23802
2.24445
2.25035
2.25517
2.25904
2.26306
2.26793
2.27307
2.27783
2.28271
2.28834
2.29407
2.2987
2.30229
2.30581
2.30928
2.31164
2.31274
2.31366
2.31498
2.3163
2.31758
2.31959
2.32258
2.32568
2.32769
2.32869
2.32938
2.33051
2.33271
1.61658
1.60159
1.59364
1.59122
1.59255
1.59599
1.60082
1.60629
1.61205
1.61815
1.62491
1.63269
1.64168
1.65192
1.66317
1.675
1.68713
1.69936
1.71125
1.72246
1.73292
1.74287
1.75252
1.76175
1.77039
1.77848
1.7862
1.79356
1.8005
1.80721
1.81426
1.82218
1.83116
1.84099
1.85122
1.86149
1.87153
1.88123
1.89049
1.89932
1.90819
1.91771
1.92783
1.93814
1.9484
1.95812
1.9672
1.97644
1.98648
1.99713
2.00843
2.02051
2.03294
2.04564
2.05884
2.07213
2.0852
2.0985
2.11193
2.12466
2.13637
2.14739
2.15794
2.16852
2.1798
2.1916
2.20304
2.21367
2.22351
2.23238
2.24019
2.24724
2.25355
2.25868
2.26278
2.26693
2.27185
2.27709
2.28212
2.28731
2.29303
2.29863
2.30335
2.30754
2.31194
2.31597
2.31847
2.31956
2.32049
2.32182
2.32312
2.32433
2.32603
2.32841
2.33074
2.33223
2.33302
2.33391
2.33518
2.33783
1.6522
1.63689
1.62804
1.62449
1.62428
1.62576
1.62847
1.63189
1.63581
1.64034
1.64577
1.65241
1.66034
1.66934
1.67916
1.68958
1.70043
1.71132
1.72182
1.73178
1.7414
1.75083
1.75996
1.7686
1.7768
1.78472
1.79228
1.79929
1.80577
1.81217
1.81912
1.82696
1.83566
1.84499
1.8547
1.86453
1.87413
1.88326
1.8919
1.90025
1.90893
1.91856
1.92886
1.93913
1.94913
1.95874
1.96786
1.9771
1.987
1.99739
2.00836
2.02015
2.03234
2.04469
2.05743
2.07029
2.0831
2.09642
2.11016
2.12326
2.13522
2.14636
2.15714
2.16815
2.17992
2.19196
2.20336
2.21405
2.2244
2.23421
2.24294
2.25056
2.25715
2.26249
2.26684
2.27116
2.27607
2.28125
2.28633
2.29162
2.29729
2.30276
2.30764
2.31253
2.31779
2.32239
2.32519
2.32653
2.32773
2.32925
2.33062
2.3317
2.33294
2.33453
2.33599
2.33696
2.33758
2.33866
2.34032
2.34332
1.68365
1.66785
1.65811
1.65329
1.65153
1.65122
1.65203
1.65373
1.6562
1.65958
1.66407
1.66975
1.67654
1.68428
1.69285
1.70213
1.71181
1.72146
1.73089
1.74017
1.7494
1.75843
1.76705
1.7753
1.78337
1.79119
1.79842
1.80494
1.81103
1.81725
1.82404
1.83151
1.83962
1.84832
1.85753
1.86697
1.87608
1.88459
1.89273
1.9009
1.90961
1.91928
1.9295
1.9395
1.94916
1.95865
1.96782
1.97704
1.98675
1.99689
2.0077
2.01941
2.03138
2.04324
2.05539
2.06788
2.08071
2.09434
2.1085
2.12201
2.13437
2.14596
2.15729
2.16891
2.18114
2.19333
2.20462
2.21529
2.22605
2.2366
2.24599
2.2539
2.26052
2.26597
2.2706
2.27517
2.28016
2.28532
2.29045
2.29585
2.30157
2.30715
2.31247
2.31809
2.324
2.32898
2.33205
2.3338
2.33541
2.33712
2.33842
2.33919
2.33985
2.34069
2.34138
2.34187
2.34235
2.34341
2.34536
2.34858
1.71087
1.69496
1.68443
1.67822
1.67489
1.67305
1.67233
1.67264
1.67402
1.67651
1.68011
1.68472
1.69031
1.69692
1.70448
1.71275
1.72137
1.73015
1.73908
1.74812
1.75706
1.76565
1.77392
1.78208
1.79009
1.79759
1.80433
1.81045
1.81637
1.82244
1.82884
1.83567
1.84313
1.85137
1.86025
1.8693
1.87793
1.88595
1.89387
1.90211
1.91086
1.92026
1.93003
1.93957
1.94889
1.95819
1.96727
1.97633
1.98584
1.99585
2.00664
2.0183
2.02997
2.04125
2.05284
2.06519
2.07838
2.09258
2.1072
2.12112
2.13407
2.1465
2.15873
2.17107
2.18366
2.19581
2.20686
2.2174
2.22831
2.23911
2.24863
2.25649
2.26308
2.26877
2.27388
2.27895
2.28426
2.28963
2.29497
2.30055
2.30642
2.31226
2.31809
2.32431
2.33059
2.33575
2.33916
2.34151
2.3437
2.34566
2.34683
2.34715
2.34715
2.34722
2.34725
2.34722
2.34746
2.34826
2.35005
2.35332
1.73432
1.71854
1.70737
1.69995
1.69519
1.69204
1.69021
1.68958
1.69014
1.69177
1.69433
1.69781
1.70236
1.70802
1.71463
1.72194
1.72979
1.73817
1.7469
1.75564
1.76413
1.77233
1.78048
1.78859
1.79633
1.80339
1.80978
1.81581
1.82166
1.8274
1.8332
1.8394
1.84644
1.8544
1.86296
1.8716
1.87986
1.88771
1.89566
1.904
1.91256
1.9214
1.93054
1.93966
1.94871
1.95778
1.9666
1.97546
1.98492
1.99501
2.0058
2.01723
2.02843
2.03914
2.05036
2.06279
2.07647
2.0912
2.10616
2.1204
2.13402
2.14754
2.1609
2.17397
2.18672
2.19864
2.2094
2.21978
2.23061
2.24121
2.25039
2.25799
2.26474
2.27106
2.277
2.28276
2.28852
2.29422
2.29986
2.30564
2.31158
2.31757
2.32376
2.3304
2.33696
2.34243
2.34645
2.34966
2.35258
2.35486
2.35591
2.35578
2.3551
2.35437
2.35376
2.35323
2.35314
2.35365
2.35498
2.35815
1.75472
1.73888
1.72721
1.71886
1.71301
1.70897
1.70653
1.70536
1.7052
1.70588
1.70742
1.70994
1.71356
1.71823
1.72386
1.73038
1.73777
1.74583
1.75411
1.76227
1.77026
1.77826
1.78633
1.7942
1.80155
1.80836
1.81477
1.82084
1.82644
1.83162
1.83678
1.84253
1.8493
1.85699
1.86515
1.87342
1.88159
1.8896
1.89769
1.90598
1.9142
1.92249
1.93119
1.94009
1.949
1.95784
1.96639
1.97513
1.98474
1.99497
2.00559
2.01647
2.02703
2.03729
2.04839
2.06097
2.0749
2.08982
2.10486
2.11934
2.13368
2.14835
2.16285
2.17661
2.18947
2.20119
2.21176
2.22209
2.23277
2.24296
2.25158
2.25893
2.26608
2.27333
2.28027
2.28672
2.29286
2.29885
2.30479
2.31078
2.3168
2.32286
2.32928
2.33621
2.34311
2.34909
2.35389
2.35795
2.36144
2.3639
2.36482
2.36432
2.36308
2.36171
2.36056
2.3597
2.35932
2.35962
2.36067
2.36364
1.77249
1.75633
1.74416
1.73525
1.72896
1.72463
1.72192
1.72032
1.71948
1.71932
1.71998
1.72157
1.72414
1.72776
1.7325
1.7384
1.74529
1.7527
1.76021
1.76771
1.77535
1.78319
1.79102
1.79855
1.80573
1.81263
1.81916
1.82501
1.83002
1.83452
1.83918
1.8446
1.85105
1.85837
1.86618
1.87435
1.88278
1.89115
1.89935
1.90746
1.91545
1.92355
1.93217
1.94104
1.94983
1.95847
1.96686
1.97562
1.98535
1.99556
2.00573
2.01585
2.02574
2.03579
2.04701
2.05969
2.07353
2.08822
2.10315
2.11793
2.13308
2.14885
2.16436
2.17874
2.19186
2.20362
2.21426
2.22465
2.23519
2.24489
2.25293
2.26009
2.26767
2.27581
2.28363
2.29063
2.29708
2.30344
2.30986
2.31632
2.32268
2.32901
2.33564
2.34274
2.34983
2.35616
2.36147
2.36594
2.36957
2.37192
2.37266
2.37196
2.37046
2.36878
2.36733
2.36631
2.36571
2.36582
2.36683
2.36956
1.78791
1.77132
1.75885
1.7499
1.74376
1.73948
1.73655
1.73449
1.73301
1.73209
1.7318
1.73227
1.73373
1.73642
1.74045
1.7457
1.75179
1.75828
1.76501
1.77203
1.7794
1.78694
1.79442
1.80179
1.80909
1.81613
1.82243
1.82765
1.83191
1.83584
1.84015
1.84524
1.85128
1.85831
1.8661
1.87452
1.88336
1.89205
1.90025
1.90826
1.91629
1.92461
1.9334
1.94222
1.95081
1.9593
1.96771
1.97652
1.98619
1.99609
2.00568
2.01516
2.02472
2.0349
2.04645
2.05919
2.07269
2.08696
2.10176
2.11697
2.133
2.14972
2.16595
2.18081
2.19426
2.20631
2.21717
2.22758
2.23781
2.24696
2.25449
2.26151
2.26944
2.27817
2.28657
2.29407
2.30109
2.30821
2.31554
2.32285
2.32991
2.33672
2.34355
2.35053
2.35733
2.36348
2.36875
2.37318
2.37665
2.37881
2.37945
2.3788
2.37742
2.37588
2.37447
2.37338
2.3726
2.37238
2.37319
2.37562
1.80153
1.78474
1.77238
1.76372
1.75782
1.75353
1.75026
1.7476
1.74534
1.74341
1.74197
1.74133
1.7419
1.74392
1.74731
1.75178
1.75695
1.76263
1.76878
1.7754
1.78236
1.78949
1.79677
1.80423
1.81164
1.81842
1.82407
1.82854
1.83224
1.83583
1.83989
1.84467
1.85045
1.8575
1.86561
1.87437
1.88341
1.89215
1.90034
1.90842
1.91676
1.92546
1.93441
1.94311
1.95148
1.95994
1.96849
1.97735
1.98676
1.99619
2.0054
2.01475
2.02449
2.03513
2.04705
2.05978
2.07292
2.08677
2.10148
2.11708
2.13382
2.15116
2.16771
2.18273
2.1964
2.20872
2.21972
2.22996
2.23967
2.24821
2.25541
2.26253
2.27082
2.27997
2.28881
2.29695
2.30498
2.31337
2.32195
2.33029
2.33804
2.34523
2.35201
2.35848
2.36454
2.37004
2.37494
2.37922
2.38263
2.38483
2.38567
2.38539
2.38451
2.38348
2.38245
2.38145
2.38056
2.37999
2.38026
2.38225
1.81426
1.79762
1.78564
1.77719
1.77119
1.76654
1.76259
1.75898
1.75555
1.75241
1.74991
1.74852
1.74858
1.75011
1.75289
1.7566
1.76104
1.76612
1.77176
1.77783
1.78428
1.79112
1.79843
1.80597
1.81314
1.81931
1.82426
1.82825
1.83172
1.83516
1.83905
1.84371
1.84954
1.85685
1.86526
1.87407
1.88289
1.89145
1.89971
1.90812
1.91688
1.92589
1.93493
1.94354
1.95183
1.96039
1.96914
1.97801
1.98709
1.99614
2.00531
2.01505
2.02539
2.03655
2.04866
2.06121
2.07399
2.08752
2.10207
2.11776
2.13475
2.15224
2.16873
2.18362
2.19728
2.20971
2.22073
2.2307
2.2399
2.24804
2.2553
2.26297
2.27196
2.28168
2.29104
2.30001
2.30931
2.31915
2.32895
2.33799
2.34602
2.35311
2.35945
2.36515
2.37033
2.37517
2.37976
2.38401
2.38757
2.39007
2.39138
2.39176
2.39162
2.39132
2.39091
2.39025
2.38944
2.3887
2.3885
2.38995
1.82683
1.8105
1.79886
1.79027
1.78368
1.7781
1.77297
1.76799
1.76325
1.75911
1.75603
1.75434
1.75415
1.75531
1.75757
1.76069
1.76456
1.76904
1.774
1.77945
1.78552
1.79233
1.79971
1.80706
1.81369
1.81924
1.8238
1.82767
1.8311
1.83445
1.83832
1.84316
1.84925
1.85671
1.86504
1.87345
1.88178
1.89016
1.89869
1.90761
1.91679
1.92599
1.93511
1.9438
1.95221
1.9609
1.96971
1.97848
1.98731
1.99621
2.00562
2.01596
2.02692
2.03842
2.05044
2.06262
2.07506
2.08833
2.10262
2.118
2.1347
2.15193
2.16817
2.18289
2.19651
2.20898
2.22002
2.22988
2.23892
2.24713
2.25498
2.26371
2.27382
2.28439
2.29445
2.3043
2.31475
2.32572
2.33626
2.34549
2.35327
2.35984
2.36548
2.37043
2.375
2.37946
2.38389
2.38809
2.39171
2.39447
2.39636
2.39756
2.39833
2.39882
2.39906
2.3989
2.39833
2.39767
2.39738
2.39836
1.83936
1.82332
1.81172
1.80259
1.79486
1.78783
1.78116
1.77484
1.76918
1.7646
1.7614
1.75966
1.7593
1.76015
1.76197
1.76456
1.76778
1.7715
1.77577
1.7808
1.7868
1.79366
1.80087
1.80773
1.81379
1.81897
1.82339
1.82721
1.83058
1.83395
1.83802
1.84325
1.84956
1.85681
1.86459
1.87238
1.88033
1.88876
1.89773
1.90718
1.91668
1.92597
1.93515
1.944
1.95259
1.96127
1.96991
1.97852
1.98728
1.9963
2.00607
2.01687
2.02823
2.03989
2.05174
2.06356
2.07572
2.08882
2.10276
2.11758
2.13362
2.1503
2.16626
2.18099
2.19475
2.20738
2.21855
2.22858
2.23788
2.24661
2.25543
2.26542
2.27676
2.28829
2.29913
2.30977
2.32101
2.33257
2.34329
2.35234
2.35971
2.36576
2.37086
2.37533
2.37958
2.38385
2.38807
2.39195
2.39532
2.39821
2.40072
2.40287
2.40467
2.40603
2.40689
2.40718
2.40686
2.40632
2.40608
2.40674
1.85153
1.83561
1.82367
1.81358
1.8044
1.79581
1.78785
1.78074
1.77477
1.77018
1.76702
1.76522
1.76466
1.76516
1.76648
1.7684
1.77085
1.77388
1.77774
1.78269
1.78872
1.79541
1.80211
1.80834
1.81392
1.81882
1.82303
1.82666
1.83002
1.83362
1.83814
1.84374
1.85003
1.85674
1.8638
1.87111
1.87897
1.88762
1.89693
1.90668
1.91631
1.92558
1.93474
1.94366
1.9523
1.96086
1.9693
1.97785
1.98684
1.99625
2.00642
2.01748
2.02904
2.04091
2.05284
2.06458
2.07661
2.08951
2.10303
2.11714
2.13234
2.14826
2.16382
2.17859
2.19265
2.20558
2.21701
2.22734
2.23709
2.24652
2.25631
2.26741
2.27974
2.29206
2.30362
2.31499
2.32681
2.33861
2.34922
2.35802
2.36521
2.37114
2.37608
2.38037
2.38439
2.38832
2.39202
2.39532
2.39837
2.40148
2.40476
2.40803
2.41095
2.41328
2.41483
2.41555
2.41549
2.41502
2.4146
2.41492
1.86273
1.84671
1.83412
1.82292
1.81249
1.80286
1.79429
1.78698
1.78103
1.77646
1.77322
1.77122
1.77033
1.77035
1.77102
1.77224
1.77407
1.77677
1.78057
1.78553
1.79134
1.79746
1.8034
1.80897
1.81405
1.81853
1.82233
1.82577
1.82936
1.83352
1.83855
1.84432
1.85032
1.85639
1.86284
1.86989
1.87781
1.88658
1.8959
1.90556
1.91511
1.92429
1.93331
1.94214
1.95079
1.95937
1.96789
1.97674
1.98621
1.99617
2.00672
2.01792
2.02966
2.04193
2.05435
2.06637
2.07838
2.09094
2.10386
2.11718
2.13144
2.14638
2.16122
2.17577
2.19004
2.20335
2.21516
2.22586
2.23604
2.24607
2.25666
2.26858
2.28156
2.29446
2.30671
2.3189
2.33139
2.34344
2.35394
2.36263
2.36988
2.37603
2.38112
2.3853
2.38891
2.39217
2.3951
2.39786
2.40088
2.40453
2.40876
2.41311
2.41708
2.42032
2.42262
2.42387
2.42418
2.42382
2.42313
2.4229
1.87227
1.85607
1.84285
1.83086
1.8198
1.80986
1.80119
1.79387
1.78785
1.78312
1.77962
1.77728
1.77592
1.77534
1.77539
1.77611
1.77772
1.78041
1.78421
1.7889
1.79408
1.79936
1.80451
1.80941
1.81387
1.81777
1.82124
1.82478
1.82893
1.83377
1.8391
1.84472
1.85026
1.85582
1.86188
1.86876
1.87661
1.88523
1.89423
1.90354
1.91287
1.92193
1.93082
1.93954
1.94829
1.95724
1.9663
1.97573
1.9857
1.99606
2.00686
2.01818
2.03016
2.04303
2.05618
2.06869
2.08072
2.09282
2.105
2.11752
2.13088
2.14475
2.15855
2.17247
2.18665
2.2003
2.21266
2.22391
2.23457
2.2451
2.25628
2.26882
2.28231
2.29572
2.30874
2.3219
2.33523
2.3477
2.35825
2.3669
2.37427
2.38065
2.38585
2.38984
2.39287
2.39534
2.39758
2.4001
2.40347
2.40789
2.41301
2.41817
2.42281
2.42664
2.42951
2.43127
2.43196
2.43175
2.4309
2.43002
1.87981
1.86362
1.85017
1.83796
1.82683
1.81689
1.80817
1.80067
1.79439
1.78933
1.78547
1.78265
1.78074
1.77965
1.77935
1.77995
1.7816
1.78428
1.7878
1.79188
1.79625
1.80075
1.80524
1.80947
1.81326
1.81674
1.82024
1.82423
1.82899
1.83424
1.83955
1.84478
1.84991
1.85521
1.86109
1.86774
1.8753
1.88357
1.89216
1.90106
1.9101
1.91903
1.92783
1.93655
1.9456
1.95519
1.96503
1.97505
1.98523
1.99561
2.00645
2.01792
2.03029
2.04381
2.05765
2.07063
2.08271
2.09442
2.10596
2.11784
2.13049
2.1434
2.15607
2.16906
2.18282
2.19665
2.20966
2.22171
2.233
2.24401
2.25567
2.26868
2.28264
2.29661
2.31044
2.32458
2.33875
2.35166
2.36234
2.37103
2.37848
2.38492
2.39006
2.39377
2.39636
2.39836
2.40037
2.40303
2.40688
2.41194
2.41768
2.42331
2.42829
2.43236
2.43545
2.43744
2.43822
2.43796
2.43689
2.43551
1.88558
1.86972
1.85648
1.8444
1.83329
1.82322
1.81424
1.80639
1.79974
1.79429
1.78996
1.78665
1.78433
1.78299
1.78265
1.78333
1.78498
1.78741
1.79043
1.79385
1.79761
1.80157
1.80551
1.80916
1.8125
1.81591
1.81978
1.82426
1.82932
1.83459
1.83968
1.84462
1.84961
1.85492
1.86076
1.86715
1.87429
1.88214
1.89036
1.89885
1.9075
1.91618
1.92494
1.93384
1.94336
1.95364
1.96418
1.97456
1.98461
1.9947
2.00547
2.01717
2.03001
2.04404
2.05825
2.07143
2.08358
2.09512
2.10635
2.1179
2.13011
2.14229
2.15401
2.16608
2.1792
2.19295
2.20649
2.21937
2.23143
2.24298
2.25501
2.26833
2.28263
2.2971
2.31164
2.32655
2.34128
2.35446
2.36527
2.37414
2.38179
2.38832
2.39339
2.39695
2.39945
2.40151
2.40372
2.40668
2.41085
2.41625
2.42231
2.42825
2.4335
2.43778
2.44093
2.44283
2.44334
2.4427
2.44117
2.43941
1.8901
1.87473
1.8618
1.84977
1.83846
1.82806
1.81869
1.81046
1.80339
1.7975
1.79271
1.78906
1.78658
1.78529
1.78506
1.78576
1.78721
1.78927
1.79184
1.79487
1.79829
1.80186
1.80533
1.80859
1.81183
1.81548
1.81976
1.82448
1.82947
1.83456
1.8396
1.84464
1.8498
1.85525
1.86107
1.86718
1.87385
1.88125
1.88907
1.8971
1.90522
1.91358
1.92239
1.93172
1.94186
1.95276
1.96378
1.97429
1.98412
1.99394
2.00469
2.01663
2.02977
2.0439
2.05791
2.07088
2.08298
2.0946
2.10592
2.11747
2.12947
2.14117
2.15229
2.16374
2.17633
2.18983
2.20358
2.21707
2.22985
2.24198
2.2544
2.2679
2.2823
2.29698
2.31192
2.32726
2.34222
2.35547
2.36645
2.37572
2.38385
2.39072
2.39593
2.39959
2.40228
2.40464
2.40714
2.41027
2.41452
2.41999
2.42619
2.43238
2.43795
2.44254
2.44581
2.44755
2.44769
2.44658
2.44458
2.44241
1.89363
1.87864
1.86585
1.85368
1.84202
1.83124
1.82147
1.81281
1.80529
1.79896
1.79392
1.79022
1.78788
1.78675
1.78657
1.78714
1.78834
1.7901
1.7924
1.79521
1.79833
1.8015
1.8046
1.80778
1.81124
1.81519
1.81965
1.82435
1.82918
1.83428
1.83962
1.84507
1.85049
1.85598
1.86164
1.86744
1.87365
1.88053
1.88787
1.89541
1.90306
1.91121
1.9203
1.93031
1.94119
1.9526
1.9639
1.97451
1.98431
1.99413
2.00496
2.01695
2.02995
2.04358
2.05683
2.06922
2.08122
2.09311
2.10482
2.11665
2.12861
2.14007
2.15098
2.16232
2.17476
2.18806
2.20176
2.21545
2.22868
2.24138
2.25426
2.26793
2.28221
2.29673
2.31164
2.32704
2.34203
2.35535
2.36663
2.37648
2.38528
2.39268
2.39824
2.40216
2.4051
2.40763
2.41018
2.41329
2.41755
2.42308
2.42939
2.43574
2.44153
2.44633
2.44971
2.45134
2.45121
2.44974
2.44748
2.4449
1.89611
1.88141
1.86861
1.85623
1.84424
1.83307
1.82284
1.81369
1.8058
1.79931
1.79436
1.79093
1.78885
1.78784
1.7876
1.78796
1.78889
1.79039
1.79241
1.79485
1.79752
1.80029
1.80328
1.80668
1.81046
1.81455
1.81897
1.8236
1.82852
1.83391
1.83969
1.84552
1.85103
1.85631
1.86167
1.86717
1.87301
1.87939
1.88626
1.89346
1.90093
1.90919
1.91874
1.92948
1.94102
1.95283
1.96435
1.97519
1.9853
1.99549
2.0065
2.01828
2.03066
2.04333
2.05558
2.06736
2.07938
2.09172
2.10396
2.11613
2.12809
2.13941
2.15036
2.16193
2.17455
2.18779
2.20128
2.21482
2.22815
2.24127
2.25468
2.26862
2.28272
2.2968
2.31133
2.32653
2.34151
2.35505
2.36683
2.37731
2.38669
2.39451
2.40038
2.40455
2.40764
2.41017
2.41265
2.4158
2.42025
2.42604
2.43255
2.43904
2.44495
2.44982
2.45318
2.45463
2.45419
2.45239
2.44979
2.44683
1.89759
1.88317
1.87039
1.85781
1.84545
1.8338
1.82309
1.81363
1.8057
1.79948
1.79497
1.79194
1.79008
1.78905
1.78861
1.78866
1.7892
1.79024
1.79169
1.79352
1.79573
1.79835
1.8015
1.80521
1.80917
1.8132
1.81748
1.82221
1.82748
1.83326
1.83932
1.84525
1.85063
1.85562
1.86071
1.86603
1.87167
1.87773
1.88428
1.89136
1.89896
1.90754
1.9175
1.92871
1.94067
1.9528
1.9647
1.97608
1.98688
1.99775
2.00905
2.0205
2.03206
2.04366
2.05501
2.06647
2.07873
2.09153
2.10417
2.11644
2.12819
2.13925
2.1502
2.16201
2.17481
2.18799
2.20123
2.21449
2.22777
2.24124
2.25524
2.26958
2.28361
2.29727
2.31133
2.32623
2.34122
2.3551
2.36743
2.37845
2.38814
2.39605
2.40196
2.40623
2.40944
2.41207
2.4147
2.41812
2.42291
2.42899
2.43574
2.44247
2.44864
2.45371
2.45705
2.45824
2.45728
2.45488
2.4516
2.44808
1.89825
1.88413
1.87133
1.85846
1.84565
1.83356
1.82265
1.81333
1.80583
1.8002
1.7962
1.79348
1.79165
1.79043
1.7896
1.78911
1.78899
1.78928
1.79
1.79126
1.79326
1.79602
1.79939
1.80316
1.80702
1.81088
1.81517
1.82023
1.82597
1.83208
1.8382
1.84402
1.84927
1.85411
1.85905
1.86431
1.8699
1.87584
1.88228
1.88941
1.89725
1.9061
1.91624
1.92758
1.93973
1.95227
1.9649
1.97721
1.98898
2.00062
2.01219
2.02334
2.03417
2.04488
2.05558
2.06694
2.07947
2.09255
2.10526
2.11729
2.12857
2.13921
2.15003
2.1619
2.17467
2.18768
2.20073
2.21393
2.22741
2.24142
2.25612
2.27097
2.28511
2.29857
2.31232
2.32698
2.34191
2.35597
2.36866
2.37997
2.3897
2.39745
2.40322
2.40754
2.41099
2.41401
2.41709
2.42087
2.42581
2.43186
2.43862
2.44557
2.45215
2.4576
2.46102
2.46188
2.4602
2.45691
2.45279
2.44849
1.89804
1.88408
1.87112
1.85789
1.84477
1.83264
1.82202
1.81327
1.80645
1.80139
1.79773
1.79508
1.79306
1.79142
1.78998
1.78872
1.78778
1.78731
1.78749
1.78852
1.79058
1.79347
1.79675
1.8002
1.80379
1.80768
1.81229
1.81786
1.82411
1.8305
1.83663
1.84234
1.84755
1.85238
1.85725
1.86246
1.86808
1.87411
1.88068
1.88795
1.89597
1.90492
1.91505
1.92635
1.93866
1.95176
1.96537
1.97877
1.99146
2.00364
2.01528
2.02618
2.03659
2.04677
2.05703
2.06825
2.08086
2.09397
2.10656
2.1183
2.12916
2.13948
2.15022
2.16203
2.17458
2.18731
2.20025
2.2137
2.22779
2.24267
2.25821
2.27359
2.28789
2.30129
2.31492
2.32939
2.34407
2.35792
2.37053
2.38181
2.39145
2.3991
2.40489
2.40948
2.41343
2.41705
2.4206
2.42452
2.42924
2.43491
2.44139
2.44834
2.45513
2.46075
2.46406
2.46438
2.46191
2.45773
2.45295
2.44804
1.89657
1.88256
1.86938
1.85602
1.84302
1.83135
1.82139
1.81331
1.80702
1.80227
1.79868
1.79585
1.79345
1.79121
1.78904
1.78703
1.78544
1.78456
1.78461
1.78567
1.7877
1.79036
1.79319
1.79619
1.79969
1.80397
1.80924
1.81544
1.82217
1.82885
1.83505
1.84071
1.84588
1.85069
1.85549
1.86068
1.86648
1.87287
1.87983
1.88734
1.89541
1.90428
1.91432
1.92563
1.93815
1.95179
1.96622
1.98046
1.99375
2.00613
2.01769
2.02851
2.03898
2.04912
2.05918
2.07012
2.08247
2.09541
2.10797
2.11972
2.13057
2.14089
2.15166
2.16336
2.17556
2.18791
2.20074
2.2145
2.22933
2.24517
2.26154
2.27734
2.29172
2.30507
2.31861
2.33284
2.34706
2.36041
2.37261
2.38368
2.39329
2.40113
2.40736
2.41259
2.41722
2.42133
2.42503
2.42874
2.43303
2.43826
2.4444
2.45114
2.45775
2.46305
2.46581
2.46536
2.46214
2.45738
2.45224
2.44705
1.89349
1.87942
1.86626
1.85317
1.84072
1.82969
1.82033
1.8127
1.80665
1.80195
1.79822
1.79508
1.79217
1.78931
1.78652
1.78405
1.78222
1.78133
1.78147
1.78251
1.78419
1.78627
1.78858
1.79138
1.79514
1.80009
1.80613
1.81293
1.82008
1.82707
1.83341
1.83901
1.84404
1.84877
1.85362
1.85904
1.8653
1.87229
1.87978
1.88754
1.89554
1.90421
1.91416
1.9256
1.93836
1.95231
1.96708
1.98165
1.99522
2.00778
2.01945
2.03059
2.04158
2.05214
2.06221
2.07276
2.08452
2.09709
2.10976
2.12194
2.13318
2.14377
2.1546
2.16608
2.17786
2.18984
2.20252
2.21643
2.2317
2.24818
2.26514
2.28125
2.29569
2.30902
2.32245
2.33639
2.35014
2.36301
2.37492
2.38593
2.39574
2.40404
2.41099
2.417
2.42218
2.42638
2.42974
2.43293
2.43675
2.44157
2.44734
2.45369
2.45982
2.46451
2.46654
2.46542
2.46168
2.45674
2.45145
2.44607
1.88903
1.87511
1.86226
1.84969
1.83782
1.82729
1.81828
1.81085
1.80488
1.80012
1.79616
1.7926
1.78916
1.78577
1.78263
1.78007
1.77836
1.77763
1.7778
1.77855
1.77966
1.78113
1.78316
1.78608
1.79025
1.79579
1.80245
1.80978
1.81733
1.82464
1.83117
1.83673
1.84161
1.84636
1.85152
1.85749
1.86442
1.87205
1.87997
1.88788
1.8958
1.90435
1.91437
1.92608
1.93908
1.95305
1.96765
1.98207
1.99584
2.00884
2.02109
2.03296
2.04471
2.05579
2.06598
2.07618
2.08728
2.09945
2.11232
2.12511
2.13697
2.14793
2.15879
2.17
2.18144
2.19322
2.20584
2.21971
2.23496
2.25152
2.26863
2.2849
2.2995
2.31297
2.3264
2.34011
2.35354
2.36625
2.37828
2.38962
2.39987
2.40872
2.41631
2.42283
2.42815
2.43204
2.43485
2.43745
2.44069
2.44488
2.44995
2.45557
2.46103
2.46512
2.46665
2.46523
2.46137
2.45641
2.45108
2.44536
1.88374
1.87012
1.85769
1.84556
1.83405
1.82384
1.81509
1.80785
1.80197
1.7971
1.7928
1.78874
1.78479
1.78105
1.77781
1.77537
1.77388
1.77323
1.77321
1.77353
1.77409
1.77515
1.77706
1.78011
1.78451
1.79038
1.79753
1.80543
1.81349
1.82118
1.82793
1.83352
1.83841
1.84337
1.84907
1.85578
1.86338
1.87144
1.8796
1.8877
1.89582
1.90466
1.91506
1.92714
1.94025
1.95394
1.96795
1.98197
1.99594
2.00969
2.0229
2.03569
2.0481
2.05953
2.06988
2.08002
2.09091
2.10299
2.11617
2.12954
2.14196
2.15327
2.16418
2.1752
2.18646
2.19821
2.21085
2.2245
2.23931
2.25538
2.27216
2.28839
2.30326
2.31713
2.33084
2.34454
2.35787
2.3707
2.38314
2.39503
2.40583
2.41515
2.42307
2.42968
2.43479
2.43831
2.44076
2.44299
2.44565
2.44895
2.45293
2.45752
2.46216
2.46571
2.46694
2.46541
2.46156
2.45652
2.45103
2.44487
1.87796
1.86461
1.85244
1.84058
1.82941
1.81958
1.81124
1.80429
1.79846
1.79336
1.7886
1.78399
1.77961
1.77568
1.77243
1.77011
1.7687
1.76794
1.76757
1.76745
1.76761
1.76834
1.77005
1.77303
1.77748
1.7836
1.79132
1.79997
1.80865
1.81671
1.82365
1.8294
1.83452
1.83991
1.84623
1.85362
1.86174
1.8701
1.87853
1.88709
1.89591
1.90553
1.91655
1.92891
1.94185
1.95495
1.96818
1.98175
1.99602
2.01066
2.02492
2.03854
2.05135
2.06292
2.07347
2.084
2.0953
2.10779
2.12136
2.13505
2.14771
2.15924
2.17028
2.1813
2.19254
2.20431
2.21681
2.23003
2.24416
2.25954
2.27582
2.29194
2.30716
2.3217
2.33601
2.35005
2.36354
2.3766
2.38942
2.40176
2.41293
2.42251
2.43048
2.4369
2.44171
2.44503
2.44743
2.44956
2.45177
2.45425
2.45721
2.46082
2.46464
2.46755
2.46831
2.4664
2.46229
2.45703
2.45117
2.44452
1.87158
1.85842
1.84643
1.83491
1.82426
1.81505
1.80722
1.80054
1.79464
1.78919
1.78395
1.77889
1.7742
1.7701
1.76677
1.76435
1.76277
1.76173
1.76097
1.76048
1.76031
1.7607
1.76208
1.76491
1.76952
1.7761
1.78451
1.7939
1.80312
1.81143
1.81855
1.82463
1.83027
1.83628
1.8432
1.85109
1.85955
1.86821
1.8771
1.8865
1.89641
1.90703
1.91865
1.93105
1.9436
1.95605
1.96864
1.982
1.99669
2.01215
2.02722
2.04133
2.05422
2.06576
2.07657
2.08769
2.09969
2.11278
2.12665
2.14034
2.15298
2.1647
2.17612
2.18752
2.19901
2.21081
2.223
2.23562
2.24911
2.264
2.28006
2.29629
2.31204
2.3274
2.34251
2.35712
2.37098
2.38429
2.39732
2.40979
2.42103
2.43059
2.43845
2.44468
2.4493
2.45259
2.45502
2.45709
2.459
2.46093
2.46317
2.46596
2.46889
2.47086
2.47073
2.46808
2.46338
2.45776
2.45149
2.44424
1.86447
1.85149
1.83979
1.82882
1.81887
1.81031
1.80293
1.79641
1.79041
1.78471
1.77918
1.77384
1.76887
1.76451
1.76088
1.7581
1.75613
1.75472
1.75362
1.75283
1.75241
1.75251
1.75367
1.75657
1.76159
1.76875
1.77772
1.78755
1.79706
1.80559
1.81307
1.81975
1.82615
1.83282
1.84017
1.84829
1.85694
1.86591
1.87544
1.88584
1.89695
1.90852
1.92055
1.93284
1.94508
1.95725
1.96964
1.98311
1.9982
2.01412
2.02953
2.04372
2.05646
2.06796
2.0791
2.09075
2.10327
2.11671
2.13066
2.14427
2.15703
2.16929
2.18152
2.19373
2.20578
2.21772
2.22959
2.24165
2.25468
2.26944
2.28565
2.30228
2.31868
2.33481
2.35063
2.36575
2.37994
2.39347
2.4066
2.41901
2.43009
2.43948
2.44724
2.45345
2.45816
2.46159
2.46416
2.46624
2.46799
2.46947
2.47097
2.47271
2.47436
2.475
2.47363
2.47007
2.46474
2.45865
2.45198
2.44408
1.85667
1.84391
1.8326
1.8222
1.81287
1.80483
1.79782
1.79152
1.78565
1.77999
1.77442
1.7689
1.7636
1.75877
1.75462
1.75131
1.74889
1.74716
1.74584
1.74486
1.7443
1.74434
1.74557
1.74877
1.75426
1.76182
1.77098
1.7809
1.7906
1.79956
1.8077
1.8152
1.82235
1.82946
1.8369
1.84498
1.85373
1.86306
1.87326
1.88459
1.89669
1.90899
1.92132
1.93358
1.94585
1.95824
1.97093
1.98467
1.9999
2.01579
2.03112
2.04525
2.05801
2.0698
2.08146
2.09355
2.10622
2.11956
2.13335
2.14701
2.16028
2.17353
2.18688
2.20002
2.21269
2.22486
2.23661
2.24839
2.26129
2.27613
2.29262
2.3097
2.32671
2.34349
2.35979
2.37516
2.3895
2.40317
2.41637
2.42873
2.43962
2.44886
2.4566
2.46298
2.46801
2.47185
2.47489
2.47737
2.47917
2.48015
2.48055
2.48076
2.48072
2.47976
2.47709
2.47258
2.46668
2.46003
2.45278
2.44425
1.84821
1.83562
1.82457
1.81454
1.80565
1.79806
1.79155
1.78575
1.78031
1.77495
1.76943
1.7637
1.75796
1.75256
1.74785
1.74405
1.74126
1.73932
1.73788
1.73682
1.73629
1.73655
1.7381
1.74162
1.74735
1.75497
1.76405
1.77398
1.78403
1.79365
1.80261
1.81086
1.81849
1.82572
1.83303
1.84102
1.84993
1.85966
1.87043
1.88232
1.89494
1.90766
1.92024
1.93274
1.94544
1.95844
1.97169
1.9857
2.00081
2.01639
2.0316
2.04592
2.05918
2.07173
2.08414
2.09658
2.10908
2.12198
2.13544
2.14922
2.16327
2.17765
2.19202
2.20584
2.21894
2.23142
2.24342
2.2555
2.26874
2.28388
2.3006
2.318
2.33551
2.35286
2.36957
2.38511
2.39951
2.41326
2.42653
2.43885
2.44966
2.45886
2.46669
2.47327
2.47864
2.48304
2.48683
2.48994
2.49183
2.49213
2.49119
2.48972
2.488
2.48553
2.48169
2.47625
2.46956
2.46225
2.45427
2.44503
1.83901
1.82637
1.81537
1.80554
1.79704
1.79005
1.78421
1.77908
1.77419
1.76911
1.76358
1.75762
1.75151
1.74568
1.74056
1.73639
1.73331
1.7312
1.72969
1.72867
1.72836
1.72903
1.731
1.7347
1.74037
1.74784
1.75683
1.76695
1.77753
1.78789
1.79753
1.80624
1.81413
1.82146
1.8288
1.83688
1.84603
1.85604
1.86697
1.87885
1.89143
1.90426
1.91716
1.93025
1.94378
1.95758
1.97139
1.98559
2.00049
2.0158
2.03111
2.04599
2.06012
2.07362
2.08677
2.09947
2.11181
2.12437
2.1376
2.15161
2.16637
2.18161
2.19661
2.21076
2.22414
2.23705
2.24973
2.26267
2.27672
2.29238
2.3093
2.32687
2.34476
2.36266
2.37985
2.39571
2.41034
2.42425
2.43757
2.44985
2.46066
2.47001
2.47807
2.48491
2.49061
2.49554
2.49995
2.50342
2.50507
2.5045
2.50233
2.49953
2.49652
2.49283
2.48785
2.4814
2.47371
2.46556
2.4569
2.44692
1.82905
1.81625
1.80523
1.79563
1.78758
1.78119
1.77595
1.77133
1.76677
1.76185
1.75632
1.75027
1.74402
1.73799
1.7326
1.72813
1.72477
1.72251
1.72107
1.72033
1.72044
1.72156
1.72382
1.72752
1.733
1.74034
1.74945
1.75996
1.77113
1.78211
1.79221
1.80123
1.8094
1.8171
1.82486
1.83328
1.84255
1.85239
1.86289
1.87422
1.88643
1.89935
1.91274
1.92669
1.94123
1.95578
1.96997
1.98422
1.99898
2.0143
2.03003
2.04568
2.06073
2.07508
2.0888
2.1018
2.11436
2.12712
2.14054
2.15479
2.1699
2.18541
2.20049
2.21473
2.22843
2.24198
2.25555
2.26952
2.28452
2.3008
2.31802
2.33583
2.35413
2.37257
2.3903
2.40667
2.42175
2.43597
2.44939
2.46165
2.47253
2.48214
2.49058
2.49781
2.50396
2.5094
2.51419
2.51764
2.51881
2.5175
2.51449
2.51085
2.50687
2.50208
2.49589
2.48829
2.47963
2.4706
2.46126
2.45058
1.81876
1.80589
1.79494
1.78558
1.77782
1.77168
1.76663
1.7621
1.75763
1.75283
1.74746
1.74153
1.7353
1.72918
1.7236
1.71893
1.71546
1.71327
1.71218
1.71197
1.71255
1.71395
1.71624
1.71981
1.72521
1.73271
1.7422
1.75319
1.76481
1.77617
1.78659
1.79598
1.80468
1.81307
1.8215
1.83033
1.83949
1.84872
1.85828
1.86881
1.88068
1.89385
1.90791
1.92267
1.93794
1.95296
1.96735
1.98167
1.99658
2.01238
2.02886
2.04533
2.06113
2.07611
2.09029
2.10375
2.11693
2.13034
2.14417
2.1585
2.17338
2.18846
2.20318
2.21746
2.23171
2.24615
2.26072
2.27568
2.29156
2.30854
2.32632
2.34473
2.36372
2.38283
2.40115
2.41808
2.43369
2.44831
2.46191
2.47421
2.48521
2.49506
2.50383
2.51142
2.51801
2.52388
2.52892
2.53237
2.53336
2.5318
2.52845
2.52423
2.51933
2.51339
2.50603
2.49735
2.48783
2.47804
2.46788
2.45632
1.8088
1.79596
1.78509
1.77568
1.7677
1.76125
1.75592
1.75124
1.74677
1.74213
1.73699
1.73124
1.72506
1.71891
1.71335
1.70887
1.70575
1.70405
1.70354
1.70381
1.70461
1.70596
1.70812
1.71168
1.71731
1.72531
1.73536
1.7467
1.75846
1.76988
1.78053
1.79048
1.80004
1.80937
1.8185
1.82759
1.83642
1.84487
1.8534
1.86315
1.87482
1.88835
1.90301
1.91828
1.93381
1.94895
1.96356
1.97824
1.9937
2.01031
2.02767
2.0448
2.06106
2.07648
2.09119
2.10537
2.11942
2.13352
2.14757
2.16161
2.17584
2.1902
2.20451
2.21901
2.23405
2.24955
2.26521
2.28121
2.29805
2.3159
2.33456
2.35395
2.37395
2.39393
2.41294
2.43043
2.44654
2.46154
2.47535
2.48781
2.49899
2.50906
2.51801
2.52578
2.53257
2.53868
2.54398
2.54774
2.54905
2.54767
2.5442
2.53942
2.53365
2.52667
2.51835
2.50886
2.49852
2.4879
2.47678
2.46408
1.79942
1.78648
1.77537
1.76544
1.75673
1.74961
1.74383
1.73896
1.73446
1.72988
1.72482
1.71916
1.71315
1.70732
1.7023
1.69861
1.69637
1.6954
1.69532
1.69569
1.69632
1.69745
1.69965
1.70359
1.70982
1.7184
1.72881
1.74018
1.75175
1.76304
1.77395
1.78466
1.79532
1.80567
1.81538
1.82448
1.83283
1.84058
1.84838
1.8576
1.86921
1.88298
1.89798
1.91343
1.92885
1.94393
1.95885
1.97416
1.99035
2.00765
2.02556
2.04303
2.05961
2.07556
2.09114
2.10645
2.12154
2.13615
2.15006
2.16354
2.17711
2.19094
2.20514
2.22004
2.23585
2.25229
2.26901
2.28623
2.30433
2.32333
2.34306
2.36352
2.38457
2.40549
2.42527
2.4434
2.46001
2.47532
2.48931
2.50195
2.5134
2.52379
2.53301
2.541
2.54798
2.55435
2.56011
2.56443
2.5662
2.56501
2.56136
2.55609
2.54964
2.54192
2.53287
2.52269
2.51151
2.49985
2.48765
2.47373
1.79005
1.77667
1.7649
1.75414
1.74463
1.73686
1.73066
1.72554
1.72087
1.71609
1.71093
1.70545
1.70002
1.69512
1.69125
1.68874
1.68749
1.68707
1.68704
1.68716
1.68751
1.68863
1.69127
1.69596
1.70288
1.71181
1.72216
1.73326
1.74458
1.75589
1.76719
1.77871
1.79038
1.80154
1.81156
1.82046
1.82838
1.83572
1.8433
1.8524
1.86402
1.87781
1.89274
1.90807
1.9233
1.93835
1.95364
1.96958
1.98636
2.00397
2.02188
2.03939
2.05638
2.07321
2.09005
2.10678
2.1229
2.1378
2.15135
2.1643
2.1775
2.19127
2.20574
2.22113
2.23752
2.25465
2.27241
2.29107
2.31077
2.33117
2.35202
2.37343
2.39537
2.41713
2.43771
2.45656
2.47372
2.48931
2.50337
2.51609
2.52779
2.53861
2.54835
2.55681
2.56426
2.57124
2.57769
2.58259
2.58466
2.58349
2.57967
2.57413
2.56725
2.55899
2.54926
2.53827
2.52622
2.51358
2.50028
2.48514
1.77973
1.76563
1.75303
1.7415
1.73142
1.72321
1.71659
1.71104
1.70598
1.70095
1.6958
1.69079
1.68637
1.68285
1.68037
1.67898
1.67843
1.67822
1.67804
1.67798
1.67839
1.67993
1.68328
1.68873
1.6962
1.70525
1.71537
1.72618
1.73746
1.74904
1.76079
1.77282
1.78498
1.79646
1.80656
1.81527
1.82308
1.83047
1.83829
1.84756
1.85909
1.87258
1.88713
1.9022
1.91745
1.93284
1.94863
1.96503
1.98207
1.9996
2.01718
2.03458
2.05204
2.06987
2.08797
2.10588
2.12276
2.13781
2.15119
2.16404
2.17739
2.19154
2.20653
2.22249
2.23944
2.25728
2.2762
2.29644
2.31775
2.33951
2.36142
2.38374
2.40651
2.42905
2.45039
2.46993
2.48761
2.50345
2.51759
2.53043
2.54247
2.55386
2.56424
2.57334
2.58152
2.58928
2.59639
2.60166
2.60387
2.60277
2.59902
2.5934
2.58612
2.57719
2.56673
2.555
2.54221
2.52881
2.51452
2.4981
1.76789
1.75299
1.7397
1.72762
1.71717
1.70865
1.70161
1.69553
1.69007
1.68494
1.68008
1.67578
1.67247
1.67024
1.66893
1.66836
1.66825
1.66819
1.66806
1.66822
1.66919
1.67149
1.67558
1.68162
1.68947
1.69872
1.70887
1.71968
1.7311
1.74293
1.75483
1.76684
1.77886
1.79021
1.80027
1.80903
1.81709
1.82489
1.8331
1.84257
1.85388
1.86689
1.88107
1.89605
1.91165
1.92775
1.94421
1.96088
1.97784
1.99505
2.0123
2.02969
2.04764
2.06623
2.08512
2.10364
2.12086
2.13611
2.14982
2.16322
2.17718
2.19188
2.20739
2.22393
2.24161
2.26049
2.28077
2.30249
2.32507
2.3478
2.3706
2.3939
2.41766
2.44106
2.46308
2.48317
2.50123
2.51732
2.53173
2.54505
2.55786
2.57013
2.58131
2.59114
2.60002
2.6084
2.6159
2.62138
2.62379
2.62296
2.6194
2.61358
2.60573
2.59603
2.58491
2.57275
2.55951
2.54542
2.53018
2.51246
1.75461
1.73895
1.72512
1.71267
1.70191
1.69317
1.68586
1.67944
1.67368
1.66855
1.66405
1.66036
1.65783
1.6565
1.65602
1.65609
1.65647
1.65685
1.65721
1.65802
1.65984
1.66306
1.6679
1.67446
1.68273
1.69244
1.70303
1.71414
1.72569
1.73746
1.74906
1.7605
1.77192
1.78289
1.79294
1.80199
1.8105
1.81881
1.82733
1.83686
1.84794
1.86059
1.87463
1.88983
1.90596
1.92278
1.93982
1.95669
1.97354
1.9906
2.00789
2.02562
2.04402
2.06298
2.08205
2.10062
2.11789
2.13347
2.14793
2.16228
2.17701
2.19222
2.20818
2.22537
2.24401
2.2642
2.28595
2.30892
2.33237
2.35579
2.37944
2.40383
2.4287
2.45297
2.47558
2.49608
2.51443
2.53084
2.54577
2.55998
2.57394
2.58734
2.59946
2.61004
2.61955
2.62836
2.63613
2.64187
2.64463
2.64412
2.64058
2.63432
2.6258
2.61553
2.60407
2.59172
2.57818
2.5634
2.54716
2.52815
1.74032
1.72382
1.70951
1.6968
1.68585
1.677
1.66964
1.66306
1.65703
1.65173
1.64732
1.64393
1.64185
1.64111
1.64127
1.64198
1.64306
1.6443
1.64561
1.64737
1.65011
1.65421
1.65984
1.66707
1.676
1.68645
1.69777
1.7093
1.72087
1.73225
1.74316
1.75376
1.76438
1.77491
1.78496
1.79444
1.80343
1.81215
1.82088
1.83037
1.8413
1.85386
1.86805
1.88362
1.90022
1.91751
1.93492
1.95207
1.96918
1.98658
2.00439
2.02267
2.04132
2.06015
2.07894
2.09732
2.11466
2.13073
2.14606
2.16133
2.17675
2.19251
2.20914
2.22723
2.247
2.26845
2.29142
2.3154
2.33964
2.36389
2.3886
2.41413
2.43992
2.46482
2.48791
2.50888
2.52775
2.54476
2.5605
2.57577
2.59088
2.6053
2.61825
2.62954
2.63961
2.64886
2.65702
2.66317
2.66629
2.66593
2.66219
2.65553
2.64657
2.63604
2.62451
2.61204
2.59813
2.58275
2.56562
2.54534
1.72549
1.70797
1.69316
1.68036
1.66943
1.6605
1.653
1.64618
1.63975
1.63402
1.62941
1.6261
1.6243
1.62404
1.62486
1.62632
1.62831
1.63067
1.63321
1.63608
1.63969
1.64456
1.65104
1.65921
1.66912
1.68056
1.69268
1.70462
1.71604
1.72682
1.73692
1.74671
1.75665
1.76684
1.77689
1.7867
1.79608
1.80503
1.8139
1.82345
1.83442
1.84718
1.8617
1.87763
1.89452
1.91197
1.92959
1.94726
1.96512
1.9833
2.0018
2.02046
2.03899
2.05733
2.07569
2.09397
2.1116
2.12827
2.14434
2.16023
2.17622
2.19274
2.21048
2.22981
2.25071
2.27309
2.29689
2.32169
2.34691
2.37237
2.39837
2.42487
2.45119
2.47638
2.49991
2.52162
2.54144
2.55949
2.57632
2.59268
2.60875
2.62396
2.63757
2.64946
2.66011
2.66992
2.67861
2.68515
2.68851
2.68822
2.68442
2.67768
2.66862
2.658
2.64641
2.63385
2.61967
2.60377
2.58578
2.56421
1.71067
1.69203
1.67669
1.66381
1.65285
1.6436
1.63554
1.62817
1.62123
1.61506
1.61024
1.60699
1.60544
1.60562
1.60716
1.60958
1.61264
1.61616
1.61991
1.62386
1.62836
1.63407
1.64154
1.65087
1.66195
1.67438
1.6872
1.6994
1.71061
1.72083
1.73027
1.73951
1.74909
1.75906
1.76905
1.7789
1.78847
1.7976
1.80667
1.81652
1.82785
1.84096
1.8557
1.87174
1.88869
1.90618
1.92406
1.94247
1.96145
1.98068
1.99981
2.01852
2.03661
2.0544
2.07249
2.0909
2.10895
2.12619
2.14277
2.1591
2.1757
2.1933
2.21245
2.23312
2.25503
2.27816
2.30271
2.32846
2.3549
2.38172
2.40884
2.43597
2.46249
2.4879
2.51202
2.53471
2.55568
2.57485
2.59276
2.61011
2.62703
2.64295
2.6572
2.66972
2.68102
2.69148
2.70067
2.70755
2.7112
2.71122
2.70778
2.70124
2.69221
2.68156
2.66997
2.65746
2.64315
2.62668
2.60759
2.58445
1.69638
1.67667
1.66062
1.6472
1.63573
1.62576
1.61675
1.6086
1.60122
1.59481
1.58994
1.58689
1.58567
1.58631
1.58861
1.59212
1.59636
1.60098
1.60576
1.61075
1.61628
1.62303
1.63162
1.64212
1.65423
1.66739
1.6806
1.69293
1.70404
1.71399
1.72312
1.73212
1.74159
1.7514
1.76125
1.77095
1.78052
1.78995
1.79948
1.80981
1.82157
1.83493
1.84959
1.8653
1.88206
1.89974
1.91824
1.93767
1.95783
1.97804
1.99767
2.01631
2.03403
2.0516
2.0698
2.08849
2.1069
2.12454
2.1416
2.15856
2.17613
2.19505
2.21555
2.23727
2.25998
2.284
2.30969
2.33677
2.36449
2.3923
2.41998
2.44732
2.47403
2.49998
2.52504
2.54885
2.57082
2.59085
2.60955
2.62768
2.64536
2.66196
2.67686
2.69007
2.70213
2.71326
2.72294
2.73028
2.73452
2.73527
2.73246
2.72622
2.7173
2.7068
2.69548
2.6831
2.66848
2.65107
2.63051
2.60552
1.68279
1.66192
1.64481
1.63009
1.61734
1.60627
1.59624
1.58735
1.57969
1.57331
1.5686
1.56592
1.56527
1.56653
1.56959
1.57412
1.57957
1.58533
1.59116
1.59721
1.60387
1.61174
1.62136
1.63273
1.6455
1.65904
1.67238
1.68476
1.69593
1.70595
1.71513
1.72415
1.73365
1.7434
1.75314
1.76273
1.7723
1.78208
1.79231
1.80327
1.8153
1.82856
1.84285
1.85807
1.87455
1.89249
1.91184
1.93238
1.95351
1.97442
1.9944
2.01311
2.03094
2.04889
2.06761
2.08672
2.10542
2.12347
2.14121
2.15923
2.17817
2.19847
2.22001
2.24241
2.26585
2.29107
2.31832
2.34688
2.3756
2.40384
2.43157
2.45892
2.48601
2.51281
2.53901
2.56388
2.58668
2.60738
2.62673
2.64555
2.66387
2.68106
2.69656
2.71053
2.72342
2.73527
2.74558
2.75364
2.75877
2.76044
2.75831
2.75253
2.74402
2.73396
2.72297
2.71046
2.69501
2.67622
2.65402
2.62713
1.66941
1.64708
1.62849
1.61185
1.59723
1.58482
1.57388
1.56443
1.55672
1.55064
1.5463
1.54412
1.54421
1.54633
1.55028
1.55581
1.56245
1.56947
1.57647
1.58361
1.59131
1.60011
1.61044
1.6223
1.63538
1.64905
1.66238
1.67474
1.68605
1.69635
1.70584
1.71511
1.72471
1.73457
1.74438
1.75415
1.76401
1.77422
1.78508
1.79666
1.80891
1.82185
1.83558
1.8504
1.86675
1.88499
1.90506
1.92634
1.94799
1.96926
1.98958
2.00875
2.02728
2.04615
2.0657
2.08537
2.10455
2.12328
2.14206
2.16143
2.18185
2.20341
2.2258
2.24892
2.27342
2.30013
2.32893
2.35856
2.38773
2.41604
2.44378
2.47136
2.499
2.5266
2.55367
2.57932
2.6028
2.62418
2.64426
2.66376
2.68264
2.70032
2.71647
2.73131
2.74512
2.75778
2.76887
2.77779
2.78389
2.78653
2.78524
2.78026
2.77247
2.7629
2.75187
2.73871
2.72209
2.70185
2.67801
2.64928
1.65557
1.63125
1.61083
1.59211
1.57539
1.56151
1.5498
1.53998
1.53238
1.52682
1.52306
1.52142
1.52228
1.52549
1.53065
1.53737
1.54521
1.55345
1.56157
1.56967
1.57821
1.58775
1.59859
1.61071
1.62389
1.63753
1.65073
1.66298
1.67434
1.68496
1.69489
1.70465
1.71452
1.72466
1.73485
1.74512
1.7556
1.76641
1.77773
1.78965
1.80205
1.81485
1.82832
1.84303
1.85944
1.87788
1.89823
1.91975
1.94155
1.96305
1.98386
2.00383
2.02344
2.04345
2.06394
2.08438
2.10445
2.12437
2.1445
2.16522
2.18683
2.20938
2.23268
2.25696
2.28299
2.31125
2.34107
2.37103
2.40019
2.4286
2.45675
2.48494
2.5132
2.54139
2.56902
2.59524
2.61936
2.64144
2.66223
2.68233
2.7017
2.71995
2.73696
2.75285
2.76762
2.78107
2.79289
2.80263
2.80974
2.81349
2.81338
2.80944
2.80231
2.79287
2.78144
2.76742
2.74965
2.72802
2.70258
2.67196
1.64087
1.614
1.59142
1.57071
1.55198
1.53666
1.52432
1.51429
1.50673
1.50162
1.49856
1.49762
1.49937
1.50385
1.51049
1.5186
1.5276
1.53684
1.54584
1.55474
1.56406
1.57433
1.58574
1.5981
1.61125
1.62472
1.6377
1.64972
1.66099
1.6718
1.68224
1.69265
1.70315
1.71379
1.72457
1.73552
1.7467
1.75813
1.76983
1.78192
1.79447
1.80743
1.82114
1.83617
1.85289
1.87143
1.8916
1.91284
1.93459
1.95644
1.97797
1.99897
2.01979
2.04093
2.06239
2.08386
2.10529
2.12676
2.14833
2.17021
2.19274
2.21616
2.24058
2.26635
2.29401
2.32347
2.35368
2.38351
2.41266
2.44149
2.47032
2.49916
2.52794
2.55667
2.58493
2.61186
2.63668
2.65943
2.68081
2.70145
2.72144
2.74056
2.75864
2.77558
2.79118
2.80526
2.81768
2.82825
2.83651
2.8416
2.84278
2.83972
2.83294
2.82338
2.81155
2.79682
2.77796
2.75489
2.72775
2.69518
1.62516
1.59532
1.57029
1.54771
1.5273
1.51065
1.49775
1.48755
1.47979
1.47478
1.47238
1.47248
1.47543
1.48129
1.48941
1.49883
1.50882
1.51883
1.52859
1.53829
1.54851
1.55977
1.57198
1.58469
1.5977
1.6108
1.62342
1.63524
1.64647
1.65739
1.66833
1.67945
1.69084
1.70231
1.71378
1.72535
1.73707
1.74894
1.76094
1.77326
1.7862
1.7998
1.8142
1.82974
1.84671
1.86518
1.88494
1.90579
1.92756
1.94994
1.97233
1.9944
2.01639
2.03866
2.06124
2.08405
2.10705
2.13006
2.1529
2.17582
2.19937
2.22394
2.2497
2.27689
2.30568
2.33565
2.36589
2.3958
2.42544
2.45503
2.4845
2.51371
2.54288
2.57225
2.60138
2.62914
2.65465
2.678
2.70004
2.72148
2.74243
2.76265
2.78179
2.79957
2.8158
2.83039
2.84345
2.85501
2.86454
2.87096
2.87315
2.87066
2.86415
2.85468
2.84262
2.82721
2.80716
2.78259
2.75382
2.71934
1.60825
1.57536
1.54776
1.52343
1.50171
1.48379
1.47007
1.45956
1.45151
1.44637
1.44449
1.44583
1.45026
1.45753
1.4669
1.47733
1.48809
1.49881
1.50942
1.52016
1.53157
1.54408
1.55732
1.57052
1.58337
1.59593
1.60811
1.61984
1.63126
1.6425
1.65397
1.66584
1.67815
1.69058
1.70286
1.71485
1.72674
1.73882
1.75123
1.76413
1.77777
1.79227
1.80754
1.8236
1.84067
1.85893
1.87835
1.89898
1.92097
1.94395
1.96714
1.99016
2.01325
2.03673
2.06069
2.08504
2.10953
2.13373
2.15754
2.18151
2.20641
2.23248
2.25963
2.2878
2.31702
2.347
2.37734
2.40783
2.43844
2.46894
2.49893
2.52849
2.55823
2.58848
2.61849
2.64692
2.67298
2.69707
2.72015
2.74281
2.76498
2.78625
2.80624
2.82472
2.84157
2.85679
2.87068
2.88331
2.89399
2.90145
2.90437
2.90249
2.8965
2.88732
2.87503
2.85881
2.83756
2.8117
2.78149
2.7452
1.58985
1.55426
1.52417
1.49808
1.47531
1.4562
1.44123
1.43008
1.42184
1.41669
1.41526
1.4177
1.42356
1.43214
1.44249
1.45366
1.46504
1.47658
1.48839
1.50059
1.51347
1.5273
1.54157
1.55533
1.5682
1.58038
1.59217
1.60392
1.61577
1.6277
1.63986
1.65256
1.66572
1.67891
1.6918
1.70415
1.71608
1.72815
1.74095
1.75469
1.76937
1.7849
1.80098
1.81742
1.83451
1.85261
1.87191
1.8927
1.91511
1.93864
1.96247
1.98629
2.01043
2.03521
2.06067
2.08656
2.11233
2.13746
2.16216
2.18736
2.21378
2.24131
2.2695
2.29817
2.32751
2.35759
2.38839
2.41976
2.45136
2.48258
2.5131
2.54335
2.57407
2.60528
2.63595
2.66482
2.69157
2.71684
2.74141
2.76551
2.78881
2.81094
2.83174
2.85109
2.86879
2.88487
2.89969
2.91327
2.9249
2.9332
2.93696
2.93593
2.93062
2.92165
2.90905
2.89216
2.87003
2.84311
2.81148
2.77322
1.56972
1.53192
1.49953
1.47147
1.44764
1.42759
1.41129
1.39916
1.39074
1.38583
1.3849
1.38815
1.39511
1.40474
1.41593
1.42779
1.4399
1.4525
1.46587
1.47988
1.49441
1.50946
1.52454
1.53885
1.55199
1.56421
1.57598
1.58796
1.60032
1.61312
1.62619
1.6397
1.6536
1.66739
1.68059
1.69305
1.70502
1.71716
1.73033
1.74489
1.76058
1.77698
1.79367
1.81049
1.82777
1.84597
1.86551
1.88675
1.90971
1.93375
1.95815
1.98281
2.00806
2.03412
2.06096
2.08815
2.115
2.14112
2.16705
2.19374
2.22156
2.25005
2.2787
2.30762
2.33728
2.36799
2.39966
2.43194
2.46425
2.49602
2.52722
2.55844
2.59017
2.62209
2.65317
2.68263
2.71055
2.73747
2.76368
2.78902
2.81325
2.83633
2.85829
2.87888
2.8977
2.91477
2.9305
2.945
2.95761
2.96686
2.97164
2.9715
2.96679
2.95803
2.94536
2.92813
2.90533
2.8773
2.84403
2.80342
1.54748
1.50775
1.47339
1.44313
1.41796
1.39732
1.38012
1.36698
1.35816
1.35355
1.3532
1.35713
1.36481
1.37519
1.38721
1.40003
1.41329
1.4273
1.44236
1.45817
1.47423
1.49032
1.5061
1.52102
1.5348
1.54758
1.5598
1.57211
1.58497
1.59851
1.61264
1.62714
1.64169
1.65584
1.66912
1.68158
1.69367
1.70608
1.71963
1.73472
1.75105
1.76796
1.78504
1.80231
1.82011
1.83882
1.8589
1.88078
1.90433
1.9289
1.95401
1.97968
2.00611
2.03338
2.06136
2.08958
2.11741
2.14473
2.17219
2.20046
2.22939
2.25833
2.28713
2.31637
2.34672
2.37837
2.41101
2.4441
2.47708
2.50957
2.54167
2.5738
2.60617
2.63845
2.67002
2.70055
2.7301
2.75872
2.78629
2.81266
2.83796
2.86244
2.88603
2.90814
2.92824
2.94643
2.96326
2.97894
2.99268
3.00304
3.00879
3.00947
3.00542
2.9972
2.98475
2.96727
2.94368
2.91437
2.87924
2.83596
1.52257
1.48075
1.44485
1.41262
1.38578
1.36455
1.34702
1.33322
1.32395
1.31951
1.31975
1.32436
1.33267
1.34371
1.35665
1.3708
1.3857
1.40144
1.41818
1.43544
1.45265
1.46961
1.48619
1.50206
1.51693
1.53063
1.54358
1.55632
1.56966
1.58387
1.59894
1.61445
1.62978
1.64435
1.65774
1.67017
1.68242
1.69521
1.70911
1.72442
1.74091
1.75799
1.77534
1.79316
1.8117
1.83116
1.85196
1.87452
1.89869
1.92392
1.94993
1.97671
2.0043
2.03271
2.06175
2.09097
2.11985
2.14848
2.17744
2.20698
2.23663
2.26592
2.29513
2.3251
2.35635
2.38884
2.42218
2.45597
2.48976
2.52318
2.55614
2.58885
2.62156
2.6543
2.68682
2.7188
2.74992
2.77989
2.80857
2.83616
2.86305
2.88943
2.9149
2.93868
2.96032
2.98003
2.99839
3.01555
3.03051
3.04195
3.04863
3.0503
3.04726
3.03979
3.02753
3.00964
2.98517
2.95451
2.91727
2.87108
1.49466
1.44996
1.41266
1.37914
1.35064
1.32845
1.31081
1.29699
1.28764
1.28337
1.28415
1.28952
1.29865
1.31058
1.32469
1.34044
1.35722
1.37479
1.39305
1.41151
1.42967
1.44752
1.4651
1.48219
1.49838
1.51325
1.52705
1.54047
1.5543
1.56912
1.58509
1.60159
1.61773
1.63281
1.64652
1.65913
1.67154
1.6846
1.69871
1.71401
1.7304
1.74752
1.76519
1.7836
1.80287
1.82309
1.84465
1.86794
1.89283
1.91891
1.94591
1.97372
2.00232
2.03177
2.06194
2.09233
2.12245
2.15237
2.18248
2.21279
2.24288
2.27269
2.30282
2.3339
2.36612
2.39929
2.43323
2.46774
2.50238
2.53656
2.57001
2.60306
2.6363
2.66998
2.7038
2.73712
2.76941
2.80049
2.83048
2.85976
2.88868
2.91717
2.94468
2.97048
2.99417
3.01589
3.03615
3.05489
3.07117
3.08373
3.09161
3.09456
3.09267
3.08586
3.07367
3.05538
3.03004
2.99787
2.95829
2.90874
1.46381
1.41484
1.37546
1.34113
1.31148
1.28823
1.27045
1.25717
1.24847
1.2448
1.24625
1.25243
1.26256
1.27576
1.29141
1.30896
1.32761
1.34689
1.36656
1.38617
1.4054
1.42434
1.44311
1.46155
1.47902
1.49508
1.50971
1.52395
1.53869
1.55443
1.57123
1.58851
1.60534
1.62097
1.63522
1.64831
1.661
1.67415
1.68827
1.7035
1.71981
1.73707
1.75519
1.77421
1.79407
1.81491
1.83722
1.86133
1.8871
1.91416
1.94215
1.97084
2.00027
2.03068
2.06199
2.09358
2.1249
2.15594
2.18689
2.21771
2.24825
2.27884
2.31009
2.34231
2.37539
2.40925
2.44394
2.47929
2.51461
2.54916
2.58289
2.61651
2.65079
2.68575
2.72073
2.75499
2.78827
2.82067
2.85242
2.88374
2.91483
2.94558
2.9755
3.00385
3.03002
3.05409
3.07644
3.09691
3.11475
3.12871
3.13805
3.14237
3.14157
3.1354
3.12339
3.10476
3.07846
3.04461
3.00241
2.94894
1.42962
1.37496
1.33222
1.29684
1.26673
1.243
1.22533
1.21301
1.20568
1.20333
1.20584
1.21298
1.22424
1.23889
1.25634
1.27585
1.29642
1.31742
1.33854
1.35946
1.37998
1.40027
1.42036
1.44001
1.45852
1.47553
1.49126
1.50663
1.52262
1.53965
1.55744
1.57542
1.59278
1.60891
1.62376
1.63756
1.65075
1.66407
1.67821
1.69347
1.70986
1.72737
1.74598
1.76547
1.78574
1.80711
1.83016
1.85514
1.88184
1.90984
1.93869
1.96814
1.99839
2.02977
2.06208
2.09457
2.12673
2.15854
2.19017
2.22159
2.25291
2.28455
2.31692
2.35004
2.38381
2.4184
2.45394
2.49002
2.52572
2.5605
2.5948
2.62955
2.66522
2.70134
2.73712
2.77221
2.80677
2.84093
2.87468
2.90812
2.94153
2.97494
3.00776
3.03896
3.06782
3.09444
3.11913
3.14175
3.16141
3.17701
3.18787
3.19364
3.19407
3.18878
3.17708
3.15805
3.13071
3.09512
3.04998
2.99225
1.39045
1.32959
1.28253
1.24532
1.21511
1.1919
1.17515
1.1643
1.15884
1.15834
1.16244
1.1709
1.18345
1.19968
1.21906
1.24069
1.2633
1.28614
1.30895
1.33152
1.35368
1.37544
1.39678
1.41733
1.43678
1.45478
1.4718
1.48867
1.50629
1.52483
1.54373
1.5624
1.58025
1.59686
1.6123
1.62684
1.64074
1.65455
1.66901
1.68455
1.70122
1.71903
1.73794
1.75769
1.77828
1.80019
1.824
1.84982
1.87732
1.90603
1.93547
1.96556
1.99664
2.02897
2.06205
2.09508
2.12765
2.15992
2.1921
2.22426
2.25662
2.28947
2.32292
2.35686
2.39134
2.42668
2.46292
2.49939
2.5353
2.5706
2.60606
2.64237
2.67936
2.71632
2.75284
2.78913
2.82543
2.86155
2.89733
2.93306
2.96923
3.00573
3.04162
3.07569
3.1074
3.13691
3.16437
3.18945
3.21108
3.22847
3.2411
3.24867
3.25067
3.24645
3.23513
3.21585
3.18759
3.15012
3.10182
3.03956
1.34411
1.27752
1.22613
1.18656
1.1562
1.13431
1.11953
1.11089
1.10769
1.10935
1.1154
1.12558
1.13979
1.15788
1.17946
1.20341
1.22822
1.25309
1.27787
1.30241
1.32641
1.34968
1.37224
1.3938
1.41411
1.43332
1.452
1.47073
1.49002
1.50988
1.52976
1.54906
1.56743
1.58465
1.60075
1.61601
1.63074
1.64539
1.66059
1.67673
1.69386
1.71198
1.73104
1.75092
1.77187
1.79444
1.81905
1.84562
1.87376
1.90292
1.93271
1.96324
1.99498
2.02797
2.06152
2.09481
2.12767
2.16036
2.19309
2.22605
2.25943
2.29338
2.3278
2.36254
2.39777
2.43381
2.47051
2.50721
2.54353
2.57988
2.61692
2.65474
2.69277
2.73054
2.76822
2.80621
2.84444
2.88253
2.92054
2.95903
2.99837
3.03804
3.07687
3.1139
3.14883
3.18162
3.21213
3.23976
3.26363
3.28321
3.29815
3.30796
3.31187
3.30893
3.29831
3.27912
3.25001
3.21059
3.15911
3.09174
1.28919
1.21745
1.16244
1.12078
1.09025
1.06995
1.05779
1.0521
1.05168
1.05581
1.06413
1.07651
1.09292
1.11332
1.1374
1.16393
1.19126
1.21844
1.24533
1.27188
1.29781
1.32277
1.34656
1.36936
1.39103
1.41187
1.43245
1.45315
1.47399
1.49482
1.5153
1.53505
1.55393
1.57192
1.58892
1.60504
1.6207
1.63642
1.65263
1.66954
1.68721
1.70565
1.72485
1.74495
1.76642
1.78976
1.81512
1.84233
1.87095
1.90043
1.93047
1.96133
1.99344
2.02666
2.06024
2.09362
2.12681
2.16007
2.19355
2.22738
2.26173
2.2966
2.33178
2.36719
2.40307
2.43965
2.47668
2.51376
2.55092
2.58868
2.62729
2.66635
2.70533
2.74428
2.78363
2.82355
2.86374
2.90399
2.94468
2.98634
3.02889
3.07155
3.11336
3.15369
3.19215
3.22839
3.26208
3.29251
3.31922
3.34166
3.3595
3.37198
3.37816
3.37704
3.36761
3.34873
3.31903
3.27792
3.223
3.15013
1.22541
1.14849
1.09045
1.04747
1.01718
0.998584
0.989266
0.98691
0.98974
0.996833
1.00801
1.02331
1.04261
1.06586
1.09281
1.12223
1.1523
1.18193
1.21106
1.2397
1.26754
1.29425
1.31974
1.34413
1.36769
1.39065
1.41332
1.4359
1.45808
1.47961
1.50045
1.52051
1.53989
1.55869
1.57673
1.59393
1.61068
1.62754
1.64478
1.66243
1.6806
1.69939
1.7189
1.7395
1.76172
1.78586
1.81188
1.83956
1.86849
1.89816
1.92843
1.9596
1.99193
2.0251
2.0585
2.09187
2.12541
2.15933
2.19364
2.22841
2.26369
2.29935
2.33513
2.37107
2.40744
2.44442
2.48185
2.5196
2.55791
2.59709
2.63698
2.6771
2.71728
2.75785
2.79911
2.84099
2.88328
2.92612
2.96989
3.01475
3.06036
3.10603
3.15111
3.19499
3.23704
3.27685
3.314
3.34796
3.37819
3.40418
3.42546
3.44123
3.45032
3.45163
3.44396
3.4259
3.39603
3.35335
3.29481
3.21655
1.1528
1.07018
1.00914
0.965379
0.935986
0.9195
0.913158
0.914329
0.920875
0.931631
0.946448
0.965441
0.988429
1.01525
1.04555
1.07805
1.11099
1.14332
1.17487
1.20565
1.2356
1.26435
1.29189
1.31835
1.34418
1.36945
1.39421
1.4184
1.44167
1.46385
1.48508
1.50559
1.52557
1.54513
1.56415
1.58245
1.60036
1.61836
1.63653
1.65485
1.67349
1.6927
1.71279
1.73422
1.75741
1.78238
1.80898
1.83703
1.86614
1.89593
1.92636
1.95776
1.99019
2.02326
2.05658
2.09015
2.12419
2.15877
2.19383
2.22941
2.26547
2.30175
2.33801
2.37437
2.41118
2.44863
2.48666
2.5253
2.56473
2.60503
2.64594
2.6872
2.72889
2.77128
2.81447
2.8584
2.90316
2.94892
2.99581
3.04376
3.09246
3.14142
3.18997
3.23736
3.28306
3.32681
3.36805
3.4063
3.44073
3.47093
3.49638
3.51626
3.52915
3.53359
3.52843
3.51211
3.48247
3.4383
3.37659
3.29242
1.07042
0.981628
0.917402
0.873111
0.845186
0.831361
0.828393
0.833493
0.844348
0.85955
0.8789
0.902511
0.930013
0.961001
0.995051
1.03099
1.06715
1.10251
1.13692
1.17035
1.20261
1.23369
1.26357
1.2924
1.32052
1.348
1.37461
1.40004
1.42415
1.44698
1.46887
1.49019
1.51104
1.5314
1.5512
1.57044
1.58944
1.60846
1.62748
1.64645
1.66562
1.68542
1.70636
1.72887
1.75307
1.77878
1.80591
1.83435
1.86374
1.89372
1.92433
1.95582
1.98817
2.02115
2.05462
2.08869
2.12342
2.15869
2.19444
2.2307
2.26732
2.30399
2.34057
2.37732
2.41468
2.45281
2.49163
2.53113
2.5714
2.61251
2.65437
2.69694
2.74026
2.78445
2.82959
2.87584
2.92332
2.97201
3.0219
3.073
3.12508
3.17749
3.2294
3.28031
3.33006
3.37833
3.42444
3.4675
3.50683
3.5421
3.57276
3.59765
3.61524
3.62392
3.62226
3.60857
3.58012
3.53527
3.4703
3.37957
0.975728
0.880722
0.813567
0.769172
0.743247
0.732807
0.733994
0.74369
0.75948
0.779956
0.804896
0.834162
0.867016
0.902841
0.941159
0.980929
1.02073
1.05977
1.09769
1.13435
1.16944
1.20302
1.23534
1.26661
1.29692
1.32634
1.35445
1.38084
1.40564
1.42921
1.45199
1.47435
1.49627
1.51748
1.53797
1.55803
1.578
1.59792
1.61767
1.63728
1.65712
1.67778
1.69982
1.72344
1.74845
1.77465
1.80219
1.83107
1.86091
1.89129
1.92221
1.95381
1.98611
2.01911
2.05292
2.08758
2.12297
2.15889
2.19531
2.23215
2.26916
2.30602
2.34285
2.38013
2.41828
2.45727
2.49687
2.53697
2.57779
2.61961
2.66251
2.70643
2.75132
2.79728
2.84456
2.89331
2.94345
2.99491
3.04786
3.10238
3.15795
3.21363
3.26886
3.32371
3.37816
3.43149
3.48294
3.53149
3.57664
3.61802
3.65501
3.68601
3.70929
3.72342
3.72667
3.71666
3.69076
3.64625
3.57797
3.48096
0.865346
0.764458
0.695125
0.651572
0.628638
0.622625
0.628987
0.644215
0.665887
0.692631
0.724146
0.760053
0.799267
0.840783
0.884007
0.928179
0.97229
1.01554
1.05758
1.09795
1.1363
1.17259
1.20742
1.24107
1.27353
1.30466
1.334
1.36128
1.38686
1.41134
1.43516
1.45855
1.48138
1.50336
1.52458
1.54552
1.56645
1.58719
1.60758
1.62782
1.64849
1.67026
1.6935
1.71803
1.7435
1.76999
1.7979
1.82727
1.85758
1.88838
1.91961
1.95142
1.98392
2.01727
2.05157
2.08675
2.12264
2.15913
2.19612
2.23338
2.27053
2.3075
2.34475
2.38287
2.42202
2.46186
2.50201
2.54252
2.58386
2.62644
2.67039
2.71557
2.762
2.8099
2.85944
2.91055
2.96312
3.01737
3.07362
3.13159
3.19039
3.24927
3.30825
3.36763
3.42715
3.486
3.54326
3.5982
3.65033
3.69901
3.74333
3.7818
3.81229
3.83304
3.84248
3.83808
3.81612
3.77267
3.70232
3.59919
0.735931
0.629516
0.559069
0.518025
0.499716
0.499442
0.512205
0.534317
0.563261
0.59757
0.636887
0.680568
0.7271
0.775179
0.824209
0.873531
0.922554
0.970613
1.01701
1.06121
1.1029
1.14218
1.17968
1.21581
1.25043
1.28312
1.31355
1.34177
1.36836
1.39402
1.41902
1.44331
1.46678
1.48942
1.51154
1.53358
1.55554
1.57707
1.59807
1.61902
1.64066
1.66358
1.68773
1.71265
1.73823
1.76497
1.79342
1.82334
1.85404
1.88507
1.9165
1.94858
1.98147
2.01528
2.05005
2.08568
2.12206
2.15907
2.19644
2.23378
2.27087
2.30807
2.34608
2.3853
2.42546
2.46598
2.50658
2.54755
2.5895
2.63289
2.67785
2.72433
2.77245
2.82236
2.874
2.92721
2.98217
3.03933
3.0988
3.15993
3.22185
3.28423
3.34746
3.4117
3.47651
3.54139
3.60525
3.6675
3.72763
3.78501
3.83817
3.88536
3.92464
3.95405
3.97157
3.97424
3.95762
3.91743
3.84615
3.73691
0.583744
0.472277
0.402177
0.365839
0.35435
0.36176
0.382699
0.413369
0.451306
0.495012
0.543787
0.596525
0.651458
0.707138
0.762898
0.818303
0.872838
0.925957
0.976752
1.02463
1.06957
1.11204
1.15253
1.19135
1.22814
1.2623
1.29376
1.323
1.35077
1.3777
1.40384
1.42894
1.45303
1.47649
1.4998
1.5231
1.54606
1.56832
1.59003
1.61189
1.63463
1.65845
1.68289
1.70759
1.73299
1.76
1.78897
1.81931
1.85021
1.88139
1.91306
1.94544
1.97862
2.0127
2.04776
2.08381
2.12069
2.15807
2.19549
2.23264
2.26974
2.30749
2.34651
2.38681
2.42784
2.46902
2.51019
2.55177
2.59444
2.63874
2.68483
2.73278
2.78266
2.83447
2.88799
2.94318
3.0005
3.06043
3.12279
3.18689
3.2521
3.31834
3.38601
3.45536
3.526
3.59715
3.66832
3.7391
3.80856
3.87563
3.93905
3.99701
4.04723
4.08742
4.11524
4.12715
4.11846
4.0834
4.01231
3.89869
0.403992
0.288553
0.220724
0.191618
0.189799
0.207717
0.239389
0.281025
0.330382
0.385741
0.445856
0.509196
0.57373
0.638087
0.701647
0.763964
0.824553
0.882771
0.937843
0.989245
1.03748
1.08333
1.12711
1.16874
1.20762
1.2432
1.27576
1.3061
1.33502
1.36297
1.38994
1.41579
1.44077
1.46547
1.49025
1.51478
1.53856
1.5615
1.58407
1.60701
1.63075
1.655
1.67917
1.70337
1.7286
1.75579
1.78489
1.81513
1.8459
1.87719
1.90913
1.9417
1.97493
2.00906
2.04436
2.08079
2.11799
2.15538
2.19255
2.22954
2.26693
2.30545
2.34546
2.38673
2.42862
2.47056
2.51248
2.55486
2.59849
2.64389
2.69129
2.7408
2.79247
2.84605
2.90125
2.95827
3.01776
3.08018
3.14522
3.21221
3.28079
3.35118
3.42356
3.49805
3.57469
3.65286
3.73235
3.81243
3.89222
3.97055
4.04608
4.11672
4.18018
4.23409
4.27525
4.29945
4.30156
4.27407
4.20596
4.0891
0.190773
0.0730275
0.0101202
-0.00833666
0.00307711
0.0350407
0.081069
0.1372
0.201122
0.270886
0.344575
0.420127
0.495509
0.569555
0.641758
0.711651
0.778517
0.841758
0.900936
0.956016
1.00785
1.05731
1.10448
1.14877
1.1895
1.22647
1.26024
1.2918
1.32179
1.35049
1.37806
1.40475
1.43102
1.45734
1.48358
1.50911
1.53355
1.5572
1.58074
1.60468
1.62896
1.65302
1.6766
1.7004
1.7256
1.75275
1.78145
1.81109
1.84148
1.87266
1.90452
1.93687
1.9699
2.00408
2.03964
2.07631
2.11344
2.15051
2.1874
2.22447
2.26233
2.30159
2.34249
2.38469
2.4275
2.47033
2.5132
2.55666
2.60148
2.64818
2.69705
2.74824
2.80163
2.85675
2.9134
2.9721
3.0336
3.09811
3.16551
3.23553
3.30774
3.3821
3.45907
3.53905
3.62203
3.70785
3.79619
3.88651
3.97798
4.06927
4.15869
4.24439
4.32419
4.39511
4.45333
4.49388
4.51045
4.49488
4.43262
4.31391
-0.0632211
-0.181183
-0.235366
-0.238428
-0.20903
-0.15817
-0.0929304
-0.0178895
0.0644156
0.151673
0.241265
0.330737
0.418286
0.502965
0.584359
0.662017
0.735176
0.803336
0.86661
0.925708
0.981531
1.03476
1.08515
1.13177
1.17414
1.21247
1.24755
1.28031
1.31128
1.34072
1.36907
1.39694
1.42482
1.45271
1.48004
1.50623
1.53128
1.55575
1.58023
1.60484
1.62915
1.65268
1.67565
1.69914
1.72412
1.75074
1.77857
1.80739
1.83721
1.8679
1.89913
1.93087
1.9636
1.99783
2.03351
2.07005
2.10681
2.14351
2.18031
2.21761
2.25594
2.29584
2.33754
2.38067
2.42444
2.4683
2.51232
2.55711
2.60332
2.65147
2.70192
2.75474
2.80961
2.86609
2.9241
2.98418
3.0472
3.11368
3.18353
3.25637
3.33192
3.41021
3.49183
3.5774
3.66695
3.76076
3.85848
3.96
4.06452
4.17048
4.27616
4.37999
4.47956
4.57149
4.65151
4.71352
4.75051
4.75187
4.699
4.58105
-0.366737
-0.482511
-0.522983
-0.504131
-0.4499
-0.37354
-0.282915
-0.183479
-0.0784477
0.029447
0.137318
0.242504
0.343562
0.439847
0.53092
0.616317
0.695632
0.768674
0.836236
0.899555
0.95947
1.01627
1.0694
1.11799
1.16186
1.20155
1.23792
1.27174
1.3036
1.33401
1.36361
1.39307
1.42256
1.4516
1.47949
1.506
1.53153
1.55672
1.58188
1.6068
1.63091
1.65399
1.6766
1.69977
1.72412
1.74965
1.77625
1.80404
1.83299
1.86273
1.89296
1.92397
1.95641
1.99057
2.02603
2.06208
2.09836
2.13487
2.17177
2.20931
2.24798
2.28844
2.33094
2.37498
2.41968
2.46461
2.50997
2.55629
2.60399
2.65353
2.70544
2.75983
2.81609
2.8736
2.93258
2.99388
3.05833
3.12654
3.19857
3.27401
3.35262
3.43469
3.52091
3.61201
3.70835
3.81012
3.91773
4.03127
4.14992
4.2723
4.39712
4.52253
4.64587
4.7641
4.87203
4.96239
5.02722
5.05255
5.01486
4.89981
-0.730583
-0.841702
-0.861656
-0.811468
-0.722938
-0.612401
-0.488638
-0.358397
-0.225788
-0.0938427
0.0346418
0.15742
0.273347
0.382077
0.483141
0.576279
0.661594
0.739599
0.81157
0.878941
0.942492
1.00214
1.05729
1.10745
1.1527
1.19374
1.23132
1.26613
1.29896
1.33064
1.36188
1.39303
1.42381
1.45348
1.48151
1.50811
1.53393
1.55951
1.58494
1.60982
1.63368
1.65652
1.67898
1.70177
1.72518
1.74934
1.77454
1.80107
1.82876
1.85716
1.88628
1.91667
1.94884
1.98263
2.01744
2.05282
2.08877
2.1253
2.16234
2.19999
2.23896
2.28003
2.32328
2.36801
2.41352
2.45968
2.50659
2.5543
2.60319
2.65408
2.7075
2.76313
2.8203
2.87864
2.93848
3.00076
3.06648
3.13624
3.21007
3.28767
3.36904
3.45472
3.54542
3.64179
3.74478
3.85476
3.97263
4.09853
4.23219
4.37289
4.51935
4.66982
4.82224
4.97306
5.11642
5.24447
5.34694
5.40674
5.39141
5.28195
-1.17006
-1.27351
-1.26267
-1.16751
-1.0314
-0.875067
-0.708773
-0.540451
-0.37499
-0.215422
-0.0639234
0.0779978
0.209761
0.331288
0.44241
0.543193
0.634384
0.717333
0.793545
0.864484
0.93085
0.992448
1.04895
1.10025
1.14666
1.18886
1.22757
1.26348
1.29753
1.33072
1.36364
1.3962
1.42772
1.45749
1.48538
1.5119
1.53779
1.5635
1.58893
1.61362
1.63724
1.65996
1.68224
1.7044
1.72666
1.74944
1.7733
1.79845
1.82462
1.8516
1.87976
1.90964
1.94132
1.97433
2.00824
2.04307
2.07889
2.11546
2.15249
2.1903
2.2297
2.27129
2.31496
2.36021
2.40665
2.45407
2.50221
2.55099
2.60093
2.65298
2.70752
2.76399
2.82173
2.88067
2.94127
3.00443
3.07119
3.14211
3.21724
3.29661
3.38045
3.46931
3.56406
3.66558
3.77491
3.89321
4.02135
4.15993
4.30941
4.46963
4.6398
4.81929
5.00632
5.19698
5.38578
5.56323
5.71738
5.82569
5.84352
5.74291
-1.70824
-1.79898
-1.74087
-1.58023
-1.37771
-1.16038
-0.940215
-0.72578
-0.522009
-0.331328
-0.154784
0.00733597
0.155208
0.289277
0.41006
0.518147
0.614991
0.702509
0.782451
0.85625
0.924568
0.987414
1.04477
1.09684
1.14408
1.18715
1.22677
1.26379
1.29922
1.33398
1.36838
1.40188
1.43361
1.46309
1.49057
1.5168
1.54251
1.56806
1.5933
1.61781
1.64134
1.66397
1.68586
1.70714
1.7282
1.74974
1.77234
1.79609
1.82081
1.84666
1.87412
1.90341
1.93422
1.96615
1.99918
2.03357
2.06928
2.10583
2.14293
2.18097
2.22071
2.26261
2.30651
2.35219
2.39949
2.44794
2.49688
2.54627
2.597
2.6499
2.70499
2.76177
2.81986
2.87929
2.94049
3.00433
3.0718
3.14341
3.21935
3.3
3.38586
3.47746
3.57569
3.68192
3.7973
3.92352
4.06167
4.21306
4.37854
4.55879
4.75479
4.96684
5.19374
5.43311
5.67921
5.92165
6.14676
6.32463
6.39252
6.30528
-2.38295
-2.44918
-2.31482
-2.05702
-1.76187
-1.46406
-1.17678
-0.907924
-0.660808
-0.436159
-0.233284
-0.0507647
0.112742
0.258594
0.388133
0.502839
0.604706
0.696046
0.77891
0.854689
0.924154
0.987653
1.04544
1.09793
1.14564
1.18916
1.22933
1.26719
1.30379
1.33987
1.37531
1.40926
1.44085
1.46989
1.49691
1.52268
1.54794
1.57303
1.59787
1.62212
1.64553
1.66796
1.68929
1.70965
1.72966
1.75014
1.77162
1.79414
1.81776
1.84284
1.86972
1.89823
1.92789
1.95858
1.99076
2.02481
2.0604
2.09687
2.13405
2.1724
2.21239
2.25427
2.29822
2.34436
2.39231
2.44122
2.49041
2.5401
2.59119
2.6443
2.69934
2.75608
2.81434
2.87405
2.93564
2.99991
3.0676
3.13931
3.2156
3.29705
3.38427
3.47805
3.57935
3.68949
3.8103
3.94359
4.09111
4.25454
4.43552
4.63623
4.85909
5.10593
5.37821
5.67514
5.99212
6.32019
6.64299
6.9227
7.07021
7.00763
-3.26271
-3.27051
-3.00557
-2.60156
-2.17777
-1.77567
-1.40701
-1.07621
-0.782406
-0.522734
-0.293735
-0.0918771
0.0859062
0.242071
0.378996
0.499139
0.604985
0.699214
0.784061
0.860946
0.93084
0.994391
1.0521
1.10453
1.15216
1.1956
1.23581
1.27404
1.31137
1.34821
1.38407
1.41796
1.44917
1.47772
1.50422
1.52946
1.55413
1.57859
1.60284
1.62665
1.64971
1.67165
1.69223
1.71173
1.73095
1.7507
1.7713
1.79288
1.81578
1.84041
1.86671
1.89413
1.92237
1.95187
1.98336
2.01703
2.05237
2.0888
2.12618
2.16469
2.20462
2.24633
2.2903
2.3367
2.38484
2.43364
2.48261
2.53218
2.58305
2.63568
2.69021
2.74663
2.80478
2.86452
2.92619
2.99039
3.05773
3.12897
3.20502
3.28664
3.37462
3.4699
3.57363
3.68699
3.81219
3.95129
4.10667
4.2806
4.47588
4.69619
4.94549
5.22851
5.54956
5.91133
6.31444
6.75209
7.20977
7.64176
7.92369
7.92138
-4.47364
-4.32914
-3.83154
-3.20742
-2.60834
-2.07553
-1.6127
-1.2153
-0.874601
-0.58175
-0.329253
-0.110785
0.0786552
0.242849
0.385267
0.509183
0.617684
0.713694
0.799503
0.876665
0.946308
1.0093
1.06631
1.11791
1.16462
1.2072
1.24682
1.28487
1.32233
1.35928
1.39496
1.42838
1.45899
1.48694
1.51279
1.5373
1.56117
1.58483
1.60839
1.63161
1.65402
1.67513
1.69483
1.71363
1.73234
1.75153
1.77147
1.7925
1.81508
1.83934
1.86479
1.89088
1.91771
1.94613
1.97694
2.01016
2.04523
2.08162
2.11908
2.15752
2.19712
2.23856
2.2825
2.32884
2.37659
2.42477
2.47314
2.52206
2.57203
2.62363
2.67733
2.73314
2.79081
2.85022
2.91148
2.97491
3.04121
3.11138
3.18642
3.26741
3.3555
3.45149
3.55653
3.67229
3.80055
3.94374
4.10487
4.28714
4.49439
4.73179
5.00564
5.32321
5.69299
6.12454
6.62574
7.19994
7.83985
8.49977
9.02158
9.17691
-6.25095
-5.71243
-4.79999
-3.85405
-3.02526
-2.3366
-1.77182
-1.30848
-0.924954
-0.604001
-0.332849
-0.102044
0.0953682
0.264662
0.4102
0.53596
0.645533
0.741913
0.827461
0.903885
0.972425
1.03408
1.08957
1.13941
1.18423
1.22506
1.26334
1.30049
1.33732
1.37363
1.4085
1.44108
1.47092
1.4981
1.52307
1.54659
1.56941
1.5921
1.61479
1.63714
1.65857
1.67867
1.69755
1.7158
1.73408
1.75282
1.77233
1.79309
1.81545
1.83916
1.8635
1.88814
1.91368
1.94118
1.97131
2.00399
2.03874
2.07501
2.11227
2.15027
2.1894
2.23054
2.27424
2.32003
2.36689
2.4141
2.46145
2.50912
2.55769
2.60796
2.66051
2.71532
2.77207
2.83057
2.89069
2.95263
3.01716
3.08545
3.15877
3.23838
3.32536
3.42084
3.52609
3.64262
3.77207
3.91755
4.08217
4.26979
4.48589
4.73673
5.03054
5.37786
5.79246
6.29222
6.8988
7.63405
8.51215
9.50363
10.4522
11.016
-9.14439
-7.53029
-5.85364
-4.46265
-3.35898
-2.50549
-1.84683
-1.33027
-0.916083
-0.577223
-0.295552
-0.0588755
0.141471
0.31189
0.457436
0.582563
0.69104
0.785892
0.869535
0.943764
1.00992
1.06906
1.12188
1.16891
1.21095
1.24932
1.2856
1.32115
1.35652
1.39132
1.42474
1.45601
1.48471
1.51078
1.53464
1.55703
1.57876
1.60038
1.62198
1.64319
1.66346
1.68253
1.70067
1.71845
1.73635
1.75469
1.77391
1.79448
1.81646
1.8393
1.86236
1.88571
1.91021
1.9369
1.96634
1.99846
2.03278
2.06863
2.10533
2.1427
2.18134
2.22209
2.26522
2.31008
2.35577
2.4017
2.44763
2.4937
2.54065
2.58944
2.64055
2.69388
2.74914
2.80595
2.86407
2.92371
2.98571
3.05136
3.12223
3.19948
3.28405
3.37744
3.48091
3.5957
3.72423
3.86921
4.03405
4.22362
4.44362
4.70157
5.00754
5.37446
5.82149
6.3763
7.07996
7.9854
9.14714
10.5971
12.3294
13.9977
-14.6407
-9.85886
-6.64712
-4.7152
-3.38635
-2.437
-1.74559
-1.22205
-0.809737
-0.475377
-0.198883
0.0325104
0.227624
0.392977
0.533769
0.654396
0.758511
0.849084
0.928454
0.998426
1.06037
1.11529
1.16391
1.20689
1.24523
1.2804
1.314
1.34717
1.38024
1.41278
1.44407
1.47343
1.5004
1.52493
1.54742
1.56858
1.58916
1.60968
1.63012
1.65007
1.6691
1.68719
1.70466
1.72194
1.73936
1.75731
1.77622
1.79639
1.81764
1.83935
1.86115
1.88341
1.90709
1.93308
1.96182
1.99325
2.02689
2.06195
2.0978
2.13446
2.17258
2.21281
2.25508
2.29874
2.34307
2.3875
2.43177
2.47614
2.52144
2.56859
2.6179
2.66919
2.72215
2.77637
2.83156
2.88793
2.94651
3.0088
3.07609
3.14952
3.23033
3.31948
3.41818
3.52838
3.65232
3.79247
3.953
4.13834
4.35402
4.60814
4.91049
5.2748
5.72197
6.28645
7.02538
8.03147
9.42813
11.4381
14.7378
19.6187
-23.9042
-12.1353
-6.5082
-4.17043
-2.8648
-2.00827
-1.40629
-0.951198
-0.586984
-0.286064
-0.0334895
0.179938
0.360737
0.51421
0.64482
0.756407
0.852332
0.935352
1.00768
1.07102
1.12664
1.17545
1.2182
1.25572
1.28915
1.32002
1.34986
1.37962
1.40945
1.43892
1.46739
1.49419
1.51887
1.5414
1.56219
1.58193
1.6013
1.62063
1.63981
1.65846
1.6763
1.69343
1.71017
1.7268
1.74358
1.7609
1.77919
1.79858
1.81872
1.83911
1.85965
1.88088
1.90368
1.92883
1.95668
1.98718
2.0198
2.05376
2.08857
2.12444
2.16196
2.20147
2.2427
2.28504
2.3279
2.37074
2.41326
2.45586
2.49942
2.54462
2.59156
2.64008
2.68992
2.74056
2.79167
2.8438
2.89804
2.95558
3.0178
3.08602
3.16089
3.24315
3.33456
3.4368
3.55184
3.68304
3.83358
4.00743
4.20993
4.44733
4.72756
5.061
5.46322
5.9624
6.61546
7.53161
8.91346
11.3508
17.093
28.9765
0
0
0
0
0
0
0
0
0
0
0
0
0
0
0
0
0
0
0
0
0
0
0
0
0
0
0
0
0
0
0
0
0
0
0
0
0
0
0
0
0
0
0
0
0
0
0
0
0
0
0
0
0
0
0
0
0
0
0
0
0
0
0
0
0
0
0
0
0
0
0
0
0
0
0
0
0
0
0
0
0
0
0
0
0
0
0
0
0
0
0
0
0
0
0
0
0
0
0
0
)
;

boundaryField
{
    obstacleFixedWalls
    {
        type            zeroGradient;
    }
    obstacleFrontAndBack
    {
        type            empty;
    }
    movingWall
    {
        type            zeroGradient;
    }
    fixedWalls
    {
        type            zeroGradient;
    }
    frontAndBack
    {
        type            empty;
    }
}


// ************************************************************************* //
