/*--------------------------------*- C++ -*----------------------------------*\
  =========                 |
  \\      /  F ield         | OpenFOAM: The Open Source CFD Toolbox
   \\    /   O peration     | Website:  https://openfoam.org
    \\  /    A nd           | Version:  11
     \\/     M anipulation  |
\*---------------------------------------------------------------------------*/
FoamFile
{
    format      ascii;
    class       volScalarField;
    location    "3.1";
    object      p;
}
// * * * * * * * * * * * * * * * * * * * * * * * * * * * * * * * * * * * * * //

dimensions      [0 2 -2 0 0 0 0];

internalField   nonuniform List<scalar> 
10100
(
-9.90337e-08
0.00109419
0.00238332
0.00327987
0.00364899
0.00366673
0.00342777
0.00300301
0.00244455
0.0017998
0.00110817
0.000404791
-0.000282198
-0.000931387
-0.00152429
-0.00204315
-0.00247072
-0.00279352
-0.00300137
-0.00308519
-0.00303739
-0.00285197
-0.00252479
-0.00205345
-0.00143526
-0.000667461
0.000250354
0.00131611
0.00252658
0.00387828
0.00536829
0.00699419
0.008752
0.0106352
0.012637
0.0147534
0.0169815
0.019316
0.021748
0.0242683
0.0268704
0.0295499
0.0323015
0.0351169
0.0379856
0.0408974
0.0438443
0.0468201
0.0498183
0.0528311
0.0558492
0.0588626
0.0618624
0.0648402
0.0677886
0.0706994
0.0735642
0.0763738
0.0791201
0.0817954
0.0843927
0.0869046
0.0893234
0.0916408
0.0938494
0.0959423
0.0979137
0.0997577
0.101468
0.103038
0.104462
0.105732
0.106846
0.107798
0.108587
0.109212
0.109674
0.109971
0.110104
0.110074
0.109883
0.109532
0.109029
0.108381
0.107599
0.106697
0.105688
0.10459
0.103422
0.102204
0.10096
0.099718
0.0985073
0.0973622
0.0963208
0.0954249
0.0947191
0.0942495
0.0940609
0.0941262
0.000969419
0.00203146
0.00305146
0.00376253
0.00412411
0.00419964
0.00405485
0.00374357
0.00331308
0.00280052
0.00223996
0.00166304
0.00109672
0.000562641
7.92278e-05
-0.000337595
-0.000673931
-0.000916774
-0.00105543
-0.00108126
-0.000985913
-0.00076325
-0.000410338
7.61662e-05
0.000700897
0.00146575
0.00236915
0.00340966
0.00458666
0.00589834
0.00734165
0.00891318
0.0106083
0.0124211
0.0143462
0.0163812
0.0185234
0.0207669
0.0231023
0.0255213
0.0280187
0.0305909
0.0332325
0.0359346
0.0386864
0.0414784
0.0443039
0.0471574
0.0500327
0.0529219
0.0558154
0.0587037
0.0615783
0.0644315
0.0672563
0.0700451
0.0727894
0.0754806
0.0781109
0.080673
0.0831604
0.0855661
0.0878825
0.0901019
0.0922171
0.094222
0.0961114
0.0978798
0.0995215
0.10103
0.102399
0.103623
0.104699
0.105622
0.106393
0.107011
0.107476
0.10779
0.107951
0.107961
0.107821
0.107536
0.107109
0.106551
0.105871
0.105083
0.1042
0.103238
0.102216
0.101152
0.10007
0.0989927
0.0979486
0.0969666
0.096078
0.0953159
0.0947129
0.0943008
0.0941225
0.0941869
0.00266034
0.00342036
0.00407875
0.00456381
0.0048341
0.0048942
0.00477603
0.00451673
0.00415598
0.00372481
0.00325118
0.0027605
0.0022779
0.00182504
0.00141929
0.00107617
0.000807527
0.000623817
0.000536874
0.000556197
0.000687848
0.000937179
0.001309
0.00180777
0.00243757
0.00319949
0.00409162
0.00511273
0.00626321
0.00754251
0.00894801
0.0104756
0.01212
0.0138759
0.0157395
0.0177091
0.0197817
0.0219509
0.0242077
0.0265444
0.0289568
0.0314417
0.0339934
0.0366028
0.0392592
0.0419537
0.0446802
0.0474339
0.0502088
0.0529971
0.0557892
0.0585756
0.0613481
0.0640997
0.0668239
0.0695133
0.0721598
0.0747551
0.0772915
0.079762
0.0821601
0.0844794
0.0867126
0.0888525
0.0908924
0.0928267
0.0946502
0.0963579
0.0979442
0.099403
0.100729
0.101916
0.102961
0.103862
0.104619
0.105232
0.105701
0.106027
0.106211
0.106252
0.106153
0.105917
0.10555
0.10506
0.104458
0.103757
0.102968
0.102109
0.101194
0.100243
0.0992766
0.0983167
0.0973875
0.0965142
0.0957234
0.0950424
0.0944971
0.0941135
0.0939347
0.0939874
0.00453405
0.00497798
0.0053445
0.00561313
0.00575112
0.00574487
0.00560316
0.00535068
0.00501517
0.00462454
0.00420195
0.00376739
0.00334188
0.00294583
0.00259523
0.00230369
0.00208359
0.00194516
0.00189809
0.00195118
0.00211074
0.0023815
0.00276807
0.00327568
0.00390869
0.00466741
0.00554955
0.00655473
0.00768424
0.00893729
0.0103104
0.0117996
0.0134009
0.0151099
0.016923
0.0188377
0.0208511
0.0229571
0.0251475
0.0274152
0.029756
0.0321667
0.0346417
0.0371722
0.0397479
0.0423601
0.0450027
0.0476715
0.050361
0.0530635
0.0557696
0.0584696
0.0611556
0.063821
0.0664598
0.0690651
0.0716291
0.0741437
0.0766011
0.0789945
0.0813175
0.0835636
0.0857263
0.087799
0.0897756
0.0916508
0.0934194
0.0950764
0.0966161
0.098033
0.0993218
0.100478
0.101499
0.102382
0.103128
0.103736
0.104209
0.104545
0.104746
0.104813
0.104746
0.104549
0.104229
0.103793
0.103252
0.102617
0.101901
0.101118
0.100283
0.099415
0.0985314
0.0976527
0.0968
0.0959953
0.0952613
0.0946212
0.0940975
0.093713
0.0935057
0.0935015
0.00635274
0.00657472
0.00672555
0.00681106
0.00681266
0.00671778
0.00652898
0.0062597
0.00592766
0.00555437
0.00515982
0.00476324
0.00438087
0.00402795
0.00372003
0.0034701
0.00328883
0.00318655
0.00317266
0.00325395
0.00343592
0.00372434
0.00412445
0.00464044
0.00527515
0.00602873
0.00690037
0.00789116
0.00900228
0.0102315
0.0115745
0.0130278
0.0145892
0.0162552
0.018022
0.0198864
0.021845
0.0238926
0.0260216
0.0282255
0.0305001
0.0328421
0.0352461
0.0377034
0.040204
0.0427394
0.0453041
0.0478942
0.0505047
0.0531278
0.0557539
0.0583735
0.060979
0.0635644
0.0661242
0.068652
0.07114
0.0735801
0.0759647
0.0782869
0.0805403
0.082719
0.0848168
0.0868277
0.0887464
0.0905675
0.092286
0.0938966
0.0953937
0.0967722
0.0980275
0.0991558
0.100154
0.101022
0.101758
0.102363
0.102838
0.103183
0.1034
0.103487
0.103447
0.103284
0.103004
0.102614
0.102124
0.101545
0.100889
0.100168
0.0993992
0.0985966
0.0977776
0.0969598
0.0961619
0.0954027
0.0947018
0.0940786
0.0935527
0.0931442
0.0928794
0.0927754
0.00818788
0.0081992
0.008168
0.00809698
0.00796776
0.00777437
0.00752299
0.0072185
0.0068721
0.00649933
0.00611655
0.0057405
0.00538554
0.00506365
0.00478713
0.00456839
0.00441804
0.00434509
0.00435716
0.00446006
0.0046597
0.00496283
0.00537435
0.0058968
0.00653177
0.00727989
0.00814174
0.00911912
0.0102127
0.0114196
0.012735
0.014156
0.0156811
0.0173077
0.019032
0.0208505
0.0227595
0.0247536
0.0268261
0.0289711
0.0311851
0.0334646
0.0358037
0.0381936
0.0406245
0.0430888
0.0455818
0.0481002
0.0506385
0.0531888
0.0557411
0.0582864
0.0608176
0.0633296
0.0658173
0.0682744
0.0706933
0.0730656
0.0753836
0.0776405
0.0798302
0.0819473
0.0839861
0.0859415
0.087808
0.0895805
0.0912536
0.092822
0.0942805
0.0956244
0.0968496
0.097953
0.0989319
0.0997851
0.100512
0.101115
0.101592
0.101945
0.102174
0.102278
0.102261
0.102126
0.101878
0.101526
0.101078
0.100544
0.0999362
0.0992662
0.0985477
0.0977952
0.0970236
0.0962484
0.0954855
0.0947513
0.0940625
0.0934356
0.0928873
0.0924349
0.0920898
0.0918565
0.0100456
0.00984749
0.00964529
0.00943014
0.00917872
0.0088874
0.00856122
0.00820655
0.00783106
0.00744436
0.00706016
0.00669121
0.00634882
0.00604429
0.00578862
0.00559219
0.00546421
0.00541235
0.00544319
0.0055625
0.00577644
0.0060912
0.00651055
0.00703623
0.00766994
0.00841301
0.00926641
0.0102316
0.0113085
0.012494
0.0137838
0.0151758
0.0166689
0.0182603
0.0199464
0.0217232
0.0235871
0.0255327
0.0275541
0.0296462
0.0318056
0.0340286
0.0363088
0.0386372
0.0410047
0.0434045
0.0458329
0.0482866
0.0507599
0.0532441
0.0557293
0.058207
0.0606711
0.0631169
0.0655398
0.0679337
0.0702906
0.0726021
0.0748602
0.0770582
0.0791905
0.0812522
0.0832386
0.0851448
0.0869654
0.0886948
0.0903276
0.0918583
0.0932822
0.0945952
0.0957939
0.0968752
0.097837
0.0986779
0.0993978
0.0999971
0.100476
0.100835
0.101073
0.101192
0.101192
0.101078
0.100857
0.100534
0.100119
0.0996208
0.0990498
0.0984176
0.0977365
0.0970194
0.0962793
0.0955296
0.0947839
0.0940565
0.0933614
0.0927126
0.0921248
0.0916123
0.0911706
0.0907904
0.0119182
0.0115091
0.0111395
0.0107872
0.010418
0.0100292
0.00962394
0.00920953
0.00879276
0.00838079
0.00798319
0.007609
0.00726768
0.00696985
0.00672536
0.00654252
0.00642834
0.00638951
0.00643279
0.00656424
0.00678924
0.00711234
0.00753607
0.00806216
0.00869315
0.00943115
0.010277
0.0112309
0.0122921
0.0134573
0.0147235
0.0160895
0.0175544
0.019115
0.0207667
0.0225055
0.0243282
0.0262302
0.0282062
0.0302513
0.0323619
0.0345337
0.0367603
0.0390328
0.0413431
0.0436854
0.0460564
0.0484524
0.0508671
0.0532915
0.0557161
0.0581331
0.0605371
0.0629242
0.0652897
0.0676274
0.0699292
0.0721864
0.0743911
0.0765366
0.0786179
0.0806308
0.0825712
0.0844344
0.0862149
0.0879067
0.0895038
0.0910012
0.0923946
0.0936804
0.0948556
0.0959176
0.0968644
0.0976947
0.0984082
0.099005
0.0994848
0.0998474
0.100093
0.100221
0.100235
0.100138
0.0999362
0.0996361
0.0992456
0.0987735
0.0982294
0.0976239
0.0969681
0.0962732
0.0955505
0.0948115
0.094068
0.093332
0.0926154
0.0919301
0.0912889
0.090704
0.0901544
0.0896178
0.0137851
0.0131712
0.0126384
0.0121514
0.0116649
0.0111779
0.0106926
0.0102133
0.00974696
0.00930011
0.00887813
0.00848795
0.00813862
0.0078391
0.00759692
0.00741862
0.00731022
0.00727811
0.00732899
0.00746829
0.00770008
0.00802752
0.00845262
0.00897752
0.00960538
0.0103383
0.0111763
0.012119
0.0131648
0.0143114
0.0155566
0.0168999
0.0183401
0.019873
0.0214936
0.0231981
0.0249838
0.026847
0.028783
0.0307866
0.0328536
0.0349793
0.0371573
0.0393796
0.0416392
0.0439309
0.0462513
0.048596
0.0509582
0.053329
0.0556994
0.0580625
0.0604137
0.0627493
0.0650645
0.067353
0.0696062
0.0718155
0.0739728
0.0760721
0.0781089
0.0800796
0.0819805
0.0838069
0.0855528
0.0872117
0.0887778
0.0902461
0.0916128
0.0928748
0.0940297
0.095075
0.0960089
0.09683
0.0975378
0.0981319
0.0986117
0.0989765
0.0992262
0.0993616
0.0993851
0.0993004
0.099113
0.098829
0.0984559
0.0980018
0.0974755
0.0968867
0.0962452
0.0955608
0.0948432
0.0941023
0.093348
0.0925907
0.0918404
0.0911068
0.0904017
0.0897352
0.0890705
0.0883734
0.0156294
0.0148157
0.0141251
0.0135081
0.0129051
0.0123177
0.0117499
0.0112033
0.0106826
0.0101921
0.0097364
0.00932249
0.00895793
0.00864862
0.00839988
0.00821784
0.00810885
0.00807891
0.00813332
0.00827586
0.0085095
0.00883722
0.00926139
0.00978443
0.0104091
0.0111366
0.011966
0.0128967
0.013928
0.0150582
0.0162857
0.0176094
0.0190273
0.020535
0.0221276
0.0238015
0.0255548
0.0273844
0.0292853
0.0312521
0.0332801
0.0353644
0.0374991
0.0396774
0.0418928
0.0441405
0.0464165
0.0487159
0.0510315
0.0533547
0.0556775
0.0579938
0.0602993
0.0625904
0.0648623
0.0671081
0.0693192
0.0714866
0.0736028
0.0756621
0.0776608
0.0795958
0.0814636
0.083259
0.0849755
0.0866064
0.0881457
0.0895888
0.0909325
0.0921742
0.0933117
0.094343
0.0952659
0.0960791
0.0967817
0.0973729
0.0978518
0.0982174
0.0984696
0.0986095
0.0986394
0.098563
0.0983852
0.0981118
0.0977496
0.097306
0.0967893
0.0962081
0.0955712
0.094887
0.0941639
0.0934101
0.0926342
0.091845
0.0910509
0.0902598
0.0894824
0.0887277
0.0879438
0.0870853
0.0174351
0.0164272
0.0155839
0.0148409
0.0141234
0.0134356
0.0127833
0.0121663
0.0115862
0.0110459
0.0105508
0.0101073
0.00972021
0.00939281
0.00913
0.0089384
0.00882421
0.00879202
0.00884518
0.00898616
0.00921764
0.00954296
0.00996482
0.0104852
0.0111059
0.0118268
0.0126468
0.0135658
0.0145841
0.0157004
0.0169127
0.0182191
0.019617
0.021102
0.0226695
0.024317
0.0260427
0.0278433
0.0297136
0.0316478
0.0336411
0.0356889
0.0377861
0.0399264
0.0421041
0.044314
0.0465515
0.0488112
0.0510859
0.0533679
0.0556498
0.0579262
0.060193
0.0624465
0.0646816
0.0668911
0.0690662
0.0711979
0.0732791
0.0753048
0.0772718
0.0791775
0.0810182
0.0827881
0.0844803
0.0860876
0.0876044
0.0890264
0.0903507
0.0915754
0.0926985
0.093718
0.0946318
0.0954383
0.0961361
0.0967242
0.0972013
0.0975664
0.0978196
0.0979618
0.0979954
0.097924
0.0977517
0.0974839
0.0971267
0.096687
0.0961723
0.0955907
0.0949497
0.0942569
0.0935191
0.0927432
0.0919364
0.0911062
0.0902599
0.0894039
0.0885482
0.0877005
0.0867953
0.0857767
0.0191894
0.0179934
0.0170003
0.0161343
0.0153059
0.0145193
0.0137807
0.0130895
0.0124457
0.0118523
0.0113142
0.0108353
0.0104179
0.0100657
0.00978408
0.00957927
0.00945563
0.00941596
0.00946263
0.00959797
0.00982486
0.0101466
0.0105651
0.0110813
0.0116961
0.0124092
0.0132199
0.0141286
0.0151358
0.0162401
0.0174391
0.01873
0.02011
0.0215751
0.0231214
0.0247466
0.0264489
0.0282247
0.0300684
0.0319741
0.0339371
0.0359536
0.0380191
0.0401278
0.0422739
0.0444517
0.0466561
0.0488815
0.0511213
0.0533684
0.0556162
0.0578595
0.0600945
0.062317
0.0645217
0.066701
0.068846
0.070948
0.0730004
0.0749989
0.0769407
0.0788234
0.0806427
0.0823924
0.084065
0.0856532
0.0871516
0.0885565
0.0898654
0.0910764
0.0921879
0.0931979
0.0941044
0.0949052
0.0955988
0.0961835
0.0966582
0.0970218
0.0972744
0.0974171
0.0974522
0.0973827
0.0972123
0.0969456
0.0965881
0.0961463
0.0956272
0.0950379
0.0943855
0.0936762
0.0929157
0.0921096
0.091264
0.0903855
0.0894801
0.0885532
0.0876142
0.0866703
0.085643
0.0844666
0.0208792
0.0195028
0.0183633
0.0173764
0.0164399
0.0155556
0.0147297
0.0139617
0.013252
0.0126032
0.0120179
0.0114974
0.0110442
0.0106631
0.0103597
0.0101379
0.01
0.00994784
0.00998397
0.0101111
0.0103319
0.0106487
0.0110623
0.0115724
0.0121798
0.0128847
0.0136868
0.0145868
0.0155848
0.0166788
0.0178657
0.0191428
0.0205075
0.021956
0.0234849
0.0250918
0.0267746
0.0285294
0.0303503
0.0322317
0.0341693
0.03616
0.0381998
0.0402828
0.0424029
0.0445539
0.0467305
0.0489273
0.0511383
0.0533569
0.0555772
0.0577942
0.0600038
0.0622017
0.0643821
0.0665372
0.0686579
0.0707361
0.0727658
0.0747433
0.0766663
0.0785319
0.0803354
0.0820699
0.0837275
0.0853011
0.0867855
0.0881774
0.0894745
0.0906753
0.0917782
0.0927813
0.0936821
0.0944785
0.0951684
0.0957499
0.0962216
0.0965829
0.0968337
0.0969753
0.0970097
0.0969394
0.0967674
0.0964977
0.0961352
0.095686
0.0951566
0.0945538
0.0938834
0.0931508
0.0923606
0.0915173
0.0906263
0.0896931
0.0887231
0.0877204
0.0866945
0.085652
0.0845026
0.0831712
0.0224907
0.0209435
0.0196632
0.0185574
0.0175134
0.0165319
0.0156188
0.0147736
0.0139968
0.0132894
0.0126518
0.0120856
0.0115941
0.011182
0.0108532
0.0106097
0.010453
0.0103848
0.0104083
0.0105257
0.0107389
0.0110487
0.0114551
0.0119576
0.0125571
0.0132542
0.014049
0.0149416
0.0159316
0.0170165
0.0181929
0.0194585
0.0208107
0.0222462
0.0237614
0.0253537
0.0270205
0.0287578
0.0305598
0.0324215
0.034339
0.0363097
0.0383295
0.0403924
0.0424917
0.0446211
0.0467752
0.0489491
0.0511374
0.0533341
0.0555334
0.0577305
0.059921
0.0621003
0.0642622
0.0663987
0.0685009
0.0705612
0.0725743
0.0745371
0.0764473
0.0783015
0.0800943
0.0818184
0.0834657
0.0850292
0.086504
0.087887
0.0891762
0.0903703
0.0914677
0.0924664
0.0933637
0.0941571
0.094844
0.0954225
0.0958911
0.0962493
0.0964973
0.0966363
0.096668
0.0965942
0.0964174
0.0961409
0.0957694
0.0953083
0.0947639
0.0941422
0.0934482
0.0926863
0.0918602
0.0909738
0.0900317
0.0890388
0.0879996
0.0869174
0.0858016
0.0846591
0.0833882
0.0819046
0.0240122
0.0223038
0.0208892
0.0196672
0.0185164
0.0174382
0.0164383
0.015516
0.0146706
0.0139011
0.013208
0.0125941
0.0120629
0.0116173
0.011259
0.0109896
0.0108107
0.0107248
0.0107343
0.0108406
0.011044
0.0113445
0.0117418
0.012236
0.012828
0.0135185
0.014307
0.0151932
0.0161761
0.0172531
0.0184211
0.0196777
0.0210207
0.0224466
0.0239515
0.0255325
0.0271868
0.0289103
0.0306978
0.0325446
0.0344475
0.0364037
0.038409
0.040457
0.0425405
0.0446533
0.0467905
0.0489475
0.0511194
0.0533004
0.055485
0.0576683
0.0598457
0.0620121
0.0641612
0.0662846
0.068374
0.0704222
0.0724249
0.074379
0.0762821
0.0781301
0.0799172
0.0816356
0.0832771
0.0848351
0.0863047
0.087683
0.0889682
0.090159
0.0912541
0.0922513
0.0931474
0.0939393
0.0946242
0.0952002
0.0956657
0.0960204
0.0962647
0.0963997
0.0964267
0.0963471
0.0961626
0.0958762
0.095492
0.0950154
0.0944519
0.0938067
0.0930841
0.0922876
0.0914204
0.0904859
0.0894881
0.0884314
0.0873195
0.0861549
0.084947
0.0837035
0.082312
0.0806789
0.0254359
0.0235737
0.0220304
0.0206957
0.0194397
0.0182654
0.0171792
0.0161792
0.0152633
0.0144299
0.0136802
0.0130178
0.0124449
0.0119624
0.0115711
0.0112729
0.0110704
0.0109656
0.0109598
0.0110528
0.011244
0.0115335
0.011921
0.0124069
0.0129923
0.013677
0.0144601
0.0153405
0.0163173
0.0173883
0.0185503
0.0198009
0.0211378
0.0225572
0.024055
0.0256279
0.0272731
0.028987
0.0307645
0.0326017
0.0344954
0.0364425
0.0384384
0.0404763
0.042549
0.0446506
0.0467766
0.0489228
0.0510844
0.0532559
0.0554319
0.0576073
0.0597773
0.0619365
0.0640781
0.066194
0.0682762
0.0703185
0.0723166
0.0742678
0.076169
0.0780159
0.079802
0.0815193
0.0831597
0.0847165
0.0861851
0.0875627
0.0888478
0.0900391
0.0911353
0.0921338
0.0930311
0.0938233
0.0945076
0.0950816
0.0955444
0.0958954
0.0961353
0.096265
0.0962856
0.096198
0.0960035
0.0957046
0.0953051
0.0948098
0.0942237
0.093551
0.0927953
0.0919597
0.0910469
0.0900602
0.0890032
0.0878795
0.086692
0.0854425
0.0841411
0.082796
0.0812848
0.0795049
0.0267567
0.0247455
0.0230774
0.0216331
0.020274
0.0190053
0.017833
0.0167544
0.0157665
0.0148686
0.0140624
0.0133502
0.0127327
0.0122101
0.0117837
0.0114559
0.0112291
0.0111041
0.0110807
0.0111581
0.0113355
0.0116131
0.0119911
0.0124695
0.0130488
0.0137283
0.0145064
0.015382
0.0163544
0.0174214
0.01858
0.0198276
0.0211613
0.0225772
0.0240708
0.025639
0.0272791
0.0289876
0.0307602
0.0325929
0.0344826
0.0364256
0.0384168
0.0404495
0.0425166
0.0446127
0.0467334
0.0488748
0.0510323
0.0532004
0.0553736
0.0575469
0.0597151
0.0618725
0.0640121
0.066126
0.068207
0.0702491
0.0722486
0.0742024
0.0761069
0.0779573
0.079747
0.0814678
0.0831116
0.0846716
0.0861433
0.0875243
0.0888131
0.0900087
0.0911094
0.0921123
0.0930131
0.0938077
0.0944927
0.095066
0.0955265
0.0958741
0.0961093
0.0962329
0.0962457
0.0961484
0.095942
0.0956286
0.0952116
0.0946949
0.0940829
0.0933791
0.0925865
0.091708
0.0907461
0.089704
0.0885846
0.0873912
0.0861256
0.0847895
0.0833933
0.0819463
0.0803164
0.0783921
0.0279693
0.0258127
0.0240223
0.022471
0.0210113
0.0196495
0.0183914
0.0172333
0.016173
0.0152108
0.0143476
0.0135837
0.0129191
0.0123547
0.0118924
0.0115347
0.0112825
0.0111354
0.0110924
0.0111524
0.0113151
0.0115811
0.0119502
0.0124218
0.0129954
0.0136699
0.0144436
0.0153159
0.0162859
0.0173514
0.0185092
0.0197564
0.0210896
0.0225049
0.0239976
0.0255647
0.0272037
0.0289116
0.0306843
0.0325177
0.0344081
0.0363517
0.0383431
0.0403757
0.0424428
0.0445391
0.0466605
0.0488032
0.0509626
0.0531332
0.0553097
0.0574866
0.0596586
0.0618196
0.0639626
0.0660805
0.0681661
0.0702142
0.0722207
0.0741823
0.076095
0.0779537
0.0797515
0.0814802
0.0831317
0.084699
0.086178
0.0875664
0.0888631
0.0900668
0.0911756
0.0921858
0.0930927
0.0938918
0.0945793
0.0951533
0.0956127
0.0959573
0.0961879
0.096305
0.0963092
0.0962011
0.0959814
0.0956519
0.0952152
0.0946748
0.0940341
0.093296
0.0924633
0.0915388
0.090525
0.0894246
0.0882403
0.0869745
0.0856288
0.0842043
0.0827125
0.0811634
0.0794156
0.077349
0.0290677
0.0267691
0.0248591
0.0232034
0.0216448
0.0201902
0.0188461
0.0176086
0.0164765
0.0154498
0.0145281
0.0137107
0.0129978
0.0123911
0.0118929
0.0115043
0.0112251
0.0110538
0.0109896
0.0110317
0.0111801
0.011435
0.0117956
0.0122606
0.0128287
0.0134987
0.0142694
0.01514
0.0161099
0.0171764
0.018336
0.0195852
0.0209207
0.0223383
0.0238336
0.0254035
0.027046
0.0287582
0.0305359
0.0323748
0.0342708
0.0362198
0.0382163
0.0402542
0.0423269
0.0444295
0.0465578
0.0487079
0.0508752
0.0530544
0.05524
0.0574262
0.0596074
0.0617776
0.06393
0.0660577
0.0681541
0.0702139
0.0722329
0.0742074
0.0761331
0.0780047
0.0798152
0.0815562
0.0832195
0.0847984
0.0862889
0.087689
0.0889975
0.0902132
0.0913334
0.0923539
0.0932694
0.0940752
0.0947674
0.0953439
0.0958036
0.0961464
0.0963728
0.0964834
0.0964788
0.0963592
0.0961251
0.0957781
0.0953201
0.0947537
0.0940818
0.0933069
0.0924315
0.0914584
0.0903901
0.089229
0.0879773
0.0866369
0.085209
0.0836948
0.0821065
0.0804551
0.07859
0.0763828
0.0300468
0.0276094
0.0255825
0.0238242
0.0221676
0.0206199
0.0191897
0.017874
0.0166707
0.0155786
0.0145966
0.0137245
0.0129632
0.0123146
0.0117798
0.0113589
0.0110508
0.0108541
0.0107681
0.0107926
0.0109273
0.0111715
0.0115237
0.011982
0.012545
0.0132118
0.0139811
0.0148523
0.0158244
0.0168942
0.0180578
0.0193116
0.0206523
0.0220756
0.0235772
0.0251543
0.026805
0.0285263
0.0303139
0.0321628
0.034069
0.0360282
0.0380353
0.0400841
0.0421685
0.0442833
0.0464244
0.048588
0.0507694
0.0529633
0.0551637
0.057365
0.0595611
0.0617462
0.0639139
0.0660576
0.0681709
0.0702482
0.0722851
0.0742774
0.076221
0.0781102
0.0799378
0.0816954
0.0833748
0.0849695
0.0864759
0.087892
0.0892166
0.0904479
0.0915826
0.0926162
0.093543
0.0943578
0.0950569
0.0956379
0.0960998
0.0964422
0.0966654
0.0967701
0.0967566
0.0966252
0.0963762
0.0960105
0.0955295
0.0949354
0.0942303
0.0934165
0.0924964
0.0914726
0.0903475
0.0891234
0.0878018
0.0863846
0.0848727
0.0832674
0.0815818
0.0798278
0.0778457
0.0754992
0.0309032
0.0283297
0.0261872
0.024327
0.0225727
0.0209325
0.019417
0.0180236
0.0167488
0.0155902
0.0145469
0.0136199
0.0128104
0.0121194
0.011547
0.0110922
0.010754
0.0105314
0.0104241
0.0104316
0.0105529
0.0107866
0.0111304
0.0115822
0.0121412
0.0128065
0.0135766
0.0144506
0.015427
0.0165023
0.0176723
0.0189335
0.0202825
0.021715
0.0232272
0.024816
0.0264796
0.0282147
0.0300165
0.0318801
0.0338012
0.0357758
0.037799
0.0398645
0.0419665
0.0440995
0.0462596
0.0484427
0.0506443
0.0528587
0.05508
0.057302
0.0595189
0.061725
0.0639141
0.06608
0.068216
0.0703164
0.0723765
0.0743919
0.0763582
0.0782696
0.0801189
0.0818975
0.0835974
0.0852125
0.0867392
0.0881757
0.0895204
0.0907708
0.0919233
0.0929727
0.0939132
0.0947396
0.0954479
0.0960357
0.0965017
0.0968454
0.0970668
0.0971663
0.0971445
0.0970013
0.0967369
0.0963517
0.0958466
0.0952233
0.0944835
0.0936293
0.0926627
0.0915862
0.0904022
0.0891126
0.0877189
0.0862228
0.0846252
0.0829275
0.0811438
0.0792867
0.0771878
0.0747028
0.0316339
0.0289258
0.026668
0.0247057
0.0228544
0.0211234
0.0195235
0.0180518
0.0167042
0.015478
0.0143735
0.0133918
0.012534
0.0117997
0.011188
0.0106984
0.0103298
0.0100817
0.00995378
0.00994472
0.0100527
0.0102758
0.0106115
0.0110581
0.0116147
0.0122804
0.0130535
0.0139324
0.0149151
0.0159982
0.0171773
0.0184488
0.0198095
0.0212554
0.0227825
0.0243876
0.0260686
0.0278218
0.0296424
0.0315253
0.0334665
0.0354619
0.0375068
0.039595
0.0417204
0.0438776
0.0460625
0.0482712
0.050499
0.0527399
0.0549878
0.0572364
0.0594801
0.0617133
0.0639301
0.0661242
0.0682888
0.0704179
0.0725065
0.0745501
0.0765441
0.0784826
0.0803581
0.0821623
0.0838874
0.0855276
0.0870794
0.0885408
0.0899095
0.0911826
0.0923558
0.0934239
0.0943808
0.0952213
0.0959413
0.0965381
0.0970105
0.0973573
0.0975784
0.097674
0.0976445
0.0974898
0.0972099
0.0968047
0.0962748
0.0956214
0.0948458
0.0939497
0.0929351
0.0918041
0.090559
0.0892017
0.0877337
0.0861568
0.0844717
0.0826804
0.0807975
0.0788368
0.0766208
0.0739979
0.0322351
0.0293929
0.0270204
0.0249563
0.023009
0.021188
0.0195036
0.0179524
0.0165305
0.0152366
0.0140711
0.0130349
0.0121279
0.0113489
0.0106972
0.0101723
0.0097739
0.00950125
0.00935318
0.00932767
0.00942233
0.00963513
0.00996391
0.0104069
0.0109631
0.0116313
0.0124093
0.013295
0.0142863
0.0153795
0.0165705
0.0178558
0.0192321
0.0206956
0.0222418
0.0238676
0.0255701
0.0273457
0.0291896
0.0310968
0.0330633
0.0350851
0.0371574
0.039274
0.0414285
0.0436158
0.0458316
0.0480719
0.0503317
0.0526051
0.0548854
0.0571667
0.0594432
0.0617098
0.0639605
0.0661888
0.0683878
0.0705512
0.0726739
0.0747512
0.0767781
0.0787485
0.0806552
0.0824899
0.0842453
0.0859157
0.0874975
0.0889883
0.0903852
0.0916845
0.0928818
0.0939714
0.0949476
0.0958049
0.0965391
0.0971476
0.0976284
0.0979803
0.0982027
0.0982958
0.0982596
0.0980941
0.0977989
0.0973738
0.0968188
0.0961346
0.0953222
0.094383
0.0933187
0.0921315
0.0908234
0.0893964
0.0878522
0.0861924
0.0844183
0.0825317
0.0805487
0.0784835
0.07615
0.0733889
0.0327026
0.0297268
0.0272407
0.0250758
0.0230325
0.0211209
0.0193507
0.0177186
0.0162222
0.0148608
0.0136344
0.012543
0.0115855
0.010761
0.0100691
0.00950963
0.00908222
0.00878554
0.00861765
0.00857585
0.00865764
0.00886123
0.00918469
0.00962608
0.010184
0.0108566
0.0116413
0.0125358
0.0135379
0.014644
0.01585
0.0171527
0.0185487
0.0200339
0.0216035
0.0232539
0.0249821
0.0267845
0.0286563
0.0305928
0.0325899
0.0346437
0.0367488
0.0388993
0.0410887
0.0433118
0.0455643
0.0478422
0.05014
0.0524515
0.0547703
0.0570904
0.0594062
0.0617124
0.0640033
0.0662719
0.0685113
0.0707149
0.0728775
0.074994
0.0770593
0.079067
0.08101
0.0828806
0.0846716
0.0863775
0.0879945
0.0895194
0.0909486
0.0922781
0.0935029
0.0946175
0.095616
0.0964931
0.0972444
0.097867
0.0983586
0.0987176
0.0989431
0.0990352
0.0989938
0.0988185
0.0985087
0.0980638
0.0974835
0.0967681
0.0959181
0.0949346
0.0938193
0.0925743
0.0912017
0.0897033
0.0880809
0.0863365
0.0844716
0.0824883
0.0804036
0.0782328
0.075781
0.0728808
0.033034
0.0299243
0.0273254
0.0250603
0.0229198
0.0209153
0.0190579
0.0173447
0.0157741
0.0143452
0.0130574
0.0119095
0.0109007
0.0100306
0.00929898
0.00870588
0.00825013
0.00792968
0.00774208
0.00768451
0.00775461
0.00795069
0.00827075
0.00871247
0.00927388
0.00995266
0.010746
0.0116516
0.012667
0.0137891
0.0150138
0.0163378
0.0177576
0.0192684
0.0208653
0.0225443
0.0243024
0.026136
0.0280407
0.0300118
0.032045
0.0341359
0.0362794
0.0384692
0.040699
0.0429637
0.0452589
0.0475799
0.0499214
0.0522771
0.0546404
0.0570055
0.0593669
0.0617192
0.0640562
0.0663713
0.0686571
0.0709071
0.0731155
0.0752771
0.0773863
0.0794369
0.0814219
0.083334
0.0851663
0.0869133
0.0885707
0.0901346
0.0916007
0.0929644
0.0942208
0.0953642
0.0963886
0.0972887
0.09806
0.0986993
0.0992041
0.0995725
0.0998033
0.0998962
0.0998512
0.0996675
0.099344
0.0988798
0.0982741
0.0975269
0.0966386
0.0956101
0.0944429
0.0931389
0.0917003
0.090129
0.0884268
0.0865961
0.0846386
0.082557
0.0803693
0.0780916
0.07552
0.0724792
0.0332273
0.0299822
0.0272692
0.0249027
0.0226634
0.0205644
0.0186192
0.0168253
0.0151806
0.0136836
0.012333
0.0111278
0.0100675
0.00915207
0.0083817
0.00775564
0.00727194
0.00692796
0.00672114
0.00664891
0.00670902
0.00689961
0.00721821
0.00766203
0.00822867
0.00891553
0.00971966
0.0106387
0.0116706
0.0128122
0.0140595
0.0154088
0.0168561
0.0183964
0.0200243
0.021736
0.0235283
0.025398
0.0273408
0.0293516
0.031426
0.0335594
0.0357464
0.037981
0.0402569
0.0425688
0.0449122
0.0472821
0.0496731
0.0520787
0.0544927
0.056909
0.0593222
0.0617267
0.0641162
0.0664838
0.0688223
0.0711248
0.0733852
0.0755978
0.0777569
0.0798564
0.0818894
0.0838491
0.0857287
0.0875226
0.0892258
0.0908338
0.0923417
0.0937445
0.0950369
0.0962133
0.0972675
0.0981941
0.0989886
0.0996476
0.100168
0.100548
0.100787
0.100883
0.100836
0.100645
0.100309
0.0998264
0.0991954
0.0984163
0.0974893
0.0964153
0.0951955
0.0938318
0.0923262
0.0906806
0.0888971
0.0869785
0.084927
0.0827456
0.0804531
0.0780668
0.0753733
0.0721894
0.0332783
0.0298949
0.0270653
0.0245952
0.0222559
0.020062
0.018029
0.0161544
0.0144349
0.0128684
0.0114539
0.0101909
0.00907954
0.00811979
0.00731123
0.00665251
0.00614114
0.00577425
0.0055494
0.00546418
0.00551626
0.00570332
0.00602234
0.00647004
0.00704376
0.0077408
0.00855825
0.00949386
0.0105456
0.0117105
0.0129842
0.0143626
0.0158412
0.0174146
0.0190774
0.0208258
0.022657
0.0245677
0.0265534
0.028609
0.0307296
0.0329105
0.0351463
0.037431
0.0397585
0.0421231
0.0445202
0.0469446
0.0493908
0.0518524
0.0543232
0.056797
0.0592682
0.0617309
0.0641791
0.0666057
0.0690033
0.0713648
0.0736836
0.0759537
0.0781691
0.0803237
0.0824112
0.0844248
0.086358
0.0882046
0.0899594
0.091617
0.093172
0.094619
0.0959524
0.0971663
0.0982546
0.0992117
0.100033
0.100715
0.101254
0.101649
0.101898
0.102
0.101953
0.101757
0.10141
0.100909
0.100253
0.0994419
0.0984763
0.0973566
0.096084
0.09466
0.0930864
0.0913653
0.0894993
0.0874915
0.0853444
0.0830615
0.0806624
0.0781651
0.0753469
0.0720164
0.0331806
0.0296559
0.0267066
0.0241311
0.0216914
0.0194029
0.0172817
0.015325
0.013529
0.0118917
0.0104127
0.00909228
0.00793062
0.00692717
0.00608073
0.00538953
0.004851
0.00446238
0.00422123
0.00412502
0.00417103
0.00435639
0.00467761
0.00513113
0.00571412
0.00642389
0.00725767
0.00821333
0.00928883
0.0104809
0.0117849
0.013196
0.0147094
0.0163195
0.0180214
0.0198111
0.0216859
0.0236425
0.0256762
0.0277815
0.0299533
0.0321867
0.0344765
0.0368167
0.0392011
0.0416239
0.0440801
0.0465647
0.049072
0.0515958
0.0541294
0.0566668
0.059202
0.0617293
0.0642425
0.0667346
0.0691979
0.0716249
0.0740087
0.0763428
0.0786211
0.0808377
0.0829863
0.0850605
0.0870536
0.0889592
0.0907714
0.0924843
0.094092
0.0955886
0.0969681
0.0982246
0.0993516
0.100343
0.101195
0.101904
0.102466
0.102879
0.103141
0.103251
0.103208
0.103008
0.10265
0.102132
0.101452
0.10061
0.099606
0.0984409
0.0971152
0.0956302
0.0939878
0.0921903
0.0902407
0.0881425
0.0858984
0.0835118
0.0810035
0.0783923
0.0754457
0.0719643
0.0329271
0.0292586
0.0261877
0.0235056
0.0209649
0.018581
0.01637
0.0143291
0.0124549
0.0107461
0.00920281
0.00782549
0.00661393
0.00556697
0.00468287
0.00395967
0.00339499
0.00298622
0.00273073
0.00262551
0.0026673
0.00285276
0.00317813
0.0036397
0.00423459
0.00496017
0.00581385
0.00679347
0.00789672
0.00911983
0.0104578
0.0119052
0.0134571
0.0151082
0.0168535
0.0186894
0.0206129
0.0226204
0.024707
0.026867
0.0290951
0.0313864
0.0337356
0.0361367
0.0385833
0.0410698
0.043591
0.0461416
0.0487161
0.0513079
0.0539104
0.0565173
0.0591226
0.0617206
0.0643052
0.0668692
0.0694047
0.0719039
0.0743593
0.0767642
0.0791123
0.0813977
0.0836143
0.0857557
0.0878152
0.089786
0.0916617
0.0934358
0.0951019
0.0966537
0.098085
0.0993893
0.10056
0.101591
0.102479
0.103218
0.103806
0.104241
0.10452
0.104642
0.104604
0.104403
0.104036
0.103502
0.102799
0.101926
0.100885
0.0996743
0.0982953
0.0967488
0.0950368
0.0931621
0.091128
0.0889379
0.0865947
0.084102
0.0814813
0.0787525
0.0756731
0.0720357
0.032512
0.0286976
0.0255037
0.0227136
0.02007
0.0175883
0.0152851
0.0131579
0.0112045
0.00942427
0.0078173
0.00638349
0.00512205
0.00403152
0.00311014
0.00235597
0.00176669
0.00133958
0.00107164
0.000959293
0.000998742
0.00118631
0.0015181
0.00199041
0.00260037
0.00334541
0.00422295
0.00523061
0.00636553
0.00762345
0.00899892
0.0104865
0.012081
0.0137775
0.0155713
0.0174584
0.0194356
0.0214991
0.0236436
0.0258634
0.0281531
0.0305077
0.0329217
0.0353892
0.0379038
0.0404597
0.0430517
0.0456745
0.0483222
0.050988
0.0536653
0.0563477
0.0590292
0.0617042
0.0643665
0.0670089
0.0696231
0.0722009
0.0747346
0.0772171
0.0796419
0.0820032
0.0842948
0.0865104
0.0886428
0.0906852
0.0926305
0.0944718
0.0962022
0.0978152
0.0993039
0.100662
0.101881
0.102957
0.103885
0.10466
0.105279
0.10574
0.10604
0.106176
0.106146
0.105945
0.105572
0.105023
0.104298
0.103397
0.102318
0.101062
0.0996297
0.0980212
0.0962391
0.0942863
0.0921662
0.0898825
0.0874378
0.0848358
0.0820991
0.0792486
0.0760318
0.072233
0.0319311
0.0279679
0.0246487
0.021748
0.0189981
0.0164154
0.0140178
0.0118035
0.00977074
0.00791928
0.0062488
0.00475848
0.00344707
0.00231319
0.00135532
0.000571632
-4.0412e-05
-0.00048396
-0.000762521
-0.000880124
-0.00084095
-0.00064891
-0.000307924
0.000178378
0.000807108
0.00157564
0.00248119
0.00352087
0.00469127
0.00598768
0.00740453
0.00893636
0.0105782
0.012325
0.0141722
0.0161155
0.0181515
0.020276
0.0224835
0.0247684
0.0271251
0.0295483
0.0320327
0.0345722
0.0371605
0.0397919
0.0424609
0.045162
0.0478889
0.0506349
0.053393
0.0561571
0.0589212
0.0616796
0.0644261
0.0671532
0.0698525
0.0725156
0.0751344
0.0777015
0.0802103
0.0826546
0.0850284
0.087325
0.0895371
0.0916575
0.0936786
0.0955933
0.0973941
0.0990741
0.100626
0.102043
0.103317
0.104443
0.105416
0.106232
0.106887
0.107379
0.107704
0.107858
0.107839
0.107641
0.107263
0.106703
0.105957
0.105027
0.103912
0.102611
0.101124
0.0994532
0.0976001
0.0955681
0.0933605
0.0909807
0.0884315
0.0857167
0.08286
0.0798837
0.0765248
0.0725587
0.0311796
0.027063
0.0236147
0.0205998
0.01774
0.0150537
0.0125604
0.0102588
0.0081469
0.00622408
0.00448961
0.00294241
0.00158116
0.000404666
-0.000588415
-0.0014
-0.002033
-0.00249115
-0.00277846
-0.0028993
-0.00285806
-0.00265876
-0.00230531
-0.0018013
-0.00114975
-0.000353562
0.00058403
0.0016596
0.00286924
0.00420806
0.00567054
0.0072513
0.00894534
0.0107477
0.0126534
0.0146581
0.0167579
0.0189485
0.0212245
0.0235798
0.0260089
0.0285063
0.0310667
0.033684
0.0363522
0.0390652
0.0418175
0.044603
0.0474154
0.0502477
0.0530931
0.0559453
0.0587985
0.0616469
0.0644839
0.0673021
0.0700931
0.0728481
0.0755588
0.0782176
0.0808176
0.0833523
0.0858154
0.0882
0.0904986
0.0927035
0.094807
0.0968012
0.0986788
0.100432
0.102053
0.103535
0.10487
0.106052
0.107077
0.107939
0.108636
0.109163
0.109517
0.109693
0.109687
0.109496
0.109117
0.108546
0.107782
0.106825
0.105673
0.104327
0.102786
0.101052
0.0991267
0.0970139
0.0947165
0.0922379
0.0895809
0.0867496
0.083769
0.0806628
0.077157
0.0730178
0.030251
0.0259749
0.0223924
0.0192596
0.0162876
0.0134962
0.0109064
0.00851713
0.0063257
0.00433084
0.00253162
0.000927217
-0.000483378
-0.00170132
-0.00272808
-0.00356591
-0.00421821
-0.00468919
-0.0049833
-0.00510512
-0.00505912
-0.00484939
-0.00447982
-0.00395413
-0.00327567
-0.00244784
-0.00147435
-0.000359085
0.000893752
0.00227928
0.0037921
0.00542682
0.00717828
0.00904129
0.0110108
0.013082
0.015251
0.0175131
0.0198629
0.0222943
0.0248015
0.0273789
0.0300212
0.0327225
0.0354767
0.0382777
0.0411195
0.0439958
0.0469
0.049825
0.0527643
0.0557114
0.0586603
0.061605
0.0645391
0.0674548
0.0703438
0.0731974
0.076007
0.0787647
0.0814632
0.0840955
0.0866551
0.0891349
0.0915269
0.0938232
0.0960157
0.0980963
0.100057
0.10189
0.103588
0.105141
0.106543
0.107788
0.10887
0.109785
0.110528
0.111096
0.111483
0.111686
0.111698
0.111517
0.111139
0.110561
0.10978
0.108797
0.10761
0.106218
0.104623
0.102825
0.100827
0.0986317
0.0962421
0.0936618
0.0908937
0.0879423
0.0848339
0.0815936
0.0779362
0.0736174
0.029137
0.024695
0.0209732
0.0177194
0.0146336
0.0117362
0.00904902
0.00657072
0.00429842
0.00223046
0.000365971
-0.00129546
-0.00275454
-0.00401256
-0.00507143
-0.00593392
-0.00660389
-0.0070859
-0.00738466
-0.00750489
-0.00745108
-0.00722738
-0.00683785
-0.00628651
-0.00557724
-0.00471401
-0.00370088
-0.002542
-0.00124168
0.000195241
0.00176341
0.00345727
0.00527135
0.0072002
0.00923856
0.0113817
0.0136251
0.0159642
0.0183935
0.0209066
0.0234975
0.0261609
0.0288912
0.0316828
0.0345294
0.0374246
0.0403622
0.0433356
0.0463381
0.0493627
0.0524026
0.0554513
0.0585027
0.0615505
0.0645881
0.0676079
0.0706017
0.0735607
0.0764762
0.0793401
0.0821443
0.0848818
0.0875453
0.0901275
0.0926204
0.0950154
0.0973041
0.0994784
0.10153
0.10345
0.10523
0.106862
0.108338
0.109653
0.110799
0.111773
0.11257
0.113184
0.11361
0.113843
0.113878
0.113711
0.113338
0.112755
0.11196
0.110952
0.109731
0.108295
0.106645
0.104783
0.102711
0.100431
0.097947
0.0952623
0.0923801
0.089305
0.086065
0.0826865
0.078872
0.0743665
0.0278293
0.0232155
0.0193504
0.0159729
0.0127712
0.009766
0.00697955
0.00441015
0.00205511
-8.69436e-05
-0.0020167
-0.00373444
-0.00524089
-0.00653764
-0.00762717
-0.00851281
-0.00919875
-0.00968978
-0.00999073
-0.0101064
-0.0100413
-0.00979993
-0.00938658
-0.00880578
-0.00806202
-0.00715969
-0.00610306
-0.00489632
-0.00354387
-0.00205059
-0.000421943
0.0013362
0.00321798
0.00521773
0.00733013
0.0095503
0.0118737
0.0142953
0.0168095
0.0194099
0.0220906
0.0248458
0.0276703
0.0305582
0.0335033
0.036499
0.0395387
0.0426157
0.0457231
0.0488541
0.0520017
0.0551591
0.05832
0.0614777
0.0646257
0.0677565
0.070862
0.0739336
0.0769625
0.07994
0.0828577
0.0857079
0.0884831
0.0911756
0.0937769
0.0962784
0.0986713
0.100947
0.103096
0.105111
0.106982
0.1087
0.110259
0.11165
0.112869
0.113909
0.114764
0.11543
0.115901
0.11617
0.116233
0.116085
0.11572
0.115136
0.11433
0.1133
0.112045
0.110566
0.108863
0.106937
0.104789
0.102423
0.0998425
0.097051
0.0940517
0.0908496
0.087474
0.0839526
0.0799749
0.0752746
0.026321
0.02153
0.0175178
0.0140134
0.0106924
0.00757628
0.00468776
0.00202497
-0.00041441
-0.00263116
-0.0046258
-0.00639887
-0.00795155
-0.00928587
-0.0104048
-0.011312
-0.0120121
-0.0125098
-0.0128101
-0.0129179
-0.0128379
-0.012575
-0.0121341
-0.0115202
-0.0107383
-0.00979296
-0.00868856
-0.0074293
-0.00601975
-0.00446497
-0.00277071
-0.000943186
0.00101138
0.00308718
0.00527889
0.00758152
0.00999027
0.0125
0.0151048
0.0177985
0.0205747
0.0234279
0.0263526
0.0293429
0.0323925
0.0354948
0.0386429
0.04183
0.0450493
0.0482937
0.0515561
0.0548294
0.0581068
0.0613817
0.0646473
0.0678965
0.0711212
0.074313
0.0774629
0.0805617
0.0836006
0.0865715
0.0894664
0.0922772
0.0949952
0.0976113
0.100117
0.102502
0.104758
0.106875
0.108845
0.110658
0.112307
0.113784
0.115082
0.116195
0.117117
0.117841
0.118363
0.118674
0.118771
0.118646
0.118294
0.117713
0.116898
0.115849
0.114564
0.113043
0.111287
0.109295
0.107072
0.104619
0.101941
0.09904
0.0959209
0.0925882
0.0890726
0.085403
0.081255
0.0763506
0.024606
0.0196316
0.0154677
0.0118322
0.00838762
0.00515635
0.00216261
-0.000595458
-0.00312007
-0.00541165
-0.00747074
-0.00929836
-0.0108963
-0.0122672
-0.0134143
-0.0143415
-0.0150535
-0.0155552
-0.0158516
-0.015948
-0.0158494
-0.0155614
-0.0150893
-0.0144386
-0.0136145
-0.0126219
-0.0114649
-0.0101481
-0.00867624
-0.00705476
-0.0052897
-0.00338762
-0.00135502
0.000802211
0.00307873
0.00546946
0.00796933
0.010573
0.0132745
0.0160674
0.0189455
0.0219028
0.0249338
0.0280326
0.031193
0.0344081
0.0376712
0.0409753
0.0443134
0.0476783
0.0510626
0.0544591
0.0578604
0.0612599
0.0646507
0.0680259
0.0713776
0.0746974
0.0779761
0.0812041
0.0843722
0.0874717
0.0904945
0.093432
0.0962751
0.0990144
0.10164
0.104144
0.106515
0.108744
0.110821
0.112738
0.114486
0.116056
0.117442
0.118636
0.119632
0.120422
0.121001
0.121361
0.121497
0.121401
0.121068
0.120493
0.119674
0.118609
0.117296
0.115735
0.113927
0.111871
0.109572
0.107031
0.104253
0.101241
0.0979991
0.0945318
0.0908711
0.0870471
0.0827209
0.0776024
0.0226763
0.0175111
0.0131894
0.00941787
0.00584515
0.00249495
-0.000606811
-0.0034616
-0.00607184
-0.00843821
-0.0105615
-0.0124433
-0.0140859
-0.0154924
-0.0166662
-0.0176114
-0.0183328
-0.0188353
-0.0191245
-0.0192057
-0.0190848
-0.0187679
-0.0182608
-0.0175693
-0.0166987
-0.0156538
-0.0144392
-0.0130594
-0.0115199
-0.00982642
-0.00798524
-0.00600322
-0.00388706
-0.00164276
0.000724333
0.00320902
0.00580602
0.0085098
0.0113143
0.0142129
0.0171992
0.0202671
0.0234107
0.0266242
0.0299017
0.0332363
0.0366212
0.0400492
0.0435132
0.0470058
0.0505193
0.0540463
0.0575792
0.0611109
0.0646348
0.0681438
0.0716304
0.0750861
0.0785016
0.0818669
0.0851723
0.0884088
0.0915678
0.0946405
0.0976173
0.100488
0.103244
0.105874
0.108369
0.110719
0.112914
0.114943
0.116799
0.118472
0.119954
0.121237
0.122315
0.123179
0.123823
0.124238
0.124419
0.124357
0.124048
0.123485
0.122666
0.121589
0.120251
0.118652
0.116793
0.114675
0.112299
0.10967
0.106791
0.103665
0.100296
0.0966893
0.0928779
0.0888927
0.0843798
0.0790369
0.0205216
0.0151572
0.0106708
0.00675775
0.00305291
-0.000419186
-0.00363106
-0.00658384
-0.00928027
-0.0117217
-0.0139093
-0.0158452
-0.0175319
-0.0189728
-0.0201715
-0.0211323
-0.0218599
-0.0223597
-0.0226378
-0.0227001
-0.0225532
-0.0222035
-0.0216572
-0.0209201
-0.0199978
-0.0188954
-0.0176175
-0.0161693
-0.0145566
-0.0127856
-0.0108627
-0.00879507
-0.00658958
-0.00425234
-0.00178871
0.000796027
0.00349641
0.0063067
0.00922066
0.0122315
0.0153324
0.0185171
0.0217796
0.0251144
0.0285156
0.0319766
0.0354903
0.0390493
0.0426463
0.0462737
0.0499239
0.053589
0.0572611
0.060933
0.064598
0.068249
0.0718787
0.0754786
0.079039
0.0825498
0.0860009
0.0893829
0.0926869
0.0959036
0.099023
0.102035
0.104929
0.107696
0.110324
0.112804
0.115125
0.117277
0.11925
0.121035
0.122622
0.124004
0.125172
0.126117
0.126833
0.127311
0.127544
0.127523
0.127243
0.126697
0.125883
0.124797
0.123437
0.121803
0.119896
0.117715
0.115265
0.112546
0.109563
0.10632
0.102821
0.0990693
0.0951009
0.0909475
0.0862395
0.0806618
0.0181295
0.0125576
0.00789973
0.00384011
-5.24448e-07
-0.00359696
-0.00692078
-0.0099731
-0.0127569
-0.0152741
-0.0175266
-0.0195163
-0.0212464
-0.0227201
-0.0239412
-0.0249143
-0.0256446
-0.026138
-0.0264011
-0.0264406
-0.0262634
-0.0258764
-0.025286
-0.024498
-0.0235184
-0.0223526
-0.0210057
-0.0194833
-0.0177917
-0.0159373
-0.0139269
-0.0117676
-0.00946674
-0.00703047
-0.00446412
-0.00177301
0.0010372
0.0039605
0.00699038
0.0101198
0.0133416
0.0166494
0.0200373
0.0234999
0.0270316
0.0306258
0.0342752
0.0379722
0.0417093
0.0454789
0.0492731
0.0530839
0.0569032
0.0607234
0.0645378
0.0683393
0.0721206
0.0758731
0.0795871
0.083252
0.0868575
0.090394
0.093852
0.0972218
0.100493
0.103655
0.106697
0.10961
0.112381
0.115001
0.117459
0.119743
0.121844
0.12375
0.125452
0.126941
0.128207
0.129243
0.130039
0.130587
0.130878
0.130905
0.13066
0.130138
0.129333
0.128243
0.126865
0.1252
0.123246
0.121005
0.118479
0.115669
0.112581
0.109218
0.105583
0.101682
0.0975501
0.0932217
0.0883103
0.0824876
0.0154879
0.0097004
0.00486517
0.000654354
-0.00332589
-0.00704951
-0.0104876
-0.0136415
-0.0165145
-0.0191087
-0.0214262
-0.0234694
-0.0252413
-0.0267454
-0.027986
-0.0289679
-0.029697
-0.03018
-0.0304241
-0.0304365
-0.0302244
-0.0297951
-0.0291549
-0.0283102
-0.0272672
-0.0260321
-0.0246102
-0.0230075
-0.0212309
-0.019287
-0.0171827
-0.0149256
-0.012523
-0.00998142
-0.0073059
-0.00450184
-0.00157519
0.00146766
0.00461986
0.00787412
0.0112232
0.0146604
0.0181802
0.0217774
0.0254463
0.0291804
0.0329723
0.0368142
0.0406985
0.0446174
0.0485631
0.0525273
0.0565017
0.0604785
0.0644507
0.0684113
0.0723529
0.0762669
0.0801433
0.0839713
0.0877405
0.0914406
0.0950621
0.0985946
0.102027
0.105349
0.10855
0.111618
0.114543
0.117313
0.119918
0.122345
0.124583
0.12662
0.128447
0.130052
0.131427
0.132561
0.133446
0.134073
0.134431
0.134513
0.13431
0.133817
0.133027
0.131938
0.130548
0.128854
0.126857
0.124557
0.121955
0.119054
0.115858
0.112371
0.108596
0.10454
0.100239
0.0957292
0.0906064
0.0845283
0.0125851
0.00657405
0.0015558
-0.00281074
-0.00693494
-0.0107896
-0.014345
-0.017603
-0.0205671
-0.0232392
-0.0256217
-0.0277171
-0.0295287
-0.0310604
-0.0323169
-0.0333039
-0.0340281
-0.0344967
-0.0347175
-0.0346981
-0.0344459
-0.0339684
-0.0332725
-0.0323648
-0.0312524
-0.0299416
-0.0284384
-0.0267492
-0.0248811
-0.0228412
-0.0206365
-0.0182749
-0.0157642
-0.0131106
-0.0103191
-0.00739536
-0.00434557
-0.00117661
0.00210435
0.00548986
0.00897259
0.012546
0.0162044
0.0199429
0.0237558
0.0276366
0.0315777
0.0355712
0.0396095
0.0436849
0.0477894
0.0519148
0.0560523
0.0601939
0.0643323
0.0684605
0.0725713
0.0766557
0.0807036
0.0847041
0.0886462
0.0925198
0.0963144
0.10002
0.103624
0.107116
0.110485
0.113719
0.116809
0.11974
0.122502
0.125083
0.127469
0.129649
0.13161
0.133343
0.134836
0.13608
0.137063
0.137777
0.138211
0.138356
0.138203
0.137746
0.136978
0.135897
0.134498
0.132781
0.130743
0.128385
0.125708
0.122715
0.119409
0.115796
0.111878
0.107662
0.103186
0.0984879
0.0931453
0.0868005
0.00940925
0.00316593
-0.00204183
-0.00656917
-0.0108422
-0.0148324
-0.0185088
-0.0218735
-0.0249301
-0.0276804
-0.030127
-0.0322727
-0.0341212
-0.0356772
-0.0369461
-0.0379346
-0.0386499
-0.0390999
-0.0392926
-0.0392361
-0.0389379
-0.0384062
-0.0376483
-0.0366714
-0.0354829
-0.0340901
-0.032499
-0.0307164
-0.0287501
-0.0266074
-0.0242955
-0.0218228
-0.0191969
-0.0164243
-0.01351
-0.0104597
-0.00727999
-0.00397832
-0.000562037
0.00296136
0.00658454
0.0103009
0.0141049
0.0179915
0.0219552
0.0259894
0.0300865
0.0342385
0.0384376
0.0426765
0.0469472
0.0512412
0.0555497
0.0598641
0.0641772
0.0684818
0.0727704
0.0770343
0.081263
0.0854454
0.0895702
0.0936269
0.0976049
0.101493
0.105279
0.108952
0.112501
0.115914
0.119178
0.122283
0.125214
0.127959
0.130504
0.132838
0.134946
0.136817
0.13844
0.139804
0.140897
0.141708
0.142228
0.142445
0.14235
0.141937
0.141199
0.140132
0.138731
0.136994
0.134919
0.132506
0.129755
0.126669
0.123254
0.119512
0.115447
0.111067
0.106411
0.101517
0.0959457
0.0893219
0.0059463
-0.000539081
-0.00594407
-0.0106383
-0.0150654
-0.0191957
-0.0229964
-0.0264698
-0.0296195
-0.0324475
-0.0349566
-0.0371501
-0.0390326
-0.0406096
-0.0418876
-0.0428738
-0.043576
-0.0440025
-0.0441617
-0.0440621
-0.0437118
-0.0431194
-0.0422929
-0.0412401
-0.039969
-0.0384872
-0.0368011
-0.034918
-0.0328463
-0.0305937
-0.0281676
-0.0255764
-0.0228282
-0.0199294
-0.0168851
-0.0137011
-0.0103848
-0.00694365
-0.00338524
0.000282957
0.00405361
0.00792004
0.0118767
0.0159184
0.0200398
0.0242342
0.0284939
0.0328111
0.037178
0.0415874
0.0460315
0.0505017
0.0549888
0.0594842
0.0639802
0.0684697
0.0729452
0.0773977
0.0818165
0.0861903
0.0905077
0.0947578
0.0989295
0.103011
0.106991
0.110857
0.114597
0.118199
0.121652
0.124941
0.128053
0.130974
0.133692
0.136191
0.138458
0.14048
0.142245
0.143741
0.144955
0.145875
0.146491
0.14679
0.146764
0.146404
0.145704
0.144658
0.143261
0.141509
0.139401
0.136935
0.134112
0.130936
0.127409
0.123537
0.119323
0.114774
0.109932
0.104836
0.0990253
0.0921086
0.00217933
-0.00455869
-0.0101695
-0.0150372
-0.0196236
-0.0238979
-0.0278257
-0.0314089
-0.0346515
-0.037556
-0.0401256
-0.0423645
-0.0442783
-0.0458733
-0.0471567
-0.0481364
-0.0488206
-0.0492181
-0.0493378
-0.0491886
-0.0487794
-0.0481195
-0.0472176
-0.0460817
-0.0447207
-0.0431424
-0.0413538
-0.0393627
-0.0371781
-0.0348079
-0.03226
-0.0295427
-0.0266645
-0.0236319
-0.0204502
-0.0171255
-0.0136655
-0.0100778
-0.00637016
-0.00254996
0.00137538
0.00539908
0.00951544
0.0137194
0.0180055
0.022367
0.0267963
0.0312855
0.0358271
0.0404141
0.0450388
0.0496925
0.054366
0.0590503
0.0637376
0.0684207
0.073092
0.0777423
0.0823608
0.0869357
0.0914556
0.0959094
0.100286
0.104573
0.108758
0.112828
0.116772
0.120577
0.12423
0.127716
0.131022
0.134133
0.137035
0.139713
0.142152
0.144339
0.146259
0.1479
0.149247
0.150288
0.151011
0.151404
0.151456
0.15116
0.150506
0.149489
0.148102
0.146342
0.144205
0.14169
0.138799
0.135532
0.131895
0.127892
0.123526
0.118804
0.113769
0.108462
0.1024
0.0951755
-0.00191056
-0.00891199
-0.0147372
-0.0197848
-0.0245353
-0.0289568
-0.0330134
-0.036707
-0.0400422
-0.0430219
-0.0456503
-0.0479325
-0.0498748
-0.0514845
-0.0527693
-0.0537377
-0.0543984
-0.0547606
-0.0548342
-0.0546285
-0.0541534
-0.0534187
-0.0524336
-0.051207
-0.049748
-0.0480651
-0.0461659
-0.0440589
-0.0417532
-0.0392573
-0.0365793
-0.0337278
-0.0307115
-0.0275372
-0.0242105
-0.0207377
-0.0171265
-0.0133848
-0.00952041
-0.00554072
-0.00145325
0.00273508
0.00701849
0.0113919
0.0158499
0.0203858
0.0249918
0.02966
0.0343834
0.039155
0.0439675
0.0488122
0.0536797
0.0585609
0.0634478
0.0683331
0.0732091
0.0780665
0.0828941
0.08768
0.0924125
0.0970805
0.101672
0.106176
0.110578
0.114866
0.119027
0.123048
0.126915
0.130612
0.134125
0.137439
0.14054
0.14341
0.146036
0.1484
0.15049
0.152288
0.153782
0.154957
0.1558
0.156299
0.156441
0.156218
0.15562
0.154639
0.15327
0.151508
0.149348
0.146789
0.143831
0.140477
0.13673
0.132594
0.128072
0.123172
0.117937
0.11241
0.106085
0.0985371
-0.00634263
-0.0136181
-0.0196655
-0.0248991
-0.0298179
-0.0343892
-0.0385761
-0.0423808
-0.0458082
-0.0488624
-0.0515482
-0.0538715
-0.0558395
-0.05746
-0.0587415
-0.059693
-0.0603238
-0.0606441
-0.0606643
-0.0603947
-0.0598457
-0.0590282
-0.0579518
-0.0566259
-0.0550604
-0.0532644
-0.051246
-0.0490143
-0.0465789
-0.0439486
-0.0411317
-0.0381373
-0.0349745
-0.0316505
-0.0281708
-0.0245419
-0.0207716
-0.0168681
-0.0128391
-0.00869214
-0.00443492
-7.44239e-05
0.00438351
0.00893386
0.0135712
0.0182887
0.0230788
0.0279335
0.032846
0.0378096
0.0428173
0.0478604
0.0529295
0.0580154
0.0631101
0.0682062
0.0732958
0.0783695
0.0834156
0.0884222
0.0933775
0.0982704
0.103089
0.107821
0.112453
0.116971
0.121362
0.125612
0.129706
0.133628
0.137363
0.140895
0.144209
0.147287
0.150113
0.152671
0.154944
0.156915
0.15857
0.159893
0.160869
0.161486
0.16173
0.161591
0.161059
0.160125
0.158782
0.157025
0.154848
0.15225
0.14923
0.145789
0.141932
0.137662
0.132981
0.127896
0.122453
0.116696
0.110096
0.10221
-0.0111354
-0.0186953
-0.0249725
-0.0303973
-0.0354887
-0.0402128
-0.0445317
-0.0484483
-0.0519684
-0.0550965
-0.0578382
-0.0602002
-0.0621902
-0.0638169
-0.0650894
-0.0660176
-0.0666116
-0.0668824
-0.0668413
-0.0664995
-0.0658683
-0.0649591
-0.0637823
-0.062348
-0.0606668
-0.0587486
-0.056602
-0.0542363
-0.0516619
-0.0488879
-0.0459229
-0.0427768
-0.039459
-0.0359767
-0.0323356
-0.0285423
-0.0246047
-0.0205312
-0.0163296
-0.0120076
-0.00757287
-0.00303257
0.00160747
0.00634229
0.0111665
0.0160733
0.021055
0.0261037
0.0312128
0.036376
0.0415864
0.0468356
0.0521141
0.0574126
0.0627232
0.0680385
0.0733505
0.0786494
0.0839235
0.0891605
0.0943488
0.0994774
0.104534
0.109507
0.11438
0.119142
0.123776
0.128269
0.132605
0.136766
0.140737
0.144503
0.148045
0.151346
0.154389
0.157155
0.159627
0.161787
0.163619
0.165105
0.16623
0.166979
0.167338
0.167295
0.166841
0.165964
0.164657
0.162913
0.160726
0.158094
0.155015
0.151491
0.147524
0.143117
0.138273
0.132998
0.127339
0.121342
0.114456
0.106218
-0.0163073
-0.0241624
-0.030677
-0.0362985
-0.0415669
-0.0464473
-0.0509007
-0.0549309
-0.0585441
-0.0617453
-0.0645409
-0.0669381
-0.0689456
-0.0705727
-0.0718296
-0.0727272
-0.0732766
-0.0734896
-0.0733786
-0.0729555
-0.0722326
-0.071222
-0.0699351
-0.0683827
-0.0665762
-0.064526
-0.0622412
-0.0597318
-0.0570085
-0.0540811
-0.0509587
-0.0476518
-0.04417
-0.0405207
-0.0367096
-0.0327432
-0.0286299
-0.0243781
-0.0199959
-0.015491
-0.0108711
-0.00614341
-0.0013137
0.00361312
0.00863172
0.0137354
0.0189162
0.0241667
0.02948
0.0348504
0.0402711
0.0457341
0.0512298
0.056749
0.0622836
0.0678264
0.0733694
0.0789025
0.0844138
0.0898911
0.0953229
0.100698
0.106004
0.111229
0.116357
0.121374
0.126266
0.131016
0.135608
0.140024
0.144248
0.148263
0.15205
0.155591
0.158867
0.161859
0.164547
0.166913
0.168938
0.170603
0.171893
0.172789
0.173278
0.173347
0.172983
0.172175
0.170915
0.169193
0.167005
0.164345
0.161212
0.157607
0.15353
0.148985
0.143974
0.138502
0.13262
0.126375
0.119191
0.110585
-0.0218778
-0.0300398
-0.0368002
-0.0426246
-0.0480754
-0.0531163
-0.0577072
-0.0618523
-0.0655585
-0.0688314
-0.0716777
-0.0741057
-0.0761249
-0.0777457
-0.0789796
-0.0798384
-0.0803344
-0.0804804
-0.0802897
-0.0797753
-0.0789503
-0.0778279
-0.0764204
-0.0747395
-0.0727972
-0.0706045
-0.0681709
-0.0655072
-0.0626247
-0.0595338
-0.0562443
-0.052767
-0.0491119
-0.0452865
-0.0412963
-0.0371482
-0.0328507
-0.0284125
-0.0238417
-0.0191462
-0.0143335
-0.00941089
-0.00438408
0.000742155
0.00596258
0.0112705
0.016658
0.0221175
0.0276427
0.0332278
0.0388666
0.044551
0.0502718
0.0560196
0.0617864
0.0675651
0.0733475
0.0791237
0.0848817
0.0906093
0.0962949
0.101928
0.107495
0.112984
0.118379
0.123666
0.128828
0.133851
0.138714
0.143401
0.147894
0.152175
0.156225
0.160024
0.163551
0.166786
0.169709
0.172299
0.174535
0.176398
0.17787
0.178932
0.179568
0.179763
0.179504
0.17878
0.177578
0.17589
0.173709
0.171029
0.167847
0.164163
0.159977
0.155293
0.150111
0.144438
0.138326
0.131826
0.124333
0.115343
-0.0278696
-0.0363509
-0.0433667
-0.0494013
-0.0550402
-0.0602461
-0.064977
-0.069238
-0.0730363
-0.0763781
-0.0792709
-0.081724
-0.0837481
-0.085355
-0.0865574
-0.0873683
-0.0878012
-0.0878699
-0.0875888
-0.0869721
-0.0860339
-0.0847885
-0.0832491
-0.0814282
-0.0793385
-0.0769917
-0.0743979
-0.0715686
-0.068516
-0.065251
-0.061784
-0.0581263
-0.0542881
-0.0502769
-0.0460985
-0.0417597
-0.0372694
-0.0326366
-0.0278693
-0.0229754
-0.0179624
-0.0128374
-0.00760614
-0.00227321
0.00315629
0.00867567
0.014277
0.0199529
0.0256971
0.0315043
0.0373686
0.0432823
0.0492359
0.0552202
0.0612273
0.06725
0.0732805
0.0793089
0.0853231
0.091311
0.0972613
0.103163
0.109003
0.114769
0.120444
0.126013
0.131461
0.13677
0.141921
0.146896
0.151675
0.15624
0.160571
0.164646
0.168443
0.171942
0.175119
0.177952
0.18042
0.182501
0.184174
0.18542
0.186221
0.186561
0.186425
0.185799
0.18467
0.183027
0.180863
0.178171
0.174947
0.171188
0.166895
0.162071
0.156717
0.150838
0.14449
0.137726
0.129911
0.120519
-0.0343079
-0.0431221
-0.0504038
-0.0566564
-0.0624894
-0.0678641
-0.0727371
-0.0771137
-0.081002
-0.0844089
-0.0873429
-0.0898145
-0.091836
-0.0934205
-0.094582
-0.0953349
-0.0956939
-0.095674
-0.0952909
-0.09456
-0.0934965
-0.0921158
-0.090432
-0.0884584
-0.0862087
-0.0836951
-0.0809287
-0.0779218
-0.0746873
-0.0712369
-0.0675815
-0.0637325
-0.0597007
-0.0554936
-0.0511173
-0.0465787
-0.0418868
-0.0370509
-0.032079
-0.0269788
-0.0217579
-0.0164231
-0.0109801
-0.00543314
0.000212616
0.00595057
0.0117729
0.0176721
0.0236424
0.0296789
0.035776
0.0419262
0.0481202
0.0543488
0.060604
0.066879
0.0731663
0.0794559
0.0857361
0.0919946
0.0982203
0.104402
0.110527
0.116582
0.122549
0.128415
0.134163
0.139774
0.145229
0.150508
0.155592
0.16046
0.165091
0.169461
0.173549
0.177332
0.180784
0.183882
0.186602
0.188922
0.190817
0.192268
0.193255
0.193759
0.193763
0.193252
0.192211
0.190628
0.188493
0.185798
0.182538
0.178709
0.174313
0.16935
0.163822
0.157734
0.151144
0.144106
0.135955
0.126141
-0.0412204
-0.050382
-0.0579406
-0.0644189
-0.0704514
-0.0759982
-0.0810142
-0.0855054
-0.0894807
-0.0929481
-0.0959172
-0.0984002
-0.100411
-0.101963
-0.103073
-0.103757
-0.10403
-0.10391
-0.103412
-0.102554
-0.101352
-0.0998222
-0.09798
-0.0958397
-0.0934159
-0.0907219
-0.0877697
-0.0845722
-0.0811433
-0.0774952
-0.0736393
-0.0695875
-0.0653509
-0.0609373
-0.056353
-0.0516051
-0.0467026
-0.0416548
-0.0364699
-0.0311554
-0.0257187
-0.0201665
-0.0145042
-0.00873605
-0.00286687
0.00309672
0.00914693
0.0152765
0.0214798
0.0277525
0.0340894
0.0404834
0.0469251
0.0534054
0.0599165
0.066452
0.0730047
0.0795648
0.0861207
0.0926601
0.0991719
0.105645
0.112067
0.118423
0.124697
0.130873
0.136935
0.142865
0.148641
0.154242
0.159647
0.164837
0.169787
0.174474
0.178874
0.182962
0.186712
0.190097
0.193092
0.195673
0.197814
0.199493
0.200687
0.201375
0.20154
0.201162
0.200226
0.198717
0.196624
0.193937
0.19065
0.186759
0.182263
0.177163
0.17146
0.165159
0.15832
0.150997
0.142495
0.132239
-0.0486361
-0.05816
-0.0660062
-0.0727177
-0.0789548
-0.0846763
-0.0898358
-0.0944399
-0.0984988
-0.102021
-0.105019
-0.107505
-0.109495
-0.111006
-0.112053
-0.112656
-0.11283
-0.112596
-0.111969
-0.11097
-0.109614
-0.10792
-0.105904
-0.103582
-0.100969
-0.0980794
-0.0949269
-0.0915249
-0.0878879
-0.0840287
-0.0799595
-0.0756927
-0.0712396
-0.0666085
-0.0618056
-0.0568384
-0.0517158
-0.046447
-0.0410404
-0.0355032
-0.0298427
-0.0240656
-0.0181766
-0.01218
-0.0060803
0.00011586
0.00640081
0.0127675
0.0192106
0.0257263
0.0323099
0.0389544
0.0456508
0.05239
0.0591647
0.0659688
0.0727954
0.0796352
0.0864764
0.0933069
0.100116
0.106892
0.113622
0.120292
0.126885
0.133387
0.139779
0.146042
0.152155
0.158096
0.163843
0.169374
0.174665
0.179689
0.184423
0.188839
0.192909
0.196605
0.199901
0.202767
0.205178
0.207108
0.208533
0.209429
0.209775
0.209552
0.208739
0.207322
0.205286
0.20262
0.199317
0.19537
0.19078
0.185545
0.179667
0.173148
0.166051
0.158432
0.149563
0.138845
-0.0565845
-0.0664859
-0.0746307
-0.0815826
-0.0880292
-0.0939278
-0.099231
-0.103946
-0.108085
-0.111657
-0.114676
-0.117157
-0.119116
-0.120573
-0.121545
-0.122053
-0.122115
-0.121751
-0.12098
-0.119822
-0.118296
-0.116421
-0.114214
-0.111693
-0.108875
-0.105774
-0.102406
-0.0987845
-0.0949246
-0.0908402
-0.0865441
-0.0820493
-0.0773676
-0.0725074
-0.0674751
-0.0622781
-0.0569255
-0.0514265
-0.0457891
-0.0400207
-0.0341285
-0.0281186
-0.0219957
-0.0157635
-0.00942651
-0.0029911
0.00353517
0.0101455
0.0168349
0.0236
0.0304367
0.0373382
0.0442959
0.0513011
0.0583467
0.0654272
0.0725361
0.0796644
0.0868003
0.093932
0.101048
0.108138
0.115189
0.122186
0.129113
0.135953
0.142691
0.149305
0.155772
0.162071
0.168178
0.174071
0.179724
0.185109
0.1902
0.194969
0.199384
0.203417
0.207038
0.210217
0.212925
0.215132
0.216814
0.217942
0.218494
0.218447
0.217779
0.216473
0.214511
0.211881
0.208574
0.204582
0.199904
0.194537
0.188482
0.18174
0.174376
0.166451
0.157201
0.146001
-0.0650959
-0.075391
-0.0838456
-0.0910455
-0.0977067
-0.103785
-0.109233
-0.114057
-0.118271
-0.121887
-0.124919
-0.127385
-0.129302
-0.130692
-0.131575
-0.131973
-0.131906
-0.131395
-0.130462
-0.129128
-0.127412
-0.125337
-0.122922
-0.120184
-0.117142
-0.113813
-0.110213
-0.106355
-0.102256
-0.0979319
-0.0933947
-0.0886585
-0.0837355
-0.0786342
-0.073361
-0.0679234
-0.0623305
-0.0565915
-0.0507143
-0.0447062
-0.0385739
-0.0323236
-0.0259595
-0.019485
-0.0129042
-0.0062233
0.000550434
0.00741037
0.0143521
0.0213725
0.0284681
0.0356327
0.0428581
0.0501358
0.0574594
0.0648237
0.0722229
0.0796481
0.0870878
0.0945302
0.101964
0.10938
0.116763
0.1241
0.131374
0.138569
0.145667
0.152648
0.159488
0.166164
0.172652
0.178929
0.184966
0.190735
0.196208
0.201355
0.206144
0.210541
0.214516
0.218036
0.221069
0.223583
0.225548
0.226937
0.227722
0.227877
0.227378
0.226204
0.224336
0.22176
0.218463
0.214437
0.209677
0.204182
0.197949
0.19098
0.183343
0.1751
0.165455
0.153752
-0.0742031
-0.0849093
-0.0936857
-0.101142
-0.108023
-0.114285
-0.119877
-0.124808
-0.129094
-0.132746
-0.135782
-0.13822
-0.140083
-0.141391
-0.142169
-0.142439
-0.142224
-0.141547
-0.140431
-0.1389
-0.136975
-0.13468
-0.132035
-0.129061
-0.125777
-0.122201
-0.11835
-0.114239
-0.109885
-0.105305
-0.100512
-0.0955202
-0.0903425
-0.0849873
-0.0794613
-0.0737718
-0.067928
-0.061939
-0.0558127
-0.049556
-0.0431756
-0.0366771
-0.0300647
-0.0233411
-0.0165103
-0.00957786
-0.00255099
0.00456408
0.0117633
0.0190444
0.0264043
0.0338376
0.0413364
0.0488928
0.0565009
0.064156
0.0718528
0.0795829
0.087335
0.0950974
0.10286
0.110611
0.118339
0.126029
0.133664
0.141228
0.148703
0.156068
0.1633
0.170372
0.177263
0.183945
0.19039
0.196569
0.202451
0.208005
0.213194
0.217986
0.222346
0.226237
0.229626
0.232477
0.234759
0.236438
0.237485
0.237871
0.237567
0.236551
0.2348
0.232297
0.229026
0.224978
0.220146
0.214526
0.208116
0.200916
0.193
0.184431
0.174375
0.162145
-0.083942
-0.0950783
-0.10419
-0.111911
-0.119019
-0.125467
-0.131204
-0.136239
-0.14059
-0.14427
-0.147299
-0.149698
-0.15149
-0.1527
-0.153352
-0.153474
-0.15309
-0.152224
-0.150904
-0.149153
-0.146996
-0.144458
-0.141563
-0.138331
-0.134784
-0.130942
-0.12682
-0.122437
-0.117811
-0.112959
-0.107894
-0.102632
-0.0971852
-0.0915629
-0.0857715
-0.0798183
-0.0737125
-0.0674632
-0.0610781
-0.054564
-0.047927
-0.0411727
-0.0343046
-0.0273253
-0.0202382
-0.0130486
-0.00576327
0.00161197
0.00907367
0.0166202
0.0242492
0.0319561
0.0397337
0.0475745
0.055473
0.0634253
0.0714265
0.0794687
0.0875411
0.0956322
0.103732
0.11183
0.119915
0.12797
0.13598
0.143927
0.151796
0.159563
0.167205
0.174695
0.182009
0.189121
0.196
0.202614
0.208933
0.214922
0.220544
0.225762
0.230538
0.234835
0.238613
0.241835
0.244467
0.24647
0.247812
0.248459
0.248381
0.24755
0.24594
0.243531
0.240305
0.236249
0.231354
0.225617
0.219032
0.211601
0.203399
0.194495
0.18401
0.171229
-0.0943528
-0.10594
-0.115402
-0.123398
-0.130739
-0.137377
-0.143257
-0.148393
-0.152801
-0.1565
-0.159509
-0.161852
-0.163555
-0.164646
-0.165152
-0.165102
-0.164523
-0.163445
-0.161894
-0.159898
-0.157485
-0.154681
-0.151511
-0.147998
-0.144166
-0.140035
-0.135623
-0.130949
-0.126033
-0.12089
-0.115537
-0.109988
-0.104258
-0.098354
-0.0922839
-0.0860548
-0.0796756
-0.0731554
-0.0665017
-0.0597209
-0.052819
-0.0458011
-0.0386702
-0.0314285
-0.024079
-0.0166268
-0.00907789
-0.00143773
0.00629095
0.0141073
0.0220101
0.0299952
0.0380563
0.0461866
0.0543809
0.062636
0.0709476
0.0793086
0.0877085
0.0961364
0.104583
0.113038
0.121489
0.129923
0.13832
0.146667
0.154944
0.163132
0.171203
0.179131
0.186892
0.194457
0.201796
0.208874
0.215659
0.222115
0.228201
0.233877
0.239105
0.243842
0.248046
0.251677
0.254694
0.257058
0.25873
0.259674
0.259853
0.259237
0.257796
0.255505
0.252344
0.248297
0.243353
0.237506
0.23075
0.223088
0.214596
0.205344
0.194412
0.181052
-0.105479
-0.11754
-0.127369
-0.135651
-0.143231
-0.150061
-0.156084
-0.161314
-0.165772
-0.169475
-0.172448
-0.174717
-0.17631
-0.177258
-0.177592
-0.177344
-0.176544
-0.175225
-0.173416
-0.171148
-0.168451
-0.165354
-0.161884
-0.158065
-0.153924
-0.149481
-0.144757
-0.139771
-0.134544
-0.129092
-0.123433
-0.117582
-0.111551
-0.105351
-0.0989888
-0.0924711
-0.0858068
-0.0790049
-0.0720725
-0.065016
-0.0578409
-0.0505517
-0.043151
-0.0356407
-0.0280231
-0.0203029
-0.0124858
-0.00457626
0.00342367
0.0115141
0.0196946
0.0279623
0.0363112
0.0447352
0.05323
0.0617928
0.0704202
0.0791058
0.0878399
0.096612
0.105413
0.114234
0.123063
0.131886
0.140685
0.149445
0.158148
0.166772
0.175292
0.18368
0.19191
0.199954
0.207779
0.21535
0.222632
0.229586
0.23617
0.242342
0.248058
0.253273
0.257942
0.26202
0.265464
0.268228
0.27027
0.271547
0.27202
0.271652
0.27041
0.268265
0.265193
0.261174
0.256196
0.25025
0.243331
0.235437
0.226648
0.217036
0.205637
0.19167
-0.11737
-0.12993
-0.140142
-0.148721
-0.156547
-0.163571
-0.169733
-0.175051
-0.179546
-0.183239
-0.186157
-0.188329
-0.189787
-0.190565
-0.190699
-0.190224
-0.189173
-0.187582
-0.185485
-0.182915
-0.179905
-0.176485
-0.172686
-0.168534
-0.164057
-0.159278
-0.154218
-0.148898
-0.143339
-0.137558
-0.131574
-0.125401
-0.119055
-0.112543
-0.105874
-0.0990552
-0.0920942
-0.0849998
-0.0777791
-0.0704379
-0.0629815
-0.0554137
-0.0477368
-0.0399519
-0.0320611
-0.0240684
-0.0159786
-0.00779573
0.000479341
0.0088476
0.0173096
0.0258633
0.0345036
0.0432251
0.0520241
0.0608988
0.0698467
0.0788621
0.0879361
0.097059
0.106222
0.115418
0.124635
0.133858
0.143071
0.152258
0.161402
0.170481
0.179469
0.188337
0.197061
0.205609
0.213948
0.222041
0.229852
0.237339
0.244457
0.251161
0.257405
0.26314
0.268316
0.272886
0.2768
0.280007
0.282461
0.284114
0.284921
0.284839
0.283831
0.281863
0.278907
0.27494
0.269946
0.263916
0.256839
0.248714
0.239622
0.229637
0.217751
0.203148
-0.130077
-0.143163
-0.153777
-0.162664
-0.170743
-0.177961
-0.184259
-0.189655
-0.194173
-0.197838
-0.200678
-0.202728
-0.204023
-0.204602
-0.204503
-0.203767
-0.202432
-0.200535
-0.198116
-0.19521
-0.191853
-0.188079
-0.18392
-0.179406
-0.174565
-0.169422
-0.164001
-0.158322
-0.152408
-0.146277
-0.139947
-0.133436
-0.126756
-0.119917
-0.112928
-0.105794
-0.0985244
-0.091127
-0.0836085
-0.0759742
-0.0682287
-0.0603756
-0.0524165
-0.0443519
-0.0361833
-0.0279139
-0.0195479
-0.0110881
-0.00253448
0.0061148
0.0148613
0.0237039
0.0326384
0.0416602
0.0507666
0.0599566
0.0692287
0.0785782
0.0879971
0.0974766
0.107009
0.116587
0.1262
0.135834
0.145473
0.155101
0.164701
0.174253
0.183727
0.193098
0.202338
0.211417
0.220299
0.228946
0.237318
0.245374
0.253065
0.260342
0.267157
0.273456
0.279186
0.284294
0.288725
0.292424
0.295338
0.297413
0.298597
0.298844
0.298109
0.296355
0.293548
0.28966
0.284674
0.278574
0.271348
0.262992
0.253591
0.243222
0.230829
0.21556
-0.143656
-0.157297
-0.168335
-0.177542
-0.18588
-0.193292
-0.199719
-0.205181
-0.209706
-0.21332
-0.216058
-0.217956
-0.219057
-0.219402
-0.219036
-0.218002
-0.216344
-0.214105
-0.211325
-0.208046
-0.204305
-0.200141
-0.195588
-0.190679
-0.185443
-0.179908
-0.174097
-0.168033
-0.161739
-0.155236
-0.14854
-0.141669
-0.134639
-0.127457
-0.120133
-0.112671
-0.105082
-0.097371
-0.0895454
-0.0816098
-0.0735683
-0.0654235
-0.0571767
-0.0488278
-0.0403774
-0.0318279
-0.0231823
-0.0144425
-0.00560771
0.00332509
0.0123584
0.0214919
0.0307226
0.0400469
0.0494629
0.0589709
0.0685701
0.0782572
0.088025
0.097866
0.107773
0.117741
0.127758
0.137813
0.147889
0.157971
0.168042
0.178082
0.188064
0.197959
0.20774
0.217375
0.226829
0.236061
0.245031
0.253693
0.261997
0.269891
0.277322
0.284233
0.290566
0.296263
0.301264
0.305507
0.308933
0.311481
0.313094
0.313717
0.313302
0.311802
0.309181
0.305405
0.30045
0.294299
0.286934
0.27835
0.268634
0.257871
0.244951
0.228981
-0.158167
-0.172398
-0.18388
-0.193421
-0.202023
-0.209629
-0.216177
-0.221692
-0.226203
-0.229742
-0.232348
-0.234062
-0.234932
-0.235005
-0.234331
-0.232959
-0.230936
-0.22831
-0.225128
-0.221433
-0.217269
-0.212676
-0.207692
-0.202352
-0.196687
-0.190726
-0.184495
-0.178019
-0.171319
-0.164418
-0.157335
-0.150086
-0.142686
-0.135145
-0.12747
-0.119668
-0.111747
-0.103712
-0.095571
-0.0873265
-0.0789822
-0.0705402
-0.0620008
-0.0533634
-0.0446275
-0.0357947
-0.0268669
-0.0178449
-0.00872686
0.000491214
0.00981278
0.0192386
0.0287668
0.0383948
0.0481219
0.0579494
0.067878
0.0779052
0.0880252
0.0982316
0.108519
0.118882
0.129311
0.139795
0.150318
0.160866
0.171423
0.181969
0.192475
0.202916
0.213261
0.223481
0.233537
0.243388
0.252991
0.262299
0.271258
0.279814
0.287909
0.295484
0.302474
0.308816
0.314443
0.319287
0.323282
0.32636
0.328457
0.329511
0.329465
0.328268
0.325875
0.322246
0.317351
0.311168
0.303678
0.29487
0.28484
0.273671
0.260198
0.243489
-0.173675
-0.188533
-0.200485
-0.210372
-0.219244
-0.227043
-0.233703
-0.239254
-0.243728
-0.247164
-0.249604
-0.251097
-0.251696
-0.251453
-0.250425
-0.248666
-0.24623
-0.243171
-0.239539
-0.235383
-0.230751
-0.225685
-0.220229
-0.214418
-0.208286
-0.201866
-0.195182
-0.188262
-0.18113
-0.173806
-0.166311
-0.158663
-0.150875
-0.142958
-0.134918
-0.126762
-0.118497
-0.110129
-0.101663
-0.0931025
-0.0844494
-0.0757052
-0.0668691
-0.0579395
-0.0489153
-0.0397968
-0.0305849
-0.0212792
-0.0118768
-0.00237265
0.00723774
0.0169563
0.0267823
0.0367144
0.0467531
0.056901
0.06716
0.077529
0.0880035
0.0985784
0.109249
0.120013
0.13086
0.141781
0.152761
0.163787
0.174843
0.18591
0.19696
0.207966
0.218901
0.229732
0.24042
0.250923
0.261197
0.271191
0.280851
0.290117
0.298929
0.307221
0.314925
0.321971
0.328285
0.333794
0.338421
0.342093
0.344737
0.346282
0.346663
0.345822
0.343703
0.340261
0.33546
0.32927
0.32167
0.312648
0.3023
0.290712
0.27666
0.259169
-0.190254
-0.20578
-0.218229
-0.228478
-0.237627
-0.245614
-0.252376
-0.257942
-0.262354
-0.265653
-0.267889
-0.269117
-0.269396
-0.268787
-0.267352
-0.265153
-0.262251
-0.258704
-0.25457
-0.249902
-0.244751
-0.239166
-0.233191
-0.226866
-0.220229
-0.21331
-0.206139
-0.198744
-0.191149
-0.183377
-0.175447
-0.167377
-0.159182
-0.150871
-0.142451
-0.133928
-0.125308
-0.116597
-0.107798
-0.0989142
-0.089947
-0.0808962
-0.07176
-0.0625357
-0.0532212
-0.0438156
-0.0343188
-0.0247292
-0.0150425
-0.00525275
0.00464586
0.0146564
0.0247793
0.0350148
0.0453646
0.0558325
0.066422
0.0771332
0.0879633
0.0989085
0.109966
0.121134
0.132405
0.14377
0.155215
0.166729
0.178297
0.1899
0.201511
0.213105
0.224652
0.236121
0.247472
0.258662
0.269645
0.280369
0.290776
0.300803
0.310386
0.319454
0.327934
0.335748
0.342817
0.349059
0.354389
0.358726
0.361985
0.364089
0.364963
0.364536
0.362746
0.359538
0.354869
0.348704
0.341016
0.331789
0.32112
0.309099
0.294438
0.276121
-0.207984
-0.224224
-0.237202
-0.247829
-0.25726
-0.265433
-0.272282
-0.277841
-0.282158
-0.285281
-0.287266
-0.288178
-0.288083
-0.28705
-0.285149
-0.28245
-0.27902
-0.274925
-0.270229
-0.264991
-0.259268
-0.25311
-0.246568
-0.239683
-0.232495
-0.225038
-0.217344
-0.20944
-0.201352
-0.193104
-0.184714
-0.176202
-0.167579
-0.158857
-0.150042
-0.141138
-0.132152
-0.123088
-0.113949
-0.104736
-0.0954502
-0.0860892
-0.0766502
-0.0671296
-0.0575239
-0.0478313
-0.0380502
-0.0281776
-0.0182082
-0.00813451
0.00205034
0.0123507
0.0227685
0.0333052
0.0439641
0.0547504
0.065669
0.0767217
0.0879072
0.0992235
0.11067
0.122244
0.133944
0.145758
0.157676
0.169687
0.181779
0.193932
0.206122
0.218322
0.230505
0.24264
0.254685
0.266597
0.27833
0.289828
0.30103
0.311872
0.322284
0.332191
0.341512
0.350166
0.358063
0.365114
0.371225
0.376305
0.380259
0.382998
0.384436
0.384493
0.383094
0.380175
0.375684
0.36958
0.361829
0.352409
0.341418
0.328949
0.31365
0.294457
-0.226954
-0.243964
-0.257504
-0.268528
-0.278249
-0.286601
-0.293519
-0.299043
-0.303226
-0.306126
-0.307807
-0.308342
-0.307809
-0.306285
-0.303849
-0.30058
-0.296554
-0.291844
-0.286521
-0.280649
-0.274292
-0.267505
-0.260341
-0.252845
-0.245061
-0.237025
-0.228768
-0.220321
-0.211709
-0.202956
-0.194082
-0.185104
-0.176035
-0.166885
-0.157659
-0.148362
-0.139
-0.129574
-0.120088
-0.110541
-0.100932
-0.0912572
-0.0815137
-0.0716959
-0.0617993
-0.0518206
-0.041757
-0.0316039
-0.0213544
-0.0109998
-0.00053207
0.0100547
0.0207637
0.0315982
0.0425628
0.0536645
0.0649095
0.0763015
0.0878408
0.0995274
0.111362
0.123345
0.135475
0.147743
0.160141
0.172658
0.185283
0.198
0.210784
0.223611
0.236454
0.249281
0.262052
0.274722
0.287244
0.299562
0.311612
0.323324
0.334626
0.345438
0.355673
0.365241
0.374047
0.381991
0.388969
0.394879
0.399615
0.403075
0.405161
0.405778
0.404842
0.402277
0.398019
0.39202
0.384234
0.374635
0.363322
0.350391
0.334422
0.314298
-0.247268
-0.265108
-0.27925
-0.290691
-0.300707
-0.30923
-0.316195
-0.321648
-0.325651
-0.328271
-0.329584
-0.329674
-0.328627
-0.326535
-0.323486
-0.319568
-0.314868
-0.309466
-0.303442
-0.296867
-0.28981
-0.282331
-0.274487
-0.266328
-0.257899
-0.249238
-0.240379
-0.231353
-0.222185
-0.212899
-0.203515
-0.194049
-0.184515
-0.174919
-0.165269
-0.155567
-0.145818
-0.136023
-0.126183
-0.116296
-0.10636
-0.0963703
-0.0863212
-0.0762063
-0.06602
-0.0557575
-0.0454141
-0.0349838
-0.0244582
-0.0138272
-0.00308119
0.00778706
0.0187824
0.0299097
0.0411753
0.0525877
0.064155
0.0758825
0.0877726
0.0998272
0.112049
0.124441
0.137002
0.149727
0.162608
0.175638
0.188807
0.202099
0.215494
0.228965
0.24249
0.256035
0.269563
0.283029
0.296382
0.309566
0.322515
0.335156
0.347414
0.359201
0.370426
0.380992
0.390793
0.399721
0.407661
0.414498
0.420113
0.424391
0.427218
0.428486
0.428096
0.425959
0.421998
0.416153
0.408367
0.398607
0.386975
0.37357
0.356894
0.335779
-0.269041
-0.287781
-0.302569
-0.314449
-0.324764
-0.333447
-0.340429
-0.345768
-0.349535
-0.351808
-0.352677
-0.352239
-0.350593
-0.347843
-0.344091
-0.339435
-0.333972
-0.327794
-0.320987
-0.313631
-0.305801
-0.297564
-0.288979
-0.2801
-0.270974
-0.261642
-0.252139
-0.242496
-0.232739
-0.222892
-0.212972
-0.202997
-0.192977
-0.182921
-0.172832
-0.162714
-0.152569
-0.142398
-0.132198
-0.121968
-0.111703
-0.101396
-0.0910419
-0.0806316
-0.070158
-0.0596149
-0.0489959
-0.0382932
-0.0274969
-0.0165952
-0.00557705
0.00556628
0.0168415
0.028255
0.0398152
0.0515322
0.0634159
0.0754737
0.0877099
0.100129
0.112735
0.125533
0.138525
0.151708
0.165076
0.178624
0.192344
0.206223
0.22024
0.234375
0.248602
0.262893
0.277208
0.291504
0.30573
0.319828
0.33373
0.347362
0.360642
0.37348
0.385777
0.397428
0.40832
0.418333
0.427339
0.435211
0.441815
0.44702
0.450696
0.452718
0.452971
0.451348
0.447758
0.442124
0.434381
0.424485
0.412541
0.398648
0.381225
0.359047
-0.292402
-0.312125
-0.327609
-0.339951
-0.350568
-0.359391
-0.366355
-0.371526
-0.374989
-0.376836
-0.377172
-0.376109
-0.373764
-0.370253
-0.365693
-0.360197
-0.353873
-0.346823
-0.339144
-0.330923
-0.322242
-0.313173
-0.30378
-0.294121
-0.284245
-0.274193
-0.264003
-0.253705
-0.243326
-0.232887
-0.222407
-0.2119
-0.201378
-0.190845
-0.180306
-0.169762
-0.159214
-0.14866
-0.138097
-0.12752
-0.116925
-0.106303
-0.095645
-0.0849422
-0.0741855
-0.0633667
-0.0524777
-0.041509
-0.0304488
-0.0192838
-0.00800147
0.00340885
0.0149556
0.0266472
0.0384939
0.0505076
0.0627002
0.0750812
0.0876571
0.100434
0.11342
0.126621
0.140042
0.153682
0.167538
0.181607
0.195884
0.210358
0.225011
0.239824
0.254774
0.269834
0.284967
0.300129
0.315269
0.33033
0.345241
0.359927
0.374301
0.388269
0.401726
0.414559
0.426645
0.437852
0.448041
0.457068
0.464784
0.47104
0.475688
0.478583
0.479589
0.478581
0.475448
0.470098
0.46245
0.452451
0.440204
0.425808
0.407593
0.384273
-0.317502
-0.338299
-0.354536
-0.367363
-0.378281
-0.387222
-0.394122
-0.399059
-0.402137
-0.403463
-0.40316
-0.40136
-0.398198
-0.393808
-0.388323
-0.381871
-0.374575
-0.366548
-0.357897
-0.348719
-0.339101
-0.329122
-0.318851
-0.308347
-0.297663
-0.286841
-0.275919
-0.264927
-0.253891
-0.242833
-0.231768
-0.22071
-0.209668
-0.198646
-0.187646
-0.176667
-0.165709
-0.154768
-0.143839
-0.132916
-0.121991
-0.111056
-0.100098
-0.0891079
-0.0780737
-0.0669857
-0.055834
-0.0446071
-0.0332916
-0.0218725
-0.0103354
0.00133213
0.0131405
0.0251002
0.0372234
0.0495242
0.0620165
0.0747118
0.087619
0.100747
0.114105
0.127703
0.141549
0.155643
0.169986
0.184578
0.199416
0.214492
0.22979
0.245295
0.260987
0.27684
0.292819
0.308881
0.324978
0.34105
0.357028
0.372832
0.388375
0.403558
0.418269
0.432387
0.445779
0.458301
0.469801
0.480117
0.489085
0.496533
0.502292
0.506197
0.508086
0.50781
0.505238
0.500257
0.49277
0.482708
0.47017
0.455257
0.4362
0.411649
-0.344508
-0.366487
-0.383541
-0.396878
-0.408094
-0.41712
-0.423898
-0.428523
-0.431115
-0.431806
-0.43074
-0.428072
-0.423956
-0.418551
-0.412006
-0.404469
-0.396075
-0.386954
-0.377222
-0.366985
-0.356339
-0.345366
-0.33414
-0.322725
-0.311173
-0.299528
-0.287828
-0.276103
-0.264378
-0.252671
-0.240998
-0.229369
-0.217792
-0.206269
-0.194799
-0.18338
-0.172007
-0.160677
-0.149382
-0.138114
-0.126864
-0.115619
-0.104368
-0.093096
-0.0817916
-0.0704426
-0.059037
-0.0475616
-0.0360009
-0.0243383
-0.0125574
-0.000644105
0.0114143
0.0236304
0.0360187
0.0485952
0.061376
0.0743747
0.087603
0.101072
0.114794
0.128782
0.143045
0.157588
0.172415
0.187528
0.202929
0.21861
0.234563
0.250772
0.267222
0.283889
0.300741
0.317738
0.334831
0.351964
0.369065
0.386056
0.402846
0.419331
0.435395
0.450909
0.465728
0.479698
0.49265
0.504407
0.514781
0.523581
0.530613
0.535684
0.538605
0.539201
0.537314
0.532805
0.525557
0.515482
0.502672
0.487228
0.467273
0.441389
-0.373615
-0.396901
-0.414843
-0.428716
-0.44022
-0.449291
-0.455875
-0.460089
-0.462077
-0.461997
-0.46002
-0.456327
-0.451101
-0.444522
-0.436765
-0.427995
-0.418366
-0.40802
-0.397086
-0.385681
-0.373905
-0.361849
-0.349589
-0.337191
-0.32471
-0.312189
-0.299665
-0.287168
-0.274719
-0.262337
-0.250034
-0.237818
-0.225693
-0.213658
-0.201711
-0.189846
-0.178058
-0.166339
-0.154681
-0.143072
-0.131502
-0.119955
-0.108417
-0.0968726
-0.0853075
-0.0737075
-0.062059
-0.0503464
-0.0385524
-0.0266587
-0.0146469
-0.00250083
0.00979433
0.0222535
0.0348935
0.0477325
0.0607888
0.0740784
0.0876153
0.101413
0.115488
0.129855
0.144527
0.159512
0.174817
0.190448
0.206409
0.222699
0.23931
0.256232
0.273454
0.290954
0.308705
0.326667
0.344797
0.363038
0.381322
0.399568
0.417685
0.435565
0.453087
0.470115
0.486493
0.502055
0.516616
0.529979
0.541936
0.55227
0.560758
0.567177
0.571306
0.572938
0.571882
0.567971
0.561058
0.55103
0.537974
0.521986
0.501072
0.473738
-0.405049
-0.429786
-0.448698
-0.463134
-0.474911
-0.48397
-0.49027
-0.493952
-0.49519
-0.494175
-0.491111
-0.486212
-0.479693
-0.471761
-0.462616
-0.452447
-0.441427
-0.429712
-0.417445
-0.404752
-0.39174
-0.378506
-0.365128
-0.351673
-0.338199
-0.324747
-0.311354
-0.298046
-0.284844
-0.271762
-0.258808
-0.245989
-0.233304
-0.220751
-0.208322
-0.196011
-0.183809
-0.171706
-0.159689
-0.147747
-0.135864
-0.124024
-0.11221
-0.100405
-0.0885905
-0.0767521
-0.0648735
-0.0529373
-0.0409241
-0.0288135
-0.0165855
-0.00422165
0.00829517
0.0209823
0.0338588
0.0469452
0.0602619
0.0738275
0.0876586
0.101772
0.116186
0.13092
0.145988
0.161405
0.177179
0.193321
0.209838
0.226735
0.244007
0.261649
0.279652
0.298002
0.316673
0.335631
0.354836
0.374233
0.393757
0.413327
0.432854
0.452226
0.471317
0.489984
0.508064
0.525374
0.541716
0.556872
0.57061
0.582683
0.592838
0.600815
0.606359
0.609222
0.609174
0.606012
0.599549
0.589647
0.57638
0.55984
0.537898
0.508976
-0.439074
-0.465432
-0.485407
-0.50043
-0.512456
-0.52143
-0.52733
-0.530329
-0.53064
-0.528493
-0.524134
-0.517815
-0.509789
-0.500296
-0.489566
-0.477811
-0.465225
-0.451984
-0.43824
-0.424129
-0.409768
-0.395254
-0.380671
-0.366086
-0.351554
-0.337119
-0.322812
-0.308657
-0.294672
-0.280867
-0.267246
-0.253812
-0.24056
-0.227484
-0.214573
-0.201818
-0.189207
-0.176725
-0.16436
-0.152094
-0.13991
-0.127789
-0.115712
-0.103658
-0.0916097
-0.0795479
-0.0674546
-0.0553103
-0.0430937
-0.0307826
-0.018355
-0.00579013
0.00693143
0.0198295
0.0329255
0.0462422
0.0598023
0.0736269
0.0877355
0.102148
0.116886
0.131971
0.147422
0.163257
0.179488
0.196131
0.213198
0.230696
0.248627
0.26699
0.285783
0.304995
0.324606
0.344586
0.364901
0.3855
0.40632
0.427285
0.448304
0.469267
0.490043
0.510484
0.530417
0.549648
0.56796
0.585116
0.600855
0.614902
0.626966
0.636749
0.643949
0.648274
0.649446
0.647213
0.641347
0.631672
0.618244
0.601144
0.578096
0.547427
-0.476002
-0.504179
-0.525323
-0.540957
-0.553191
-0.561986
-0.567339
-0.569467
-0.568633
-0.565117
-0.559213
-0.551223
-0.541441
-0.530148
-0.517606
-0.504055
-0.489712
-0.474768
-0.459392
-0.443727
-0.427895
-0.411998
-0.396121
-0.38033
-0.364679
-0.349208
-0.333945
-0.318911
-0.304117
-0.28957
-0.275269
-0.261211
-0.247388
-0.233789
-0.220401
-0.207208
-0.194196
-0.181347
-0.168644
-0.156068
-0.143597
-0.13121
-0.118885
-0.1066
-0.094334
-0.0820659
-0.0697754
-0.0574409
-0.0450391
-0.0325457
-0.0199367
-0.00718938
0.00571828
0.0188085
0.032105
0.0456329
0.0594173
0.0734819
0.0878492
0.102542
0.117585
0.133004
0.148821
0.165057
0.181731
0.198861
0.216466
0.234557
0.253141
0.272225
0.29181
0.311892
0.332457
0.353483
0.374939
0.396782
0.418954
0.441382
0.463978
0.486633
0.509214
0.531569
0.553518
0.574854
0.595344
0.614728
0.632719
0.649005
0.663258
0.675131
0.684273
0.690335
0.692981
0.6919
0.686811
0.677491
0.663968
0.646309
0.622065
0.589465
-0.516201
-0.546433
-0.568866
-0.585129
-0.597513
-0.605999
-0.610618
-0.611642
-0.609396
-0.604221
-0.596476
-0.586517
-0.57469
-0.561322
-0.546711
-0.531129
-0.514815
-0.497979
-0.480802
-0.463437
-0.446009
-0.428623
-0.411362
-0.394292
-0.377462
-0.360907
-0.344651
-0.328708
-0.313085
-0.297782
-0.282793
-0.268108
-0.253716
-0.239599
-0.22574
-0.212121
-0.198721
-0.185519
-0.172495
-0.159624
-0.146883
-0.134249
-0.121695
-0.109198
-0.0967337
-0.0842793
-0.0718117
-0.0593071
-0.0467402
-0.0340848
-0.0213149
-0.00840559
0.00466755
0.0179291
0.0314052
0.0451232
0.0591106
0.073394
0.0879989
0.102951
0.118279
0.13401
0.150173
0.166791
0.183889
0.20149
0.219617
0.238288
0.257516
0.277313
0.297688
0.318644
0.340173
0.362262
0.384887
0.408013
0.431587
0.455544
0.4798
0.504248
0.528758
0.553174
0.577311
0.600951
0.623845
0.64571
0.666231
0.685061
0.701822
0.71612
0.72754
0.735667
0.740094
0.74044
0.736356
0.727554
0.714028
0.695817
0.670277
0.635526
-0.560111
-0.592678
-0.616538
-0.633438
-0.645885
-0.653893
-0.657537
-0.657163
-0.653174
-0.645992
-0.636049
-0.62377
-0.609562
-0.593802
-0.576832
-0.558955
-0.540436
-0.521503
-0.502348
-0.48313
-0.463978
-0.444996
-0.426264
-0.407844
-0.389778
-0.372096
-0.354814
-0.337941
-0.321474
-0.305407
-0.289728
-0.274421
-0.259467
-0.244843
-0.230528
-0.216497
-0.202726
-0.18919
-0.175863
-0.162718
-0.149729
-0.136869
-0.124109
-0.111422
-0.098782
-0.0861638
-0.0735417
-0.0608896
-0.0481802
-0.0353854
-0.0224771
-0.00942836
0.00378752
0.0171975
0.0308301
0.044715
0.0588822
0.0733611
0.0881801
0.103368
0.118957
0.134978
0.151463
0.168441
0.185941
0.203991
0.222621
0.241853
0.26171
0.282208
0.303365
0.325192
0.34769
0.370853
0.394669
0.419109
0.444132
0.46968
0.495676
0.522019
0.548583
0.575212
0.601717
0.627873
0.653417
0.678044
0.701408
0.723123
0.742763
0.759873
0.773968
0.784553
0.791137
0.793252
0.790458
0.782385
0.768977
0.750236
0.723289
0.686129
-0.608264
-0.643499
-0.668941
-0.686473
-0.698859
-0.706162
-0.708521
-0.706377
-0.700237
-0.69062
-0.678051
-0.663038
-0.646058
-0.627546
-0.607889
-0.587426
-0.566448
-0.545197
-0.523877
-0.50265
-0.481645
-0.460962
-0.440676
-0.42084
-0.401489
-0.382644
-0.364313
-0.346494
-0.329177
-0.312348
-0.295985
-0.280066
-0.264563
-0.24945
-0.234698
-0.220277
-0.206158
-0.19231
-0.178704
-0.16531
-0.152098
-0.139036
-0.126095
-0.113244
-0.100454
-0.0876968
-0.0749453
-0.0621707
-0.0493435
-0.0364339
-0.0234119
-0.0102484
0.00308538
0.0166189
0.0303828
0.0444093
0.058731
0.0733797
0.0883869
0.103785
0.119608
0.135892
0.152673
0.169984
0.18786
0.206335
0.225442
0.245214
0.265678
0.286859
0.308784
0.331472
0.354935
0.379178
0.404197
0.429978
0.456489
0.483683
0.511494
0.53983
0.568572
0.597569
0.626631
0.655529
0.683986
0.711681
0.738236
0.763225
0.786169
0.806542
0.823783
0.837301
0.846502
0.850807
0.849663
0.842594
0.82947
0.810241
0.781765
0.741884
-0.661307
-0.69961
-0.726805
-0.74494
-0.757086
-0.763378
-0.764049
-0.759666
-0.750867
-0.738295
-0.722588
-0.704353
-0.684149
-0.662473
-0.639765
-0.616398
-0.592686
-0.568886
-0.545207
-0.521813
-0.498827
-0.476343
-0.454425
-0.433117
-0.412441
-0.392408
-0.373013
-0.354244
-0.336081
-0.318499
-0.301467
-0.284955
-0.268927
-0.253349
-0.238185
-0.223401
-0.208961
-0.194831
-0.180975
-0.16736
-0.153953
-0.140719
-0.127625
-0.114638
-0.101726
-0.0888585
-0.0760053
-0.0631355
-0.0502176
-0.03722
-0.024111
-0.0108596
0.00256524
0.0161951
0.0300633
0.0442041
0.0586526
0.0734432
0.0886103
0.104189
0.120218
0.136736
0.153782
0.171397
0.189618
0.208487
0.228043
0.248326
0.269369
0.291209
0.31388
0.337412
0.361828
0.387145
0.413373
0.44051
0.468538
0.497425
0.527119
0.55754
0.588582
0.6201
0.651912
0.683787
0.715442
0.746537
0.776669
0.805369
0.832102
0.856268
0.877212
0.894236
0.906618
0.91364
0.914605
0.908897
0.896287
0.876645
0.8465
0.803528
-0.720033
-0.761886
-0.791026
-0.809692
-0.821341
-0.826213
-0.82467
-0.81745
-0.805359
-0.789197
-0.769741
-0.747712
-0.723761
-0.69846
-0.672296
-0.645678
-0.618941
-0.592352
-0.566119
-0.540402
-0.515315
-0.490939
-0.467324
-0.444498
-0.42247
-0.401234
-0.380774
-0.361063
-0.342069
-0.323755
-0.30608
-0.289002
-0.272479
-0.256468
-0.240927
-0.225813
-0.211086
-0.196707
-0.182635
-0.168833
-0.155264
-0.14189
-0.128676
-0.115584
-0.102581
-0.0896337
-0.0767088
-0.0637734
-0.0507941
-0.0377376
-0.0245706
-0.0112603
0.00222645
0.0159237
0.0298668
0.0440925
0.058638
0.0735402
0.0888363
0.104565
0.120767
0.137485
0.154764
0.172648
0.19118
0.210408
0.230378
0.251136
0.272726
0.295192
0.318579
0.342928
0.368275
0.394651
0.422081
0.450578
0.480141
0.510757
0.542389
0.574979
0.608433
0.642624
0.677379
0.712474
0.747624
0.78248
0.816613
0.849515
0.880593
0.909167
0.934477
0.955698
0.971953
0.982355
0.986018
0.982146
0.970366
0.950431
0.918467
0.871955
-0.785424
-0.831414
-0.862704
-0.881771
-0.892553
-0.895448
-0.891003
-0.880182
-0.864011
-0.843486
-0.819549
-0.793057
-0.764766
-0.735319
-0.705257
-0.675019
-0.644953
-0.615331
-0.586353
-0.558167
-0.53087
-0.504524
-0.479161
-0.454788
-0.431397
-0.408962
-0.38745
-0.366818
-0.347021
-0.328008
-0.309725
-0.292121
-0.275143
-0.25874
-0.242861
-0.227458
-0.212485
-0.197896
-0.183648
-0.169697
-0.156003
-0.142526
-0.129226
-0.116064
-0.103004
-0.09001
-0.0770459
-0.0640768
-0.0510676
-0.0379834
-0.0247897
-0.0114517
0.00206591
0.0157994
0.0297863
0.0440653
0.0586757
0.0736568
0.0890485
0.104892
0.121232
0.138115
0.155589
0.173703
0.192508
0.212055
0.232398
0.25359
0.275684
0.298735
0.322798
0.347928
0.374173
0.401581
0.430192
0.460039
0.49114
0.523504
0.557117
0.591942
0.62791
0.664915
0.702803
0.741363
0.780319
0.819317
0.857913
0.895563
0.931618
0.965314
0.995776
1.02203
1.04301
1.05763
1.06476
1.06335
1.05284
1.0328
0.99886
0.948259
-0.858714
-0.909558
-0.943211
-0.962451
-0.971834
-0.971994
-0.963742
-0.948344
-0.92711
-0.90128
-0.871993
-0.840262
-0.806952
-0.772787
-0.73835
-0.704103
-0.670401
-0.637506
-0.605603
-0.574816
-0.54522
-0.516848
-0.489707
-0.46378
-0.439033
-0.41542
-0.392887
-0.371374
-0.350817
-0.33115
-0.312309
-0.294228
-0.276844
-0.260098
-0.243931
-0.228288
-0.213115
-0.198362
-0.183981
-0.169924
-0.156147
-0.142606
-0.129259
-0.116065
-0.102985
-0.0899795
-0.0770109
-0.0640421
-0.0510366
-0.0379583
-0.0247711
-0.0114383
0.00207729
0.0158141
0.0298116
0.0441103
0.0587512
0.0737761
0.0892272
0.105149
0.121589
0.138597
0.156225
0.174527
0.193558
0.213378
0.234047
0.255625
0.278174
0.30176
0.32645
0.352311
0.379409
0.407806
0.437562
0.468731
0.501355
0.535467
0.571082
0.608192
0.646757
0.6867
0.727897
0.770163
0.813238
0.856778
0.900333
0.943334
0.98508
1.02472
1.06126
1.09356
1.12034
1.14023
1.1518
1.15371
1.14507
1.12523
1.08916
1.0338
-0.941472
-0.998054
-1.03428
-1.05331
-1.06053
-1.05691
-1.04366
-1.02243
-0.994909
-0.962628
-0.926963
-0.889097
-0.850012
-0.810501
-0.771185
-0.732534
-0.694893
-0.6585
-0.623513
-0.590021
-0.558062
-0.527635
-0.498714
-0.47125
-0.445181
-0.420434
-0.396932
-0.374593
-0.353335
-0.333077
-0.313738
-0.295241
-0.277513
-0.260483
-0.244085
-0.228256
-0.212938
-0.198073
-0.183608
-0.169492
-0.155677
-0.142117
-0.128765
-0.11558
-0.102518
-0.0895393
-0.0766031
-0.0636709
-0.050705
-0.0376679
-0.0245221
-0.0112293
0.00224961
0.015955
0.029928
0.0442106
0.0588456
0.0738766
0.0893485
0.105308
0.121806
0.138895
0.156632
0.175075
0.194285
0.214326
0.235266
0.257173
0.280119
0.30418
0.329436
0.355968
0.383857
0.413185
0.444031
0.476474
0.510583
0.546421
0.584034
0.62345
0.664668
0.707651
0.752313
0.798508
0.84601
0.894499
0.943536
0.992542
1.04078
1.08731
1.13103
1.17059
1.20446
1.23098
1.2483
1.25465
1.24876
1.22958
1.19125
1.1303
-1.03573
-1.09914
-1.1381
-1.1563
-1.16024
-1.15143
-1.13158
-1.10292
-1.06758
-1.02747
-0.98422
-0.939199
-0.893503
-0.847979
-0.803266
-0.759821
-0.717957
-0.677873
-0.639677
-0.603409
-0.569061
-0.536587
-0.505918
-0.476966
-0.449636
-0.423824
-0.399427
-0.376339
-0.354459
-0.333686
-0.313926
-0.295087
-0.277085
-0.25984
-0.243277
-0.227327
-0.211923
-0.197003
-0.182509
-0.168386
-0.154583
-0.14105
-0.127739
-0.114605
-0.101604
-0.0886915
-0.0758267
-0.0629694
-0.0500805
-0.0371216
-0.0240539
-0.0108374
0.00256861
0.0162061
0.0301176
0.0443464
0.0589368
0.0739341
0.0893853
0.10534
0.121851
0.138975
0.156772
0.175303
0.194637
0.214842
0.235991
0.258163
0.281439
0.305905
0.331653
0.35878
0.387384
0.417565
0.449427
0.483072
0.518603
0.556112
0.595688
0.637399
0.681291
0.727378
0.775628
0.825948
0.878164
0.932003
0.987059
1.04277
1.09836
1.15287
1.20503
1.25332
1.29593
1.33078
1.35556
1.36791
1.36599
1.34819
1.30751
1.23994
-1.14415
-1.21576
-1.25752
-1.2739
-1.27293
-1.25694
-1.22839
-1.19023
-1.14518
-1.09557
-1.04334
-0.990024
-0.936814
-0.884587
-0.833965
-0.785364
-0.739035
-0.695111
-0.653631
-0.614569
-0.577854
-0.543384
-0.511038
-0.480685
-0.452187
-0.425409
-0.400217
-0.376481
-0.354075
-0.332883
-0.312793
-0.293699
-0.275506
-0.258125
-0.241471
-0.225469
-0.210046
-0.195134
-0.18067
-0.166597
-0.152858
-0.139403
-0.126182
-0.113145
-0.100247
-0.0874436
-0.0746911
-0.0619485
-0.0491758
-0.0363335
-0.0233817
-0.0102792
0.00301623
0.0165478
0.0303592
0.0444947
0.0589996
0.0739209
0.0893075
0.105211
0.121688
0.138796
0.156599
0.175164
0.19456
0.214864
0.236156
0.25852
0.282048
0.306838
0.332993
0.360625
0.389848
0.420785
0.453563
0.488314
0.525171
0.564266
0.60573
0.649681
0.696223
0.74543
0.79734
0.851934
0.909112
0.968674
1.03028
1.0934
1.15731
1.22098
1.28306
1.34184
1.39518
1.44057
1.47506
1.49553
1.49935
1.48407
1.44108
1.3656
-1.27032
-1.35183
-1.39624
-1.40918
-1.40091
-1.37498
-1.33492
-1.28463
-1.22753
-1.16647
-1.10365
-1.04079
-0.979126
-0.919512
-0.862508
-0.808443
-0.757473
-0.70963
-0.664859
-0.623049
-0.584049
-0.547689
-0.513787
-0.48216
-0.452627
-0.425014
-0.399155
-0.374894
-0.352083
-0.330584
-0.310269
-0.291021
-0.272731
-0.255301
-0.23864
-0.222663
-0.207292
-0.192456
-0.178087
-0.164123
-0.150506
-0.137182
-0.1241
-0.111208
-0.0984601
-0.0858092
-0.0732116
-0.0606251
-0.0480089
-0.0353227
-0.0225258
-0.00957609
0.00356984
0.0169561
0.0306273
0.0446281
0.0590047
0.0738055
0.0890815
0.104886
0.121278
0.138317
0.156069
0.174605
0.193999
0.214332
0.235691
0.258167
0.281861
0.306881
0.333343
0.361372
0.391103
0.422676
0.456247
0.491975
0.530028
0.570582
0.613814
0.659899
0.709007
0.761288
0.816866
0.875813
0.938135
1.00374
1.07238
1.14364
1.21684
1.29098
1.36466
1.436
1.50254
1.56124
1.60842
1.63995
1.65209
1.6411
1.59609
1.51109
-1.41917
-1.51269
-1.55914
-1.56603
-1.54693
-1.5072
-1.45189
-1.3861
-1.31413
-1.23931
-1.16414
-1.09042
-1.01936
-0.951728
-0.887951
-0.828211
-0.772521
-0.720776
-0.672799
-0.628367
-0.587237
-0.549155
-0.513873
-0.481148
-0.450752
-0.422471
-0.396104
-0.371467
-0.34839
-0.326714
-0.306298
-0.287008
-0.268726
-0.251345
-0.234766
-0.218897
-0.203657
-0.188969
-0.174762
-0.160971
-0.147536
-0.1344
-0.121508
-0.108812
-0.0962602
-0.0838075
-0.0714085
-0.0590204
-0.0466019
-0.0341123
-0.0215102
-0.0087529
0.00420369
0.0174042
0.0308934
0.0447166
0.0589206
0.0735548
0.0886719
0.104328
0.12058
0.137494
0.155134
0.173576
0.192897
0.213183
0.234526
0.257025
0.280789
0.305934
0.332589
0.360893
0.390998
0.423066
0.457277
0.493822
0.532905
0.574743
0.619569
0.667621
0.719142
0.774371
0.833533
0.896819
0.964367
1.03623
1.11232
1.19237
1.27585
1.36185
1.44899
1.53528
1.618
1.69356
1.75737
1.80404
1.82826
1.82439
1.77815
1.68164
-1.59768
-1.70576
-1.75275
-1.74933
-1.71412
-1.65521
-1.57968
-1.49418
-1.40393
-1.31276
-1.22334
-1.13744
-1.05613
-0.979972
-0.909169
-0.843687
-0.783336
-0.727833
-0.676845
-0.630017
-0.586996
-0.547436
-0.51101
-0.477416
-0.446374
-0.417627
-0.390941
-0.366103
-0.342921
-0.321218
-0.300836
-0.28163
-0.263472
-0.246245
-0.229844
-0.214173
-0.199147
-0.184683
-0.17071
-0.157158
-0.143965
-0.131074
-0.118428
-0.105977
-0.0936709
-0.0814627
-0.069307
-0.0571604
-0.0449814
-0.0327293
-0.0203623
-0.00783769
0.00488888
0.0178621
0.0311267
0.0447281
0.0587136
0.0731338
0.0880425
0.103496
0.119555
0.136282
0.153746
0.172024
0.191196
0.211354
0.232593
0.255018
0.278745
0.3039
0.33062
0.359059
0.389385
0.421783
0.456454
0.493619
0.53352
0.576421
0.622608
0.672387
0.726085
0.784038
0.84659
0.914074
0.986794
1.06499
1.1488
1.23819
1.33284
1.43207
1.53466
1.63864
1.7411
1.83794
1.92359
1.99106
2.03293
2.04072
1.99501
1.88458
-1.81615
-1.94161
-1.9858
-1.96511
-1.90589
-1.82028
-1.71805
-1.60761
-1.49513
-1.38479
-1.27921
-1.17993
-1.0877
-1.00272
-0.924851
-0.853761
-0.788992
-0.730034
-0.676368
-0.627487
-0.582911
-0.542195
-0.504932
-0.470752
-0.439325
-0.410351
-0.383566
-0.358727
-0.335622
-0.314057
-0.293859
-0.274872
-0.256961
-0.240001
-0.223881
-0.208503
-0.193776
-0.179618
-0.165951
-0.152707
-0.13982
-0.127231
-0.114886
-0.102732
-0.090721
-0.0788042
-0.0669367
-0.055075
-0.0431777
-0.0312042
-0.019113
-0.00686171
0.00559362
0.0182973
0.0312938
0.0446285
0.0583492
0.0725069
0.0871563
0.102354
0.11816
0.134638
0.151859
0.169899
0.188844
0.208786
0.229826
0.252073
0.275648
0.300683
0.327328
0.355747
0.386123
0.418659
0.45358
0.491134
0.531599
0.575286
0.622535
0.673725
0.729266
0.789603
0.855214
0.926594
1.00425
1.08866
1.18024
1.27927
1.38581
1.49955
1.61959
1.74421
1.87055
1.99412
2.10841
2.20455
2.27235
2.29917
2.25764
2.13068
-2.09032
-2.23559
-2.27009
-2.22064
-2.12562
-2.00292
-1.8656
-1.72395
-1.58486
-1.45246
-1.32899
-1.21543
-1.11193
-1.01816
-0.933507
-0.857216
-0.788503
-0.726588
-0.670738
-0.620277
-0.574589
-0.533126
-0.495398
-0.460971
-0.429465
-0.400542
-0.373904
-0.349288
-0.326459
-0.305211
-0.285359
-0.266738
-0.249204
-0.232629
-0.216899
-0.201912
-0.187574
-0.173802
-0.160518
-0.147649
-0.135132
-0.122906
-0.110916
-0.0991123
-0.0874447
-0.0758664
-0.064332
-0.0527985
-0.0412248
-0.0295708
-0.017796
-0.00585888
0.00628365
0.0186752
0.0313599
0.0443829
0.0577921
0.0716385
0.0859766
0.100863
0.116357
0.132521
0.149427
0.167153
0.185788
0.205425
0.226165
0.248122
0.271421
0.2962
0.322616
0.350844
0.38108
0.413541
0.448471
0.486146
0.526878
0.571018
0.618964
0.671159
0.728104
0.790355
0.858532
0.933314
1.01543
1.10565
1.20474
1.3134
1.43221
1.5614
1.70072
1.84901
2.00381
2.16066
2.31232
2.44797
2.554
2.61188
2.58195
2.43639
-2.44567
-2.61054
-2.62134
-2.52418
-2.37585
-2.20188
-2.019
-1.83898
-1.66874
-1.51169
-1.36908
-1.24087
-1.12631
-1.02427
-0.933511
-0.852768
-0.780863
-0.716713
-0.659352
-0.607924
-0.561679
-0.519965
-0.482214
-0.447934
-0.416697
-0.388132
-0.361915
-0.337762
-0.315426
-0.294687
-0.275351
-0.257248
-0.240229
-0.224162
-0.208932
-0.194436
-0.180579
-0.167276
-0.154449
-0.142026
-0.129942
-0.118137
-0.106558
-0.0951553
-0.0838804
-0.0726869
-0.0615302
-0.0503675
-0.0391586
-0.0278647
-0.0164467
-0.00486444
0.00692381
0.0189609
0.0312903
0.0439569
0.057008
0.0704941
0.0844685
0.0989866
0.114106
0.129891
0.146411
0.163746
0.181985
0.201221
0.221557
0.243107
0.265998
0.290375
0.3164
0.344255
0.374142
0.406292
0.440965
0.47846
0.519118
0.563327
0.611531
0.664239
0.722035
0.785587
0.855659
0.93312
1.01895
1.11423
1.22014
1.33793
1.46883
1.61389
1.77381
1.94849
2.13649
2.3341
2.53403
2.72391
2.88638
2.99503
2.9915
2.82815
-2.92584
-3.10101
-3.05984
-2.88388
-2.65663
-2.41273
-2.17182
-1.94587
-1.74041
-1.55697
-1.39493
-1.25262
-1.12797
-1.01883
-0.923161
-0.839125
-0.765101
-0.699684
-0.641672
-0.590035
-0.543898
-0.502512
-0.465243
-0.431549
-0.400965
-0.373093
-0.347591
-0.32416
-0.302543
-0.282512
-0.26387
-0.246442
-0.230077
-0.214644
-0.200027
-0.186122
-0.172837
-0.160087
-0.147792
-0.135882
-0.124293
-0.112968
-0.101854
-0.090903
-0.0800687
-0.0693055
-0.0585696
-0.0478193
-0.0370157
-0.0261217
-0.0151003
-0.00391324
0.00747977
0.0191206
0.0310521
0.0433184
0.0559653
0.069042
0.0825997
0.0966922
0.111376
0.126714
0.142776
0.159641
0.177397
0.196136
0.215958
0.236979
0.259328
0.283152
0.308614
0.335899
0.365215
0.396801
0.430929
0.467914
0.508118
0.551958
0.599918
0.652561
0.710544
0.774638
0.845742
0.924907
1.01336
1.11254
1.22407
1.34982
1.49183
1.65225
1.83312
2.03604
2.26149
2.50774
2.76888
3.03239
3.2778
3.46941
3.52182
3.35117
-3.60974
-3.75938
-3.60939
-3.30422
-2.96194
-2.62487
-2.31255
-2.03403
-1.79094
-1.58113
-1.40096
-1.24643
-1.11374
-0.999491
-0.900747
-0.815044
-0.740319
-0.67486
-0.617246
-0.566297
-0.521031
-0.480628
-0.444401
-0.411773
-0.382255
-0.355434
-0.330955
-0.308515
-0.28785
-0.268734
-0.250965
-0.234371
-0.218802
-0.204129
-0.190236
-0.177025
-0.164402
-0.152284
-0.140595
-0.129266
-0.118234
-0.107444
-0.0968473
-0.0863977
-0.0760505
-0.0657618
-0.0554887
-0.0451912
-0.0348322
-0.0243772
-0.0137916
-0.00303948
0.00791811
0.019122
0.0306141
0.0424368
0.054634
0.0672519
0.0803397
0.0939492
0.108136
0.122961
0.138492
0.154808
0.171992
0.190132
0.20933
0.229699
0.251368
0.274482
0.299203
0.325714
0.354226
0.384981
0.418258
0.454378
0.493715
0.536705
0.583858
0.635778
0.693179
0.756911
0.827986
0.907619
0.997268
1.09869
1.21399
1.34569
1.49675
1.67063
1.87117
2.10237
2.36784
2.66964
3.00588
3.36705
3.73275
4.05928
4.2265
4.08689
-4.64075
-4.66136
-4.29257
-3.77993
-3.27457
-2.81828
-2.42286
-2.0884
-1.80869
-1.57552
-1.38092
-1.21786
-1.0805
-0.964074
-0.864761
-0.779496
-0.705827
-0.641785
-0.585784
-0.536536
-0.492988
-0.454278
-0.419692
-0.388636
-0.360616
-0.335213
-0.312074
-0.290897
-0.271422
-0.253425
-0.23671
-0.221108
-0.206475
-0.192684
-0.179627
-0.167205
-0.155332
-0.143926
-0.132914
-0.122229
-0.111812
-0.101613
-0.0915846
-0.0816839
-0.0718686
-0.0620963
-0.0523262
-0.0425202
-0.0326439
-0.0226658
-0.0125543
-0.00227555
0.00820794
0.0189358
0.0299483
0.0412854
0.0529875
0.0650979
0.0776631
0.0907333
0.104363
0.118609
0.133539
0.149225
0.165747
0.18319
0.201653
0.221247
0.242097
0.264342
0.28814
0.31367
0.34114
0.37079
0.402897
0.43778
0.475814
0.51744
0.563181
0.61366
0.669622
0.731964
0.801777
0.880393
0.969452
1.07098
1.1875
1.32216
1.47886
1.66248
1.87896
2.13543
2.43998
2.80088
3.22434
3.71008
4.24564
4.78746
5.1824
5.18213
-6.27738
-5.90638
-5.12159
-4.29088
-3.56425
-2.96361
-2.47899
-2.09153
-1.78155
-1.53209
-1.32962
-1.16368
-1.02634
-0.911551
-0.81473
-0.732358
-0.661717
-0.600683
-0.547583
-0.501085
-0.460117
-0.42381
-0.391455
-0.362465
-0.336357
-0.312723
-0.291222
-0.271564
-0.253498
-0.236809
-0.221312
-0.206846
-0.193273
-0.180476
-0.168352
-0.156807
-0.145761
-0.135135
-0.12486
-0.114875
-0.105126
-0.0955635
-0.086147
-0.0768359
-0.0675902
-0.0583701
-0.0491368
-0.0398551
-0.0304943
-0.021026
-0.0114216
-0.00164908
0.00832746
0.018546
0.0290442
0.0398583
0.051025
0.0625842
0.0745804
0.0870621
0.100081
0.113691
0.127954
0.142936
0.158713
0.17537
0.192998
0.211704
0.231604
0.252831
0.275536
0.29989
0.326094
0.354378
0.385008
0.418293
0.454599
0.494357
0.538083
0.586392
0.640033
0.699911
0.767143
0.843115
0.929567
1.0287
1.14331
1.27704
1.4346
1.62219
1.84795
2.12254
2.45978
2.87691
3.39398
4.03025
4.79555
5.66584
6.48954
6.89892
-9.09445
-7.61949
-6.0487
-4.76377
-3.76464
-3.00949
-2.44531
-2.02041
-1.69535
-1.44243
-1.24229
-1.08137
-0.950066
-0.841502
-0.750684
-0.67391
-0.608398
-0.55202
-0.503126
-0.460421
-0.422874
-0.389656
-0.360093
-0.333635
-0.309825
-0.288285
-0.268697
-0.250788
-0.234329
-0.219118
-0.204985
-0.191781
-0.17938
-0.167673
-0.156565
-0.145972
-0.135817
-0.126029
-0.116545
-0.107307
-0.098267
-0.0893819
-0.0806138
-0.0719257
-0.0632806
-0.0546414
-0.0459728
-0.0372431
-0.0284253
-0.0194946
-0.0104247
-0.00118551
0.00825707
0.0179384
0.0278922
0.0381507
0.0487465
0.059717
0.0711047
0.0829556
0.095317
0.108238
0.121774
0.135987
0.150949
0.166738
0.183441
0.201154
0.219985
0.240059
0.261515
0.284514
0.309244
0.335918
0.364784
0.396132
0.430306
0.467712
0.508838
0.554269
0.604714
0.661046
0.724347
0.795975
0.87765
0.971588
1.08068
1.20877
1.36101
1.54449
1.76907
2.04867
2.4031
2.86065
3.46159
4.25892
5.30679
6.6454
8.27488
9.8179
-14.5858
-9.8791
-6.7298
-4.87945
-3.64975
-2.80735
-2.22648
-1.81367
-1.50962
-1.2788
-1.09906
-0.955994
-0.840002
-0.744482
-0.664769
-0.597483
-0.540114
-0.490765
-0.447973
-0.410597
-0.377728
-0.34864
-0.322741
-0.299548
-0.278664
-0.259755
-0.242541
-0.226786
-0.212284
-0.19886
-0.186364
-0.174666
-0.163653
-0.153232
-0.143317
-0.133834
-0.124714
-0.115896
-0.107322
-0.0989435
-0.0907176
-0.0826074
-0.0745794
-0.0666007
-0.058638
-0.0506583
-0.0426306
-0.0345281
-0.0263279
-0.0180083
-0.00954556
-0.000911944
0.00792363
0.0169923
0.0263232
0.0359437
0.0458832
0.0561763
0.0668626
0.0779833
0.0895796
0.101694
0.114377
0.127685
0.141684
0.156445
0.172042
0.188562
0.206102
0.224774
0.244703
0.266032
0.288928
0.31358
0.34021
0.369074
0.400478
0.434784
0.472421
0.513906
0.55987
0.611087
0.668517
0.733368
0.807181
0.891951
0.990308
1.10579
1.24324
1.40953
1.61456
1.87317
2.20813
2.65579
3.27666
4.16676
5.45614
7.38014
10.62
15.4376
-23.8573
-12.08
-6.45466
-4.167
-2.95527
-2.21923
-1.7507
-1.43226
-1.20152
-1.02653
-0.889464
-0.779469
-0.689509
-0.614817
-0.552021
-0.498665
-0.452911
-0.413351
-0.378894
-0.348675
-0.322003
-0.298318
-0.277163
-0.25816
-0.240996
-0.225407
-0.211172
-0.198098
-0.186023
-0.174804
-0.164318
-0.154459
-0.145138
-0.136274
-0.127801
-0.119654
-0.111778
-0.104121
-0.0966356
-0.0892821
-0.0820255
-0.0748359
-0.0676852
-0.0605461
-0.0533902
-0.0461901
-0.0389204
-0.0315596
-0.0240895
-0.0164919
-0.00874651
-0.000828916
0.00728742
0.0156284
0.0242176
0.0330781
0.0422355
0.0517204
0.0615674
0.0718111
0.0824856
0.0936269
0.105278
0.11749
0.130318
0.143822
0.158065
0.173119
0.189067
0.206005
0.224036
0.243279
0.263872
0.285973
0.309764
0.335455
0.363295
0.393573
0.426637
0.462898
0.502854
0.547112
0.596419
0.651707
0.714152
0.785266
0.867022
0.962047
1.07394
1.20774
1.37088
1.57471
1.8377
2.19261
2.70285
3.48907
4.76913
7.15319
12.8966
24.7974
0
0
0
0
0
0
0
0
0
0
0
0
0
0
0
0
0
0
0
0
0
0
0
0
0
0
0
0
0
0
0
0
0
0
0
0
0
0
0
0
0
0
0
0
0
0
0
0
0
0
0
0
0
0
0
0
0
0
0
0
0
0
0
0
0
0
0
0
0
0
0
0
0
0
0
0
0
0
0
0
0
0
0
0
0
0
0
0
0
0
0
0
0
0
0
0
0
0
0
0
)
;

boundaryField
{
    obstacleFixedWalls
    {
        type            zeroGradient;
    }
    obstacleFrontAndBack
    {
        type            empty;
    }
    movingWall
    {
        type            zeroGradient;
    }
    fixedWalls
    {
        type            zeroGradient;
    }
    frontAndBack
    {
        type            empty;
    }
}


// ************************************************************************* //
