/*--------------------------------*- C++ -*----------------------------------*\
  =========                 |
  \\      /  F ield         | OpenFOAM: The Open Source CFD Toolbox
   \\    /   O peration     | Website:  https://openfoam.org
    \\  /    A nd           | Version:  11
     \\/     M anipulation  |
\*---------------------------------------------------------------------------*/
FoamFile
{
    format      ascii;
    class       volScalarField;
    location    "1.7";
    object      p;
}
// * * * * * * * * * * * * * * * * * * * * * * * * * * * * * * * * * * * * * //

dimensions      [0 2 -2 0 0 0 0];

internalField   nonuniform List<scalar> 
10100
(
3.55086e-07
-0.000111149
-0.000372691
-0.000340734
-2.93824e-07
0.000532549
0.00115192
0.00179571
0.00241916
0.00300188
0.00353915
0.00403291
0.00449346
0.00493744
0.00537138
0.00580424
0.0062485
0.00670642
0.00719958
0.0077476
0.00836154
0.00904844
0.00982485
0.0106989
0.0116787
0.0127787
0.0140068
0.0153623
0.0168419
0.0184415
0.0201537
0.0219732
0.023898
0.0259274
0.0280616
0.0303018
0.032648
0.0350944
0.0376301
0.0402496
0.0429517
0.0457327
0.048585
0.0514955
0.0544511
0.0574419
0.0604593
0.0634982
0.0665562
0.0696262
0.0726943
0.0757439
0.0787609
0.0817375
0.0846726
0.087565
0.0904109
0.0932052
0.0959413
0.0986108
0.101206
0.103719
0.10615
0.108498
0.110766
0.11295
0.11504
0.117031
0.118919
0.120704
0.122381
0.123939
0.125372
0.126671
0.127829
0.128839
0.129692
0.13038
0.130898
0.131248
0.131438
0.131471
0.131347
0.131062
0.13062
0.130033
0.129317
0.128488
0.127556
0.126537
0.125452
0.124331
0.123211
0.12213
0.121125
0.120232
0.119485
0.118928
0.118628
0.118622
-9.26471e-05
0.00055551
0.000893466
0.00129923
0.00182283
0.00237663
0.00293603
0.00347607
0.00399215
0.00447337
0.00492206
0.00534861
0.00576151
0.00616693
0.00658021
0.00701444
0.00747144
0.00795528
0.00847736
0.00904646
0.00967604
0.0103835
0.0111811
0.0120832
0.0130953
0.0142187
0.0154592
0.0168182
0.0182906
0.0198716
0.0215588
0.0233498
0.0252426
0.0272324
0.0293163
0.031498
0.0337801
0.0361589
0.0386264
0.041176
0.0438031
0.0465012
0.0492623
0.05208
0.0549448
0.0578436
0.060767
0.0637112
0.0666729
0.0696451
0.0726146
0.0755641
0.0784814
0.0813628
0.0842057
0.0870058
0.0897607
0.0924677
0.0951197
0.0977068
0.100221
0.102657
0.105011
0.107287
0.109487
0.111604
0.113628
0.115554
0.117383
0.119111
0.12073
0.122231
0.123611
0.124864
0.125986
0.126967
0.127799
0.128473
0.128985
0.129342
0.129553
0.129623
0.129548
0.129323
0.128953
0.12845
0.127831
0.127111
0.1263
0.125413
0.124469
0.123499
0.122536
0.121612
0.120761
0.120008
0.11938
0.118909
0.118655
0.11866
0.000124814
0.00132994
0.00206852
0.00274016
0.00339134
0.00397077
0.00448409
0.00495029
0.00537658
0.00577196
0.00614475
0.00651064
0.00687173
0.00723776
0.00762509
0.00804148
0.00849217
0.00898706
0.00951935
0.0101036
0.0107458
0.0114609
0.012271
0.0131883
0.0142149
0.0153532
0.0166042
0.0179658
0.0194341
0.0210041
0.0226735
0.0244421
0.0263089
0.0282691
0.0303174
0.0324558
0.0346873
0.0370096
0.0394199
0.0419135
0.0444821
0.0471168
0.0498087
0.0525519
0.055341
0.0581644
0.0610111
0.0638796
0.0667676
0.0696635
0.0725523
0.0754206
0.0782579
0.0810601
0.0838262
0.0865522
0.0892343
0.0918706
0.0944555
0.0969766
0.0994229
0.101791
0.104083
0.106301
0.108443
0.110503
0.112473
0.114348
0.116129
0.117811
0.119386
0.120843
0.122179
0.123395
0.124488
0.125449
0.126265
0.12693
0.127441
0.127809
0.128042
0.128141
0.128102
0.127921
0.127606
0.127171
0.12663
0.125995
0.125276
0.124485
0.123645
0.122785
0.121934
0.121121
0.12037
0.119702
0.119138
0.118708
0.118463
0.118446
0.00112501
0.00256522
0.00350461
0.00429387
0.00496802
0.00551222
0.00595524
0.00633464
0.00667251
0.00698055
0.00727922
0.00757706
0.00788562
0.00821379
0.0085652
0.00895653
0.00939048
0.00986796
0.010399
0.0109885
0.0116417
0.0123679
0.0131863
0.0141103
0.0151448
0.0162894
0.0175423
0.0189043
0.0203722
0.0219363
0.0235928
0.0253445
0.0271895
0.0291232
0.0311434
0.0332509
0.0354456
0.0377232
0.0400827
0.0425261
0.0450453
0.0476279
0.0502657
0.0529514
0.055677
0.0584344
0.0612172
0.0640231
0.0668488
0.0696816
0.0725037
0.0753025
0.0780724
0.0808096
0.0835094
0.0861697
0.0887914
0.091372
0.0939001
0.0963616
0.0987482
0.101059
0.103298
0.105466
0.10756
0.109573
0.111496
0.113327
0.115068
0.116712
0.118247
0.119665
0.120966
0.122153
0.123222
0.124162
0.124962
0.125619
0.126135
0.126517
0.126772
0.126896
0.126884
0.126736
0.126463
0.126083
0.125609
0.125045
0.124397
0.12368
0.122919
0.122139
0.121368
0.120628
0.119937
0.119313
0.118776
0.118351
0.118079
0.117991
0.00282195
0.00422496
0.00517071
0.00593713
0.00656139
0.00701868
0.00737533
0.00766324
0.00791473
0.00814821
0.00837719
0.00861728
0.00887851
0.00916662
0.00949347
0.00986146
0.0102773
0.0107376
0.0112583
0.0118436
0.0125006
0.0132364
0.0140624
0.014992
0.0160308
0.0171759
0.0184272
0.019786
0.0212471
0.0228025
0.0244492
0.0261866
0.0280096
0.0299154
0.0319069
0.0339841
0.0361441
0.0383839
0.0407013
0.0430967
0.0455662
0.0480991
0.050686
0.0533196
0.0559894
0.0586865
0.0614102
0.0641608
0.0669288
0.0696988
0.0724582
0.0751971
0.0779063
0.0805809
0.083219
0.0858208
0.0883872
0.0909146
0.0933896
0.0957961
0.098127
0.100386
0.102577
0.1047
0.106748
0.108715
0.110597
0.112392
0.114096
0.115702
0.117198
0.118579
0.11985
0.121014
0.122062
0.122983
0.123767
0.124417
0.124937
0.125333
0.125607
0.125753
0.125765
0.125647
0.125414
0.125083
0.124664
0.124159
0.123573
0.122919
0.122222
0.121507
0.120796
0.120107
0.119454
0.118852
0.118319
0.117877
0.117548
0.11735
0.00499807
0.00615255
0.00696154
0.00760947
0.00810791
0.0084583
0.00870306
0.00889758
0.00906558
0.00922819
0.00940322
0.00959595
0.00981768
0.0100733
0.0103709
0.0107211
0.0111241
0.0115764
0.0120854
0.0126675
0.0133254
0.0140644
0.0148946
0.0158279
0.0168686
0.0180126
0.0192607
0.0206135
0.0220645
0.023608
0.025242
0.0269639
0.028768
0.0306501
0.0326124
0.0346571
0.0367816
0.0389852
0.0412665
0.0436208
0.0460433
0.0485294
0.0510687
0.0536495
0.056265
0.0589107
0.0615833
0.0642805
0.0669936
0.0697072
0.0724089
0.075091
0.0777453
0.080364
0.0829457
0.0854944
0.0880124
0.0904921
0.0929168
0.0952723
0.0975559
0.0997725
0.101924
0.104005
0.106012
0.10794
0.109787
0.11155
0.113222
0.114793
0.116254
0.117605
0.118852
0.119996
0.121027
0.121931
0.122702
0.123345
0.123868
0.124275
0.124563
0.124724
0.124758
0.12467
0.124475
0.124186
0.123812
0.123354
0.122815
0.122211
0.121564
0.120898
0.120231
0.119574
0.118939
0.118339
0.117789
0.11731
0.116904
0.116573
0.00744966
0.00824927
0.00882327
0.00929107
0.00963519
0.00984151
0.0099731
0.0100632
0.0101451
0.0102404
0.0103573
0.0105075
0.0106955
0.0109216
0.0111929
0.0115247
0.0119102
0.0123544
0.0128602
0.0134388
0.0140946
0.0148342
0.0156673
0.0166015
0.0176393
0.01878
0.0200244
0.0213706
0.0228111
0.0243421
0.0259617
0.0276654
0.0294501
0.0313126
0.0332497
0.0352632
0.0373552
0.0395234
0.0417673
0.0440851
0.046469
0.0489107
0.0514028
0.0539351
0.0564999
0.059096
0.0617221
0.0643716
0.0670325
0.0696929
0.0723442
0.0749766
0.0775788
0.0801448
0.0826774
0.0851823
0.087658
0.0900935
0.0924729
0.0947863
0.0970334
0.0992172
0.101336
0.103384
0.105356
0.107253
0.109073
0.110809
0.112453
0.113995
0.115429
0.116759
0.117989
0.119118
0.120132
0.12102
0.121778
0.122416
0.122943
0.123358
0.123654
0.123828
0.123879
0.123817
0.123656
0.123403
0.123063
0.122638
0.122132
0.121563
0.120954
0.120323
0.119682
0.119039
0.118403
0.117787
0.117206
0.116673
0.116177
0.1157
0.0100296
0.0104223
0.0107187
0.0109706
0.011134
0.0111919
0.0111945
0.0111809
0.0111757
0.0111957
0.0112553
0.0113587
0.0115075
0.0117053
0.0119554
0.0122634
0.0126352
0.0130684
0.0135692
0.0141432
0.014797
0.0155359
0.0163687
0.0173014
0.0183356
0.0194719
0.0207094
0.0220467
0.0234785
0.0249985
0.0266038
0.0282903
0.0300545
0.0318961
0.0338117
0.0357983
0.03786
0.0399978
0.0422076
0.0444876
0.0468348
0.0492386
0.0516858
0.0541695
0.0566888
0.0592417
0.0618226
0.0644238
0.0670369
0.0696518
0.072258
0.0748434
0.0773977
0.0799177
0.0824088
0.0848754
0.0873133
0.0897099
0.0920521
0.0943334
0.0965538
0.0987135
0.100807
0.102828
0.104775
0.106649
0.10845
0.110167
0.111787
0.113306
0.114722
0.11604
0.117261
0.118378
0.119377
0.120249
0.120995
0.121628
0.122156
0.122576
0.122879
0.123061
0.123127
0.123088
0.122953
0.122727
0.12241
0.122003
0.121518
0.120974
0.120391
0.119782
0.119152
0.118505
0.117853
0.117207
0.116582
0.115987
0.115389
0.114761
0.0126281
0.0126094
0.0126062
0.0126278
0.0126001
0.0125019
0.0123746
0.012254
0.0121583
0.0121058
0.0121045
0.0121537
0.012259
0.0124235
0.0126484
0.0129345
0.0132908
0.0137111
0.0142033
0.0147719
0.0154215
0.0161573
0.0169876
0.0179174
0.0189476
0.0200791
0.021309
0.0226359
0.0240586
0.0255687
0.02716
0.0288321
0.0305805
0.0323999
0.0342914
0.0362564
0.0382935
0.0404016
0.0425809
0.0448298
0.0471414
0.0495052
0.0519109
0.054353
0.0568308
0.0593421
0.06188
0.0644373
0.067007
0.0695804
0.0721454
0.0746886
0.0772005
0.0796813
0.0821373
0.0845711
0.0869756
0.0893388
0.0916518
0.0939111
0.0961147
0.0982574
0.100332
0.102333
0.104262
0.106124
0.107913
0.109615
0.111219
0.112722
0.114129
0.115442
0.116658
0.117764
0.118749
0.119607
0.120344
0.120973
0.121501
0.121922
0.122227
0.122415
0.122494
0.122472
0.122357
0.122146
0.121839
0.121441
0.120968
0.120441
0.119874
0.119273
0.118639
0.117975
0.117293
0.116609
0.115931
0.115266
0.114561
0.11378
0.0151633
0.0147518
0.0144521
0.0142372
0.0140194
0.013764
0.013511
0.0132796
0.013094
0.0129669
0.0128987
0.012894
0.0129548
0.0130805
0.0132723
0.0135371
0.0138717
0.0142771
0.014756
0.015315
0.0159589
0.0166903
0.0175151
0.01844
0.0194666
0.0205924
0.0218158
0.0231342
0.0245456
0.0260455
0.027626
0.0292836
0.0310169
0.0328204
0.0346909
0.0366322
0.0386471
0.0407321
0.0428845
0.0451037
0.0473831
0.049711
0.0520784
0.0544828
0.0569241
0.0593974
0.0618952
0.0644122
0.0669439
0.0694813
0.0720093
0.0745141
0.0769898
0.0794394
0.0818676
0.0842729
0.0866474
0.0889831
0.0912759
0.0935227
0.0957159
0.0978459
0.0999055
0.101894
0.103816
0.105672
0.107454
0.109147
0.110742
0.112238
0.113644
0.114957
0.116168
0.117264
0.118236
0.119083
0.119816
0.120445
0.120973
0.121391
0.121694
0.121885
0.121973
0.121965
0.121859
0.121652
0.121345
0.12095
0.120486
0.119969
0.119406
0.1188
0.118149
0.117458
0.11674
0.116008
0.115271
0.114528
0.113712
0.11278
0.0175809
0.0168038
0.0162231
0.0157828
0.0153732
0.0149687
0.0145881
0.0142527
0.0139763
0.0137664
0.0136324
0.0135737
0.0135862
0.013671
0.0138295
0.0140678
0.0143776
0.014762
0.0152238
0.0157705
0.016405
0.0171288
0.0179462
0.0188659
0.0198886
0.0210068
0.0222215
0.0235351
0.024939
0.0264256
0.0279946
0.0296425
0.0313617
0.0331485
0.0350031
0.0369269
0.0389206
0.0409834
0.0431139
0.0453084
0.047558
0.049853
0.0521885
0.0545624
0.0569714
0.059409
0.0618703
0.0643534
0.0668539
0.0693594
0.0718537
0.074326
0.0767744
0.079201
0.0816063
0.0839863
0.0863358
0.0886519
0.0909332
0.0931734
0.0953595
0.0974796
0.0995299
0.101514
0.103437
0.105294
0.107073
0.108761
0.110353
0.111852
0.113262
0.114578
0.115784
0.116871
0.117834
0.118678
0.119412
0.120043
0.120568
0.120982
0.121282
0.121475
0.121569
0.121566
0.121461
0.121249
0.120939
0.120545
0.120085
0.119569
0.118999
0.118374
0.117696
0.116973
0.116214
0.115429
0.114623
0.113795
0.112866
0.111786
0.0198403
0.0187355
0.017897
0.017238
0.0166471
0.0160941
0.0155928
0.0151557
0.014788
0.0144987
0.0142967
0.0141793
0.0141434
0.0141874
0.0143129
0.0145169
0.0148004
0.0151604
0.0156025
0.0161333
0.0167536
0.0174672
0.0182794
0.0191926
0.020207
0.0213193
0.0225274
0.0238323
0.0252293
0.026709
0.0282674
0.0299031
0.031611
0.0333857
0.0352262
0.0371345
0.0391122
0.0411581
0.0432693
0.0454406
0.0476645
0.0499342
0.0522456
0.0545942
0.0569741
0.0593806
0.0618125
0.0642688
0.0667426
0.0692196
0.0716859
0.0741346
0.0765648
0.0789749
0.0813607
0.0837192
0.0860506
0.0883559
0.0906324
0.0928689
0.0950489
0.0971619
0.0992092
0.101197
0.103127
0.104988
0.106768
0.108456
0.110052
0.111561
0.112979
0.114296
0.115498
0.116579
0.117542
0.118392
0.119133
0.119764
0.120285
0.120693
0.120992
0.121187
0.121283
0.12128
0.121168
0.120949
0.120633
0.120236
0.119773
0.119248
0.11866
0.118008
0.117297
0.116535
0.11573
0.114885
0.114004
0.113086
0.112046
0.110823
0.0219174
0.0205211
0.0194428
0.0185838
0.0178223
0.0171278
0.0165091
0.0159693
0.0155149
0.0151514
0.0148799
0.0147028
0.0146182
0.0146194
0.0147073
0.0148764
0.0151295
0.0154626
0.0158826
0.0163952
0.0170004
0.017701
0.018506
0.0194153
0.0204213
0.0215248
0.0227285
0.0240282
0.0254161
0.0268879
0.0284404
0.0300686
0.0317662
0.0335297
0.0353593
0.037257
0.0392234
0.0412556
0.0433495
0.0455017
0.047707
0.0499595
0.0522528
0.0545801
0.056936
0.0593188
0.0617292
0.0641644
0.0666152
0.0690687
0.0715151
0.0739502
0.0763705
0.0787685
0.081138
0.0834806
0.0858026
0.0881052
0.0903806
0.0926133
0.0947878
0.0968984
0.0989501
0.100947
0.102885
0.104751
0.106535
0.10823
0.109838
0.111359
0.112785
0.114102
0.115301
0.116383
0.117355
0.118217
0.118965
0.119597
0.120114
0.12052
0.120819
0.121015
0.12111
0.1211
0.12098
0.120753
0.12043
0.120026
0.11955
0.119005
0.118391
0.117706
0.116958
0.116153
0.115296
0.114385
0.113424
0.112415
0.111268
0.109911
0.0237992
0.0221372
0.0208426
0.0198025
0.0188788
0.0180516
0.0173189
0.0166814
0.0161429
0.0157068
0.0153704
0.0151355
0.0149994
0.0149576
0.0150035
0.0151364
0.0153541
0.0156617
0.0160586
0.0165471
0.0171371
0.017831
0.0186264
0.0195245
0.0205251
0.0216261
0.0228245
0.0241167
0.0254984
0.026966
0.0285143
0.0301365
0.0318268
0.0335832
0.0354065
0.0372974
0.0392552
0.041276
0.0433567
0.0454961
0.0476905
0.0499325
0.0522127
0.0545238
0.0568628
0.0592306
0.0616266
0.0640452
0.0664774
0.0689149
0.071352
0.0737828
0.0761982
0.078587
0.0809453
0.083281
0.0856027
0.0879074
0.0901816
0.0924101
0.0945825
0.0966974
0.0987589
0.100766
0.10271
0.10458
0.106371
0.10808
0.109703
0.111235
0.112665
0.113983
0.115186
0.116277
0.117262
0.118135
0.118891
0.119524
0.12004
0.120447
0.120749
0.120946
0.121036
0.121018
0.120889
0.120655
0.120323
0.119905
0.119408
0.118836
0.11819
0.11747
0.116681
0.115829
0.114915
0.113935
0.112893
0.111797
0.110547
0.109063
0.0254672
0.023574
0.0220888
0.0208761
0.0198071
0.0188514
0.0180108
0.0172816
0.0166611
0.0161517
0.0157548
0.0154673
0.0152809
0.0151899
0.0151919
0.0152903
0.0154748
0.0157488
0.0161192
0.0165907
0.0171669
0.017849
0.0186348
0.0195251
0.0205213
0.0216189
0.0228118
0.0240988
0.0254784
0.0269444
0.0284891
0.0301069
0.0317944
0.0335491
0.0353702
0.037257
0.0392081
0.0412208
0.0432942
0.0454285
0.047619
0.0498554
0.0521273
0.0544294
0.0567611
0.0591219
0.0615083
0.0639142
0.066335
0.0687675
0.0712057
0.0736379
0.076051
0.078435
0.080791
0.0831297
0.0854572
0.087765
0.0900381
0.0922654
0.094442
0.0965666
0.0986386
0.100653
0.1026
0.104476
0.106278
0.108003
0.10964
0.11118
0.112613
0.113935
0.115147
0.116253
0.11725
0.118134
0.118894
0.119531
0.120052
0.120465
0.120772
0.12097
0.121056
0.121029
0.120892
0.120649
0.120306
0.11987
0.119348
0.118745
0.118064
0.117306
0.116474
0.11557
0.114596
0.113546
0.112427
0.111248
0.109901
0.108295
0.026911
0.0248227
0.0231668
0.021804
0.0205951
0.0195213
0.0185823
0.017762
0.0170605
0.0164838
0.0160291
0.0156848
0.0154471
0.0153108
0.0152724
0.0153284
0.0154796
0.0157241
0.0160682
0.0165221
0.0170855
0.0177552
0.0185319
0.019418
0.0204107
0.0215026
0.0226906
0.0239763
0.0253568
0.0268223
0.0283648
0.0299816
0.0316707
0.0334282
0.03525
0.0371344
0.0390814
0.0410915
0.0431652
0.0453012
0.0474922
0.0497272
0.0519978
0.0543008
0.0566337
0.0589928
0.0613737
0.063774
0.0661942
0.0686325
0.0710781
0.0735145
0.075929
0.0783163
0.0806802
0.0830293
0.0853651
0.0876769
0.0899525
0.0921857
0.0943728
0.096509
0.098589
0.100607
0.102559
0.104443
0.106258
0.107997
0.109645
0.111191
0.112629
0.11396
0.115185
0.116305
0.117314
0.118205
0.118972
0.119616
0.120146
0.120569
0.120883
0.121084
0.121167
0.121134
0.120989
0.120737
0.12038
0.119926
0.119378
0.118744
0.118026
0.117227
0.116348
0.115392
0.114356
0.113237
0.112044
0.110785
0.109348
0.107628
0.0281297
0.0258691
0.0240633
0.0225699
0.0212362
0.0200511
0.0190129
0.0181136
0.0173411
0.0166941
0.0161773
0.0157821
0.0154951
0.0153105
0.0152311
0.0152497
0.015366
0.0155818
0.0159057
0.016343
0.0168918
0.0175501
0.0183206
0.0192038
0.0201921
0.0212781
0.0224635
0.0237507
0.0251326
0.0265975
0.0281405
0.0297615
0.0314569
0.0332191
0.0350425
0.0369268
0.0388754
0.0408902
0.0429702
0.0451115
0.0473068
0.049547
0.0518257
0.054138
0.0564775
0.0588388
0.061221
0.0636263
0.0660567
0.0685074
0.0709635
0.0734076
0.0758305
0.0782306
0.0806103
0.0829736
0.0853193
0.0876388
0.0899242
0.0921713
0.0943735
0.0965213
0.0986076
0.10063
0.102588
0.104482
0.106311
0.108063
0.109721
0.111274
0.112721
0.114064
0.115302
0.116434
0.117453
0.118352
0.119128
0.119784
0.120329
0.120765
0.121088
0.12129
0.121371
0.121334
0.121183
0.120921
0.120552
0.120079
0.119508
0.118842
0.118087
0.117245
0.116318
0.115306
0.114209
0.113024
0.111759
0.110426
0.108903
0.107076
0.0291151
0.0267086
0.0247766
0.0231585
0.0217117
0.0204267
0.0192991
0.018322
0.0174828
0.0167759
0.0161988
0.0157492
0.0154151
0.0151889
0.0150666
0.015049
0.0151336
0.0153254
0.0156318
0.0160525
0.0165871
0.0172377
0.0180048
0.0188828
0.0198641
0.0209467
0.0221336
0.0234227
0.0248038
0.0262692
0.0278178
0.0294481
0.0311515
0.032918
0.0347445
0.0366345
0.0385921
0.0406171
0.0427061
0.0448557
0.0470612
0.0493154
0.0516099
0.0539362
0.0562858
0.0586555
0.0610488
0.0634694
0.0659169
0.0683835
0.0708532
0.0733111
0.0757512
0.0781716
0.0805713
0.0829512
0.0853106
0.0876446
0.089948
0.0922154
0.0944357
0.096596
0.0986903
0.10072
0.102688
0.104596
0.106438
0.108201
0.10987
0.111435
0.112895
0.114252
0.115503
0.116644
0.117671
0.11858
0.119369
0.120042
0.120604
0.121053
0.121384
0.121588
0.121667
0.121626
0.12147
0.121202
0.120822
0.120334
0.119741
0.119046
0.118253
0.117367
0.11639
0.115324
0.114165
0.112915
0.111581
0.110177
0.108573
0.106646
0.0298764
0.0273466
0.0252952
0.0235706
0.0220244
0.0206443
0.0194353
0.0183872
0.0174847
0.0167198
0.0160888
0.015588
0.0152085
0.0149415
0.0147798
0.0147283
0.0147872
0.0149589
0.0152456
0.01565
0.0161758
0.0168221
0.0175831
0.0184525
0.0194285
0.0205119
0.0217009
0.022989
0.0243695
0.0258401
0.0273996
0.0290403
0.0307504
0.0325225
0.0343579
0.0362608
0.0382324
0.0402696
0.0423701
0.0445333
0.0467566
0.0490313
0.0513457
0.0536891
0.056054
0.0584407
0.0608545
0.0632976
0.0657659
0.068251
0.0707393
0.0732186
0.0756832
0.0781288
0.0805511
0.0829508
0.0853299
0.0876863
0.0900148
0.0923069
0.0945479
0.0967238
0.098831
0.100874
0.102858
0.104781
0.106638
0.108415
0.110096
0.111675
0.113152
0.114524
0.115788
0.116939
0.117975
0.118896
0.1197
0.120391
0.12097
0.121432
0.121769
0.121974
0.12205
0.122006
0.121849
0.121578
0.121191
0.120689
0.120075
0.119352
0.118525
0.117597
0.116572
0.115451
0.114233
0.112919
0.111519
0.110047
0.108363
0.106344
0.0304173
0.0277803
0.0256299
0.0238068
0.0221688
0.0207104
0.0194255
0.0183078
0.0173462
0.0165269
0.0158468
0.015299
0.0148752
0.0145661
0.0143717
0.0142922
0.0143276
0.014478
0.0147461
0.0151394
0.0156593
0.0162985
0.01705
0.0179129
0.0188883
0.019973
0.0211604
0.022447
0.0238322
0.025314
0.026885
0.0285339
0.0302512
0.0320345
0.0338861
0.0358068
0.0377941
0.0398458
0.0419626
0.0441465
0.0463937
0.0486926
0.0510291
0.0533938
0.0557816
0.0581939
0.0606351
0.0631045
0.0655967
0.0681046
0.0706177
0.0731252
0.0756195
0.078093
0.0805403
0.0829642
0.0853695
0.0877551
0.0901138
0.0924341
0.0946993
0.0968959
0.0990228
0.101087
0.103091
0.105034
0.106909
0.108702
0.1104
0.111996
0.11349
0.114879
0.116157
0.11732
0.118369
0.119304
0.120126
0.120835
0.121429
0.121901
0.122243
0.122449
0.122525
0.12248
0.122323
0.122051
0.121658
0.121144
0.120512
0.119765
0.118906
0.11794
0.116869
0.115697
0.114421
0.113044
0.11158
0.110041
0.108284
0.106176
0.0307379
0.028008
0.025775
0.0238686
0.0221461
0.0206167
0.0192661
0.0180852
0.0170662
0.0161967
0.0154698
0.0148773
0.0144112
0.0140656
0.0138419
0.0137363
0.013748
0.0138779
0.0141331
0.0145188
0.01503
0.0156585
0.0164024
0.017264
0.0182405
0.019323
0.0205077
0.0217978
0.0231943
0.0246886
0.0262685
0.0279251
0.029655
0.0314573
0.03333
0.03527
0.0372748
0.0393457
0.0414861
0.0436971
0.0459722
0.0482976
0.0506601
0.0530525
0.0554713
0.0579162
0.0603889
0.0628875
0.0654075
0.0679441
0.0704886
0.0730297
0.0755571
0.078061
0.0805363
0.0829887
0.0854256
0.0878448
0.0902369
0.0925881
0.0948819
0.0971061
0.0992607
0.101352
0.103383
0.10535
0.107246
0.109059
0.110777
0.112395
0.113911
0.115319
0.116614
0.117793
0.118858
0.119811
0.120652
0.121379
0.121987
0.122469
0.122816
0.123025
0.123103
0.12306
0.122902
0.122627
0.122228
0.121702
0.121054
0.120287
0.119402
0.118401
0.117287
0.116064
0.114732
0.113295
0.111768
0.110166
0.108336
0.106143
0.0308466
0.0280382
0.0257299
0.0237555
0.0219608
0.0203624
0.0189532
0.0177175
0.0166444
0.015726
0.0149531
0.0143186
0.013814
0.0134374
0.0131844
0.0130525
0.0130417
0.0131562
0.0134019
0.0137776
0.0142769
0.0148967
0.0156384
0.0165006
0.0174752
0.0185545
0.0197418
0.0210428
0.0224524
0.0239563
0.0255439
0.0272133
0.0289638
0.0307903
0.032686
0.0346467
0.0366738
0.0387715
0.0409427
0.0431855
0.0454914
0.047847
0.0502416
0.0526698
0.055127
0.0576096
0.0601171
0.0626482
0.0652011
0.0677731
0.0703553
0.0729343
0.0754978
0.0780348
0.0805421
0.0830278
0.0855
0.0879555
0.0903824
0.0927669
0.0950939
0.097353
0.099544
0.101671
0.103733
0.105727
0.107647
0.109485
0.11123
0.112875
0.114418
0.11585
0.117167
0.118366
0.119451
0.120425
0.121287
0.122033
0.122656
0.123148
0.123502
0.123716
0.123798
0.123757
0.123597
0.123315
0.122906
0.122368
0.121706
0.120921
0.120011
0.118977
0.117822
0.11655
0.115163
0.113667
0.11208
0.110415
0.108515
0.106239
0.030769
0.0278827
0.0255089
0.0234755
0.0216181
0.0199551
0.0184897
0.017203
0.0160801
0.0151127
0.0142948
0.0136209
0.0130821
0.0126734
0.0123907
0.0122347
0.0122061
0.012308
0.0125415
0.0129039
0.0133937
0.0140105
0.0147521
0.0156121
0.0165832
0.0176649
0.0188632
0.020178
0.0215976
0.023109
0.0247092
0.0263999
0.028177
0.0300294
0.0319488
0.0339348
0.0359921
0.0381248
0.0403325
0.0426102
0.0449503
0.0473423
0.0497772
0.0522492
0.0547504
0.0572745
0.0598204
0.062389
0.0649817
0.0675962
0.0702217
0.0728424
0.0754449
0.0780193
0.0805641
0.0830881
0.0855991
0.0880922
0.0905554
0.0929758
0.0953411
0.0976422
0.099877
0.102046
0.104145
0.10617
0.108119
0.109987
0.111764
0.113443
0.115019
0.116482
0.117826
0.119051
0.12016
0.121157
0.122042
0.122807
0.123445
0.123949
0.124312
0.124533
0.124619
0.124577
0.124411
0.124118
0.123697
0.123146
0.122469
0.121665
0.12073
0.119663
0.118467
0.117147
0.115707
0.114154
0.112507
0.110781
0.10881
0.106453
0.0305184
0.0275603
0.0251232
0.0230348
0.0211225
0.0194014
0.0178791
0.0165402
0.015369
0.0143546
0.013494
0.0127816
0.0122087
0.0117665
0.0114564
0.0112803
0.0112362
0.0113232
0.0115411
0.0118924
0.0123783
0.0129944
0.0137331
0.0145892
0.0155622
0.0166551
0.0178683
0.0191939
0.0206209
0.0221442
0.0237661
0.025485
0.0272898
0.0291677
0.0311144
0.0331337
0.0352302
0.037404
0.039651
0.0419667
0.0443468
0.0467836
0.0492676
0.0517892
0.0543381
0.056907
0.0594963
0.0621099
0.0647503
0.0674142
0.0700878
0.0727539
0.0754
0.078018
0.080607
0.0831749
0.0857275
0.0882598
0.0907616
0.093223
0.0956331
0.0979826
0.100267
0.102481
0.104621
0.106683
0.108668
0.110573
0.112389
0.114109
0.115722
0.117222
0.118599
0.119854
0.120991
0.122014
0.122921
0.123705
0.124361
0.124879
0.125253
0.125482
0.12557
0.125525
0.12535
0.125044
0.124608
0.124042
0.123348
0.122522
0.121559
0.120458
0.11922
0.117852
0.116361
0.114751
0.113045
0.111257
0.109214
0.106776
0.0300978
0.0270795
0.024579
0.022437
0.0204734
0.0186982
0.0171185
0.0157259
0.0145064
0.0134479
0.0125455
0.0117938
0.0111852
0.0107134
0.0103802
0.0101844
0.0101225
0.0101923
0.0103976
0.0107433
0.0112268
0.0118388
0.0125731
0.0134308
0.014415
0.0155234
0.0167482
0.0180815
0.0195199
0.0210649
0.0227158
0.0244635
0.0262944
0.0282001
0.0301818
0.0322436
0.0343851
0.036602
0.0388902
0.041249
0.0436775
0.0461679
0.0487072
0.0512822
0.0538814
0.0564996
0.0591397
0.0618066
0.0645018
0.0672199
0.0699457
0.0726626
0.0753594
0.0780292
0.0806701
0.0832872
0.0858845
0.0884587
0.0910038
0.0935131
0.0959758
0.0983798
0.100717
0.102981
0.105166
0.107271
0.1093
0.11125
0.113113
0.114877
0.116533
0.118072
0.119488
0.120779
0.121949
0.122999
0.123929
0.124734
0.125407
0.12594
0.126326
0.126562
0.126652
0.126603
0.126417
0.126097
0.125645
0.125062
0.124347
0.123495
0.122502
0.121364
0.120084
0.11867
0.117127
0.115462
0.113696
0.111843
0.109727
0.107205
0.0295124
0.0264399
0.0238826
0.0216841
0.0196657
0.0178373
0.0162031
0.0147579
0.0134895
0.0123866
0.011442
0.0106521
0.0100102
0.00951309
0.00915728
0.00893978
0.00885849
0.00891433
0.00911253
0.00945384
0.00993119
0.0105376
0.0112731
0.0121418
0.0131416
0.0142621
0.015495
0.0168398
0.0183
0.0198744
0.0215544
0.0233279
0.0251859
0.0271269
0.029153
0.0312627
0.03345
0.0357103
0.038044
0.0404538
0.0429391
0.0454889
0.0480864
0.0507169
0.0533707
0.0560453
0.0587448
0.0614722
0.0642266
0.0670018
0.0697842
0.0725588
0.0753157
0.0780466
0.0807468
0.0834187
0.0860657
0.0886876
0.0912831
0.0938479
0.09637
0.0988338
0.101228
0.103545
0.105781
0.107938
0.110019
0.112022
0.113936
0.115749
0.117451
0.119035
0.120494
0.121826
0.123033
0.124114
0.125068
0.125893
0.126584
0.127132
0.12753
0.127773
0.127865
0.127812
0.127617
0.127283
0.126813
0.126209
0.12547
0.12459
0.123562
0.122386
0.121063
0.1196
0.118006
0.116284
0.114455
0.112535
0.110343
0.107733
0.0287671
0.0256427
0.0230336
0.0207762
0.0186992
0.0168167
0.0151307
0.0136331
0.0123149
0.0111669
0.010182
0.00935636
0.0086845
0.00816121
0.00778104
0.00754253
0.0074454
0.00749176
0.0076834
0.00801693
0.00848758
0.00909442
0.00984006
0.0107236
0.0117354
0.0128644
0.0141093
0.0154764
0.0169666
0.0185705
0.0202756
0.0220749
0.0239675
0.0259533
0.0280289
0.0301865
0.0324188
0.0347258
0.0371127
0.0395823
0.0421298
0.0447406
0.0473971
0.0500868
0.0528022
0.0555419
0.058308
0.0611002
0.0639163
0.0667518
0.0695962
0.0724372
0.0752637
0.0780638
0.0808296
0.0835626
0.0862674
0.0889466
0.0916017
0.0942292
0.0968154
0.0993425
0.101798
0.104174
0.10647
0.108687
0.110828
0.112889
0.114857
0.116722
0.118475
0.120109
0.121617
0.122996
0.124242
0.125357
0.126337
0.127182
0.127891
0.128454
0.128864
0.129114
0.129209
0.129153
0.12895
0.128603
0.128113
0.127485
0.126719
0.125807
0.124742
0.123524
0.122156
0.120644
0.118995
0.117213
0.115318
0.113327
0.111053
0.108352
0.0278672
0.024688
0.0220263
0.0197135
0.0175774
0.0156378
0.0138983
0.0123484
0.0109805
0.00978823
0.00876574
0.00790596
0.00720377
0.0066523
0.00624888
0.00599339
0.00588435
0.00592125
0.0061031
0.00642891
0.00689939
0.00751512
0.00827392
0.00916858
0.010189
0.0113306
0.0125984
0.0139963
0.0155167
0.0171458
0.0188763
0.0207094
0.0226469
0.0246832
0.0268078
0.0290116
0.0312919
0.0336536
0.0361025
0.0386372
0.0412481
0.0439198
0.0466382
0.0493939
0.0521799
0.0549919
0.0578282
0.0606871
0.0635675
0.0664684
0.0693825
0.0722983
0.0752018
0.0780771
0.0809144
0.0837161
0.086489
0.0892372
0.0919619
0.0946583
0.0973121
0.0999058
0.102428
0.104873
0.107238
0.109524
0.111731
0.113852
0.115877
0.117796
0.119605
0.121295
0.122859
0.124288
0.125578
0.126727
0.127735
0.128603
0.129328
0.129906
0.130328
0.130587
0.130685
0.130628
0.130418
0.130057
0.129548
0.128896
0.128101
0.127153
0.126048
0.124785
0.123368
0.121804
0.120097
0.118251
0.116285
0.114219
0.111859
0.109062
0.026821
0.0235763
0.0208576
0.0184923
0.016297
0.0142969
0.0125015
0.0109012
0.0094859
0.00824968
0.00718855
0.00629498
0.00556164
0.00498346
0.00456006
0.00428978
0.00416861
0.0041938
0.0043666
0.00469125
0.00516913
0.00579594
0.00656428
0.00746711
0.00850056
0.00966569
0.010965
0.012394
0.0139406
0.0155955
0.0173602
0.0192388
0.0212277
0.0233142
0.0254861
0.0277395
0.0300768
0.032503
0.0350193
0.0376194
0.040293
0.0430284
0.0458157
0.0486466
0.0515107
0.0543989
0.0573067
0.0602338
0.0631832
0.0661567
0.0691482
0.0721449
0.07513
0.0780855
0.0810013
0.0838812
0.0867331
0.0895607
0.0923634
0.0951344
0.0978601
0.100526
0.103123
0.105646
0.108089
0.110451
0.112728
0.114913
0.116998
0.118976
0.120845
0.122598
0.124222
0.125705
0.12704
0.128226
0.129264
0.130156
0.130901
0.131494
0.131928
0.132197
0.1323
0.132241
0.132025
0.131653
0.131127
0.13045
0.129623
0.128637
0.127488
0.126177
0.124709
0.12309
0.121321
0.119405
0.117364
0.115217
0.112767
0.109868
0.0256339
0.0223102
0.0195267
0.0171054
0.0148513
0.0127913
0.0109392
0.00928842
0.00782649
0.00654601
0.00544409
0.00451631
0.00375338
0.00315127
0.00270868
0.00242218
0.0022872
0.00230232
0.00247254
0.00280256
0.00328902
0.00392332
0.00469914
0.00561519
0.00667228
0.0078692
0.00920053
0.0106572
0.0122311
0.0139215
0.0157329
0.0176645
0.0197053
0.0218408
0.0240642
0.0263773
0.0287829
0.0312801
0.0338641
0.0365284
0.0392672
0.0420736
0.0449392
0.0478529
0.0507993
0.0537654
0.0567469
0.059747
0.0627724
0.0658259
0.0688999
0.0719802
0.0750499
0.0780912
0.0810947
0.0840637
0.0870044
0.0899188
0.0928052
0.0956565
0.098461
0.101208
0.10389
0.106499
0.109028
0.11147
0.113821
0.116074
0.118224
0.120268
0.122203
0.124021
0.125707
0.127247
0.12863
0.129855
0.130926
0.131845
0.132613
0.133225
0.133671
0.133949
0.134058
0.133999
0.133778
0.133396
0.132854
0.132153
0.131292
0.130265
0.129069
0.127707
0.126184
0.124505
0.122669
0.12068
0.118558
0.116326
0.113783
0.110773
0.0243021
0.0208914
0.0180346
0.015551
0.0132386
0.0111198
0.00920999
0.00750534
0.00599487
0.00467016
0.0035279
0.00256471
0.00177291
0.00114686
0.00068323
0.000379269
0.00023212
0.000242887
0.000416226
0.000752215
0.00124401
0.00188476
0.00267361
0.00361304
0.00470154
0.00593088
0.00729132
0.00877735
0.0103887
0.0121278
0.013994
0.0159791
0.0180709
0.0202604
0.0225467
0.0249321
0.0274134
0.0299827
0.0326338
0.0353652
0.0381771
0.0410647
0.0440165
0.0470166
0.0500466
0.0530935
0.0561548
0.0592361
0.0623453
0.065484
0.0686429
0.0718085
0.0749659
0.0780996
0.0812005
0.0842685
0.087306
0.0903128
0.0932875
0.0962254
0.0991176
0.101955
0.104731
0.107435
0.110055
0.112582
0.11501
0.117337
0.11956
0.121675
0.123681
0.125566
0.127315
0.128911
0.130345
0.131614
0.132723
0.133675
0.13447
0.135101
0.135561
0.135848
0.135963
0.135907
0.135684
0.135293
0.134735
0.134007
0.13311
0.132039
0.130794
0.129378
0.127797
0.126052
0.124143
0.122075
0.119869
0.117548
0.114906
0.111777
0.02282
0.0193191
0.0163838
0.0138325
0.0114578
0.00927843
0.00730845
0.00554683
0.00398576
0.00261599
0.00143322
0.000432971
-0.000389899
-0.0010422
-0.00152763
-0.00184719
-0.00200202
-0.00199129
-0.00181452
-0.00147508
-0.000977795
-0.00032446
0.000486987
0.00145674
0.00257732
0.00383678
0.00522851
0.00675393
0.00841561
0.0102112
0.0121328
0.0141708
0.0163188
0.0185747
0.0209376
0.0234033
0.0259617
0.028603
0.031325
0.0341324
0.0370284
0.0400057
0.0430476
0.0461352
0.0492511
0.0523849
0.0555351
0.0587067
0.0619058
0.0651326
0.0683784
0.0716324
0.0748828
0.0781162
0.0813221
0.084496
0.0876359
0.0907403
0.0938095
0.0968421
0.0998314
0.102769
0.105646
0.10845
0.111165
0.113781
0.116294
0.118702
0.121004
0.123197
0.125276
0.12723
0.12904
0.130695
0.132183
0.133503
0.134657
0.135647
0.136472
0.137125
0.137601
0.137899
0.138022
0.137973
0.13775
0.137351
0.136775
0.13602
0.135085
0.13397
0.132674
0.131201
0.129555
0.127738
0.12575
0.123598
0.121303
0.118891
0.116141
0.112887
0.0211863
0.017591
0.014574
0.0119494
0.00950384
0.00725978
0.00522854
0.00340832
0.00179388
0.000376204
-0.000850237
-0.00188932
-0.00274601
-0.00342606
-0.00393166
-0.00426327
-0.00442258
-0.00441189
-0.00423371
-0.00388977
-0.0033805
-0.00270556
-0.00186537
-0.000864671
0.000286339
0.00157859
0.00301132
0.00458823
0.00630733
0.00815955
0.0101356
0.0122316
0.0144484
0.0167845
0.0192327
0.0217808
0.0244164
0.0271338
0.0299365
0.0328315
0.0358201
0.0388906
0.0420237
0.0452013
0.0484092
0.0516392
0.054888
0.0581567
0.0614492
0.0647663
0.0681028
0.0714515
0.0748027
0.0781423
0.0814576
0.084741
0.0879876
0.0911959
0.0943683
0.0975047
0.100599
0.103644
0.106627
0.109534
0.112349
0.115063
0.11767
0.120169
0.122556
0.12483
0.126985
0.129007
0.130882
0.132598
0.134147
0.135524
0.13673
0.137763
0.138622
0.139301
0.139796
0.14011
0.140246
0.140206
0.139985
0.139578
0.138984
0.138202
0.137231
0.136072
0.134724
0.13319
0.131473
0.129578
0.127507
0.125265
0.122877
0.120367
0.117505
0.114114
0.0194012
0.015702
0.0125985
0.00989557
0.00737271
0.00505867
0.00296467
0.00108408
-0.000588433
-0.00205859
-0.00333193
-0.00441152
-0.00530308
-0.00601035
-0.006534
-0.00687553
-0.0070392
-0.00702989
-0.0068489
-0.00649417
-0.00596475
-0.00526295
-0.00439329
-0.00336243
-0.00217792
-0.000843647
0.00064137
0.00227633
0.00405277
0.00596034
0.00799556
0.0101615
0.0124602
0.0148847
0.01742
0.0200507
0.0227679
0.0255717
0.0284676
0.0314595
0.0345439
0.0377077
0.0409338
0.0442076
0.0475171
0.050853
0.0542077
0.057578
0.0609671
0.0643786
0.0678123
0.071264
0.0747235
0.0781745
0.0816021
0.0849975
0.0883556
0.0916756
0.0949604
0.0982095
0.101416
0.104571
0.107664
0.110679
0.113602
0.116423
0.119135
0.121733
0.124214
0.126572
0.128804
0.130899
0.132844
0.134629
0.136244
0.137685
0.138947
0.140027
0.140924
0.141633
0.142155
0.14249
0.142644
0.142614
0.142395
0.141981
0.14137
0.140563
0.139559
0.138355
0.136952
0.135352
0.13356
0.131581
0.129422
0.127086
0.124601
0.121987
0.119007
0.115465
0.0174645
0.0136477
0.0104492
0.00766511
0.00506274
0.00267252
0.000509481
-0.00143515
-0.00316934
-0.00469605
-0.00601815
-0.00713967
-0.00806579
-0.00879894
-0.00933979
-0.00969143
-0.0098604
-0.00985102
-0.00966149
-0.00928883
-0.00873489
-0.00800549
-0.00710621
-0.00604135
-0.00481443
-0.00342792
-0.00188472
-0.000191728
0.0016409
0.00360807
0.00571351
0.00796196
0.0103499
0.0128635
0.0154854
0.0182032
0.0210126
0.0239155
0.0269142
0.030007
0.0331877
0.0364463
0.0397711
0.0431506
0.0465715
0.0500203
0.0534853
0.0569615
0.0604531
0.0639673
0.0675072
0.0710697
0.074643
0.0782089
0.0817522
0.0852641
0.0887404
0.0921807
0.0955863
0.0989547
0.102278
0.105547
0.108753
0.111883
0.114924
0.117862
0.120688
0.123395
0.125974
0.128423
0.130738
0.132913
0.134935
0.136795
0.138483
0.139991
0.141313
0.142445
0.143384
0.144131
0.144686
0.145049
0.145222
0.145203
0.144985
0.144563
0.143938
0.143109
0.142072
0.140823
0.139361
0.137691
0.135819
0.133754
0.131502
0.129069
0.12648
0.123755
0.120648
0.116947
0.0153757
0.0114281
0.00812402
0.00525375
0.0025685
9.60571e-05
-0.002144
-0.00415794
-0.00595528
-0.00754029
-0.00891315
-0.0100777
-0.0110378
-0.0117961
-0.0123547
-0.0127176
-0.0128911
-0.0128771
-0.0126729
-0.0122787
-0.0116995
-0.0109416
-0.0100081
-0.00890042
-0.00762145
-0.00617714
-0.00457561
-0.00282538
-0.000932354
0.00110478
0.00329192
0.00562944
0.00810705
0.0107086
0.0134206
0.0162356
0.01915
0.0221617
0.0252671
0.0284618
0.0317413
0.0351009
0.0385339
0.0420285
0.0455676
0.0491332
0.0527121
0.0563005
0.0599049
0.0635335
0.0671895
0.0708691
0.0745599
0.0782442
0.0819084
0.0855444
0.0891478
0.0927165
0.0962492
0.0997412
0.103185
0.106573
0.109899
0.113152
0.116318
0.119382
0.12233
0.12515
0.127835
0.130383
0.132791
0.135054
0.137163
0.139105
0.140869
0.142448
0.143834
0.145023
0.146014
0.146806
0.147399
0.147794
0.147987
0.147978
0.147761
0.147335
0.146698
0.145848
0.144777
0.143481
0.141958
0.140215
0.138262
0.136108
0.133761
0.131225
0.128525
0.125684
0.122437
0.118569
0.0131325
0.00904288
0.00562172
0.00265535
-0.000119619
-0.00267898
-0.0050007
-0.00708839
-0.00895119
-0.0105953
-0.0120209
-0.013229
-0.0142232
-0.0150074
-0.0155848
-0.015959
-0.016134
-0.0161105
-0.0158889
-0.0154724
-0.0148664
-0.0140749
-0.0130987
-0.0119392
-0.0106026
-0.00909949
-0.00743946
-0.00562748
-0.00366397
-0.00154594
0.000728744
0.00315506
0.00572085
0.0084135
0.011225
0.0141495
0.0171784
0.0203025
0.0235151
0.0268137
0.0301987
0.0336696
0.0372202
0.0408363
0.0444971
0.0481827
0.0518812
0.0555916
0.0593211
0.063076
0.0668572
0.0706598
0.0744724
0.0782808
0.0820739
0.0858435
0.0895831
0.0932874
0.0969523
0.100572
0.10414
0.107654
0.111107
0.114491
0.11779
0.120984
0.124059
0.126999
0.129798
0.132454
0.134966
0.137329
0.139532
0.141562
0.143408
0.145062
0.146518
0.147773
0.148824
0.149669
0.150306
0.150733
0.150949
0.150951
0.15074
0.150312
0.149664
0.148792
0.147686
0.146341
0.144757
0.142943
0.140908
0.138664
0.136217
0.133573
0.130756
0.12779
0.124395
0.120347
0.0107251
0.00648459
0.00293623
-0.000138272
-0.00301031
-0.00565956
-0.00806566
-0.0102305
-0.0121626
-0.0138676
-0.0153466
-0.016599
-0.0176287
-0.0184408
-0.0190378
-0.0194212
-0.0195938
-0.0195585
-0.0193189
-0.0188785
-0.0182405
-0.0174072
-0.0163801
-0.0151636
-0.0137675
-0.0122039
-0.01048
-0.0085961
-0.00655113
-0.00434595
-0.00198362
0.000529917
0.00318669
0.0059794
0.00890182
0.0119442
0.0150909
0.0183278
0.0216493
0.0250579
0.0285583
0.0321499
0.0358241
0.0395642
0.0433489
0.0471601
0.0509878
0.0548318
0.0586977
0.0625884
0.0665023
0.0704345
0.0743767
0.0783185
0.0822506
0.0861636
0.0900472
0.0938932
0.0976958
0.101449
0.10515
0.108797
0.112386
0.115907
0.119341
0.12267
0.125874
0.128941
0.131864
0.134641
0.137269
0.139741
0.142046
0.14417
0.146103
0.147839
0.149374
0.150705
0.151826
0.15273
0.153414
0.153877
0.154117
0.154136
0.153933
0.153505
0.152846
0.15195
0.150808
0.149414
0.14777
0.145885
0.143769
0.141433
0.138884
0.136126
0.133185
0.130082
0.126533
0.122292
0.00813912
0.00374023
5.84377e-05
-0.00313273
-0.00610951
-0.00885243
-0.0113462
-0.0135921
-0.0155968
-0.0173652
-0.0188983
-0.0201967
-0.0212649
-0.0221065
-0.0227218
-0.0231112
-0.023279
-0.0232314
-0.0229723
-0.0225031
-0.0218254
-0.0209428
-0.0198598
-0.0185838
-0.0171256
-0.0154953
-0.0136969
-0.01173
-0.00959671
-0.00730289
-0.0048532
-0.00224917
0.000507401
0.00341117
0.00645217
0.00961453
0.0128786
0.01623
0.0196668
0.0231951
0.0268199
0.0305378
0.0343374
0.0382022
0.0421146
0.0460598
0.0500281
0.0540168
0.0580274
0.0620603
0.0661136
0.0701842
0.0742668
0.0783537
0.0824357
0.0865007
0.0905353
0.0945294
0.0984771
0.102374
0.106218
0.110007
0.113738
0.1174
0.120974
0.124439
0.127779
0.130981
0.134038
0.136947
0.139701
0.142291
0.144704
0.14693
0.14896
0.150789
0.152414
0.153829
0.155026
0.155995
0.15673
0.157233
0.157504
0.157543
0.157351
0.156922
0.156251
0.15533
0.15415
0.152707
0.151004
0.149049
0.146852
0.144423
0.141768
0.13889
0.135817
0.132569
0.128854
0.124412
0.00536498
0.000798165
-0.00302168
-0.00633358
-0.00942341
-0.0122678
-0.0148533
-0.0171838
-0.019264
-0.0210986
-0.0226888
-0.0240365
-0.025145
-0.0260152
-0.026646
-0.027039
-0.0272013
-0.0271399
-0.0268567
-0.0263517
-0.0256277
-0.0246912
-0.0235492
-0.0222101
-0.0206831
-0.0189755
-0.0170912
-0.0150337
-0.0128094
-0.0104257
-0.00788395
-0.00517995
-0.00231236
0.000710534
0.00387252
0.00715394
0.0105361
0.014008
0.0175699
0.0212271
0.0249819
0.0288279
0.0327537
0.0367461
0.0407924
0.0448807
0.0489992
0.0531401
0.0573008
0.0614811
0.0656812
0.0699008
0.0741359
0.0783793
0.0826205
0.0868451
0.0910379
0.0951888
0.0992922
0.103345
0.107343
0.111285
0.115165
0.118971
0.122687
0.126294
0.129778
0.133124
0.136326
0.139376
0.142265
0.14498
0.147511
0.149849
0.151987
0.153922
0.155647
0.157154
0.158433
0.159471
0.160265
0.160815
0.161124
0.16119
0.16101
0.16058
0.159895
0.158947
0.15773
0.156239
0.154477
0.152452
0.150173
0.147648
0.144882
0.141878
0.138663
0.135265
0.131372
0.126721
0.00239882
-0.0023494
-0.00631556
-0.00975307
-0.0129629
-0.0159175
-0.0186004
-0.0210188
-0.0231785
-0.0250837
-0.0267356
-0.0281351
-0.029283
-0.030179
-0.0308229
-0.0312188
-0.0313745
-0.031295
-0.0309807
-0.0304335
-0.0296592
-0.0286659
-0.0274611
-0.0260518
-0.0244456
-0.0226496
-0.0206713
-0.018519
-0.016201
-0.0137215
-0.0110773
-0.00826132
-0.00527411
-0.00212876
0.00115454
0.00455658
0.00806263
0.0116646
0.015361
0.0191532
0.0230398
0.0270151
0.0310706
0.0351972
0.0393856
0.043624
0.0478976
0.0521946
0.0565098
0.0608438
0.0652001
0.0695796
0.0739781
0.0783868
0.0827941
0.087185
0.091545
0.0958642
0.100137
0.104358
0.108523
0.112626
0.116661
0.120618
0.124482
0.12824
0.131876
0.135377
0.138733
0.141933
0.144964
0.147814
0.150472
0.152934
0.155195
0.157247
0.159081
0.160687
0.162053
0.16317
0.164031
0.16464
0.164994
0.165091
0.164926
0.164496
0.163797
0.162824
0.16157
0.160031
0.15821
0.156114
0.153751
0.151127
0.148244
0.145107
0.141743
0.138185
0.134107
0.129234
-0.000764591
-0.00571111
-0.0098362
-0.0134075
-0.0167431
-0.0198142
-0.0226018
-0.0251137
-0.0273586
-0.0293394
-0.0310562
-0.0325071
-0.033692
-0.0346117
-0.0352681
-0.0356659
-0.035811
-0.0357066
-0.0353551
-0.0347618
-0.0339344
-0.0328804
-0.031606
-0.0301171
-0.0284217
-0.0265295
-0.0244525
-0.0222015
-0.0197829
-0.0171964
-0.0144367
-0.011499
-0.00838788
-0.00511887
-0.00171138
0.00181846
0.00545872
0.00920069
0.0130384
0.0169685
0.0209887
0.0250971
0.0292899
0.0335604
0.037899
0.0422917
0.0467221
0.0511772
0.0556521
0.0601486
0.0646711
0.0692203
0.0737899
0.0783698
0.0829484
0.0875128
0.0920503
0.0965511
0.101007
0.10541
0.109752
0.114025
0.118224
0.122341
0.126365
0.130284
0.134084
0.137748
0.141265
0.144621
0.147802
0.150798
0.153598
0.156198
0.158591
0.160769
0.16272
0.164432
0.165894
0.167098
0.16804
0.168716
0.169123
0.169256
0.16911
0.168683
0.167974
0.166976
0.165685
0.164097
0.162216
0.160048
0.157597
0.154867
0.151861
0.148583
0.145065
0.141338
0.13707
0.131964
-0.00413813
-0.0092996
-0.0135978
-0.0173123
-0.0207804
-0.0239744
-0.0268748
-0.0294885
-0.031824
-0.0338835
-0.0356649
-0.0371655
-0.0383864
-0.0393298
-0.039998
-0.0403939
-0.0405217
-0.0403866
-0.0399945
-0.0393526
-0.038468
-0.037347
-0.0359945
-0.0344172
-0.0326255
-0.0306329
-0.028453
-0.026096
-0.0235653
-0.0208587
-0.0179725
-0.0149069
-0.011669
-0.00827263
-0.00473305
-0.00106395
0.00272169
0.00661133
0.0105948
0.0146665
0.0188263
0.0230765
0.027417
0.031841
0.0363361
0.0408861
0.0454751
0.0500924
0.0547345
0.0594031
0.0641011
0.0688268
0.0735722
0.0783273
0.0830827
0.0878285
0.0925541
0.0972489
0.101901
0.106496
0.111024
0.115478
0.119853
0.124142
0.128339
0.132432
0.136405
0.140241
0.143926
0.147445
0.150787
0.153941
0.156896
0.159646
0.162181
0.164491
0.166565
0.168391
0.16996
0.171263
0.172294
0.173047
0.173514
0.17369
0.173569
0.17315
0.172433
0.171413
0.170084
0.168448
0.166505
0.164261
0.161717
0.158876
0.155741
0.152316
0.148638
0.144737
0.140267
0.13492
-0.00774122
-0.0131302
-0.0176141
-0.0214829
-0.0250923
-0.0284183
-0.0314392
-0.0341613
-0.0365908
-0.0387296
-0.0405749
-0.0421255
-0.0433833
-0.0443504
-0.0450269
-0.0454145
-0.0455192
-0.0453502
-0.0449154
-0.0442213
-0.0432733
-0.0420773
-0.0406391
-0.0389673
-0.0370752
-0.034978
-0.0326885
-0.0302147
-0.0275591
-0.0247215
-0.0217021
-0.018504
-0.0151337
-0.0116009
-0.00791734
-0.00409711
-0.000157347
0.00388531
0.00801936
0.0122407
0.0165517
0.0209568
0.0254561
0.0300411
0.0346974
0.039409
0.0441621
0.0489491
0.0537676
0.0586175
0.0634981
0.0684048
0.0733292
0.0782637
0.0832025
0.0881383
0.0930614
0.0979589
0.102814
0.107611
0.112335
0.11698
0.121544
0.126022
0.130406
0.134684
0.13884
0.142856
0.146717
0.150411
0.153925
0.157249
0.160373
0.163283
0.165968
0.168418
0.170623
0.172574
0.17426
0.175673
0.176804
0.177641
0.178176
0.178402
0.178314
0.17791
0.177189
0.176149
0.174786
0.173101
0.171096
0.16877
0.166128
0.16317
0.159901
0.156325
0.15248
0.1484
0.143717
0.138116
-0.0115937
-0.0172208
-0.021901
-0.0259366
-0.0296984
-0.0331645
-0.0363118
-0.0391451
-0.0416702
-0.0438893
-0.0458004
-0.047403
-0.0486982
-0.0496859
-0.050365
-0.0507389
-0.0508178
-0.0506133
-0.0501325
-0.0493798
-0.0483607
-0.0470826
-0.0455534
-0.0437832
-0.0417867
-0.0395788
-0.0371701
-0.0345677
-0.031777
-0.0288018
-0.0256448
-0.0223081
-0.0187955
-0.0151137
-0.011274
-0.00729358
-0.0031937
0.00100734
0.00530003
0.00968336
0.0141607
0.0187348
0.0234029
0.0281552
0.0329781
0.0378585
0.0427857
0.0477534
0.0527582
0.0577969
0.0628655
0.0679573
0.0730652
0.0781855
0.0833155
0.0884493
0.0935763
0.0986811
0.103745
0.108748
0.113677
0.118528
0.123297
0.127978
0.132563
0.137038
0.141386
0.145591
0.149641
0.153522
0.157223
0.160732
0.164034
0.167115
0.169959
0.172559
0.174907
0.176993
0.178808
0.18034
0.181578
0.182508
0.18312
0.183406
0.183358
0.182975
0.182256
0.181202
0.179809
0.178077
0.176005
0.173595
0.170848
0.167769
0.164359
0.160628
0.156609
0.152342
0.147437
0.141563
-0.0157135
-0.0215921
-0.0264789
-0.030692
-0.0346165
-0.038228
-0.0415048
-0.0444514
-0.0470748
-0.0493773
-0.0513576
-0.0530132
-0.0543431
-0.0553463
-0.0560235
-0.0563818
-0.0564339
-0.0561903
-0.0556564
-0.054837
-0.0537397
-0.0523741
-0.0507499
-0.0488775
-0.0467708
-0.0444433
-0.0419052
-0.0391652
-0.0362328
-0.0331155
-0.0298155
-0.0263314
-0.0226643
-0.0188215
-0.0148169
-0.0106707
-0.00640546
-0.00203803
0.00242503
0.00698449
0.0116423
0.0163972
0.0212429
0.0261698
0.0311679
0.0362281
0.0413421
0.0465028
0.0517032
0.0569372
0.0621991
0.0674821
0.0727814
0.0780961
0.0834255
0.0887636
0.0940981
0.0994124
0.104687
0.109903
0.115049
0.120118
0.125106
0.130004
0.134802
0.139485
0.144037
0.148444
0.152697
0.156782
0.160686
0.164392
0.167884
0.171145
0.174161
0.176924
0.179427
0.181662
0.183615
0.185274
0.186627
0.187659
0.188357
0.188709
0.188709
0.188354
0.187646
0.186584
0.185165
0.183385
0.181245
0.178746
0.175891
0.172685
0.169131
0.165235
0.161036
0.156569
0.15143
0.145266
-0.0201182
-0.026264
-0.031369
-0.0357668
-0.03986
-0.0436218
-0.0470317
-0.0500961
-0.0528222
-0.0552119
-0.0572623
-0.0589687
-0.0603293
-0.0613444
-0.0620184
-0.0623604
-0.0623818
-0.0620913
-0.0614952
-0.0606014
-0.05942
-0.0579621
-0.0562379
-0.054257
-0.0520315
-0.0495746
-0.0468986
-0.0440153
-0.0409371
-0.0376721
-0.0342205
-0.0305781
-0.0267457
-0.0227338
-0.0185596
-0.0142438
-0.00980635
-0.00526154
-0.000614776
0.00413334
0.00898162
0.0139255
0.0189573
0.024069
0.0292543
0.0345075
0.0398212
0.0451853
0.0505895
0.0560257
0.0614882
0.066972
0.072474
0.0779941
0.0835309
0.0890777
0.0946223
0.100149
0.105638
0.111075
0.116448
0.121749
0.126968
0.132096
0.137118
0.142021
0.146791
0.151417
0.155889
0.160194
0.164315
0.168231
0.171924
0.175378
0.17858
0.181521
0.184194
0.186588
0.18869
0.190486
0.191962
0.193104
0.193895
0.194322
0.194377
0.194061
0.193373
0.19231
0.190868
0.189042
0.186833
0.184243
0.181277
0.177939
0.174233
0.170165
0.165776
0.161097
0.155705
0.149237
-0.0248243
-0.031253
-0.0365868
-0.0411759
-0.0454427
-0.0493615
-0.0529108
-0.0560991
-0.0589321
-0.0614101
-0.0635286
-0.0652827
-0.0666716
-0.067698
-0.0683678
-0.068689
-0.0686712
-0.0683239
-0.0676571
-0.0666824
-0.0654113
-0.0638548
-0.0620225
-0.0599233
-0.0575687
-0.0549735
-0.0521534
-0.0491228
-0.0458936
-0.0424725
-0.0388582
-0.0350469
-0.0310418
-0.0268564
-0.0225093
-0.0180188
-0.0134006
-0.00866679
-0.00382472
0.00112094
0.00616593
0.011305
0.0165316
0.0218402
0.0272265
0.0326855
0.038209
0.0437848
0.0494005
0.0550477
0.0607218
0.0664191
0.0721369
0.0778735
0.0836256
0.0893858
0.0951441
0.100887
0.1066
0.112268
0.117879
0.123421
0.128882
0.134249
0.139508
0.144646
0.14965
0.154511
0.159219
0.163758
0.168109
0.172249
0.176158
0.179821
0.183225
0.18636
0.189217
0.191783
0.194044
0.195987
0.197597
0.198856
0.199747
0.200257
0.20038
0.200114
0.199455
0.198399
0.196938
0.195069
0.192791
0.190111
0.18703
0.183556
0.179692
0.175443
0.170848
0.165946
0.160283
0.153488
-0.0298465
-0.036575
-0.0421483
-0.046937
-0.0513865
-0.0554708
-0.0591673
-0.0624838
-0.0654251
-0.0679904
-0.0701749
-0.0719752
-0.0733921
-0.0744287
-0.0750893
-0.0753802
-0.0753124
-0.0748996
-0.0741557
-0.0730936
-0.0717249
-0.0700599
-0.0681082
-0.0658791
-0.0633852
-0.0606441
-0.057674
-0.0544899
-0.0511013
-0.0475129
-0.0437247
-0.0397362
-0.0355534
-0.0311907
-0.0266654
-0.0219921
-0.0171834
-0.0122511
-0.00720611
-0.00205731
0.00318937
0.00853029
0.0139617
0.0194793
0.0250786
0.0307533
0.036494
0.0422882
0.0481239
0.0539935
0.0598928
0.0658176
0.0717638
0.0777271
0.0837024
0.089683
0.095662
0.10163
0.107576
0.113486
0.119345
0.125138
0.13085
0.136466
0.141973
0.147361
0.152617
0.15773
0.162689
0.167476
0.172068
0.176445
0.180586
0.184476
0.1881
0.191445
0.1945
0.197252
0.199686
0.201789
0.203542
0.204928
0.205929
0.206533
0.206735
0.20653
0.20591
0.204866
0.203392
0.201483
0.19914
0.196368
0.193172
0.189556
0.185524
0.181083
0.176269
0.171126
0.16518
0.158033
-0.0352031
-0.042249
-0.0480762
-0.0530761
-0.0577199
-0.0619788
-0.0658281
-0.069275
-0.0723248
-0.0749768
-0.0772271
-0.0790735
-0.0805164
-0.0815572
-0.0821985
-0.0824483
-0.0823221
-0.0818375
-0.0810096
-0.0798509
-0.0783729
-0.0765863
-0.074502
-0.0721315
-0.0694895
-0.0665949
-0.0634666
-0.0601184
-0.0565581
-0.0527903
-0.0488184
-0.044646
-0.0402804
-0.0357338
-0.0310206
-0.0261535
-0.021145
-0.0160077
-0.0107553
-0.00539876
5.60279e-05
0.00560759
0.0112541
0.0169909
0.0228115
0.0287081
0.0346715
0.0406906
0.0467556
0.05286
0.0589984
0.0651639
0.0713494
0.0775486
0.083756
0.0899672
0.0961786
0.102385
0.108575
0.114736
0.120851
0.126903
0.132874
0.138751
0.144521
0.150173
0.155696
0.161076
0.166299
0.171345
0.176192
0.18082
0.185209
0.189341
0.193202
0.196774
0.200045
0.202999
0.205622
0.207897
0.209805
0.211329
0.212453
0.213167
0.213461
0.213326
0.212752
0.211727
0.210245
0.208302
0.205897
0.203035
0.19972
0.195957
0.19175
0.187103
0.182059
0.176658
0.170409
0.162891
-0.0409186
-0.0483008
-0.0543992
-0.0596243
-0.0644723
-0.0689131
-0.0729193
-0.0764988
-0.0796585
-0.0823981
-0.0847144
-0.0866038
-0.0880655
-0.0891
-0.0897115
-0.0899126
-0.0897223
-0.0891593
-0.0882374
-0.0869691
-0.0853674
-0.0834454
-0.0812161
-0.0786937
-0.0758946
-0.0728372
-0.0695386
-0.0660121
-0.0622658
-0.0583067
-0.0541421
-0.0497783
-0.0452213
-0.04048
-0.0355661
-0.0304933
-0.025276
-0.0199285
-0.0144642
-0.00889371
-0.00322188
0.00255052
0.0084214
0.0143845
0.0204312
0.0265533
0.0327437
0.0389948
0.0452988
0.0516493
0.0580379
0.0644543
0.0708882
0.0773326
0.0837832
0.090238
0.0966962
0.103154
0.1096
0.116021
0.122399
0.128717
0.134959
0.141108
0.147154
0.153084
0.158887
0.164546
0.170043
0.17536
0.180475
0.185369
0.190022
0.194414
0.198527
0.202346
0.205851
0.209027
0.211855
0.214317
0.216395
0.218074
0.219339
0.220177
0.220575
0.22052
0.22
0.219003
0.217521
0.215549
0.213086
0.210135
0.2067
0.202786
0.198396
0.193531
0.188243
0.182571
0.175997
0.168085
-0.0470225
-0.0547623
-0.0611483
-0.0666115
-0.0716721
-0.076301
-0.0804693
-0.0841857
-0.0874575
-0.090285
-0.0926635
-0.0945884
-0.0960584
-0.0970766
-0.0976515
-0.0977989
-0.0975383
-0.0968865
-0.0958568
-0.094464
-0.0927247
-0.0906549
-0.0882696
-0.0855846
-0.0826172
-0.0793838
-0.0758999
-0.0721792
-0.0682332
-0.0640719
-0.0597047
-0.0551379
-0.0503762
-0.0454256
-0.0402974
-0.0350074
-0.0295726
-0.0240077
-0.0183242
-0.0125304
-0.00663068
-0.000627434
0.00547507
0.0116687
0.0179444
0.0242955
0.0307182
0.037208
0.0437591
0.0503631
0.0570087
0.0636823
0.0703724
0.0770721
0.0837785
0.0904915
0.0972112
0.103933
0.110646
0.117336
0.123985
0.130578
0.137099
0.143535
0.149871
0.156093
0.162185
0.168132
0.173916
0.179515
0.184913
0.190088
0.195021
0.199689
0.204075
0.208158
0.211919
0.215335
0.218387
0.221056
0.223325
0.225179
0.226604
0.227581
0.228095
0.228131
0.227675
0.226714
0.22524
0.223246
0.220729
0.217692
0.214138
0.210068
0.205485
0.200395
0.194845
0.188889
0.181973
0.173639
-0.0535448
-0.061663
-0.0683522
-0.0740648
-0.0793482
-0.084173
-0.0885099
-0.0923676
-0.0957522
-0.0986636
-0.101097
-0.103047
-0.104517
-0.105513
-0.106047
-0.106135
-0.105792
-0.105037
-0.103885
-0.102354
-0.100465
-0.0982364
-0.0956842
-0.0928243
-0.0896738
-0.0862482
-0.0825627
-0.0786333
-0.0744752
-0.0701006
-0.065518
-0.0607329
-0.0557492
-0.0505734
-0.0452179
-0.0397001
-0.034038
-0.0282451
-0.0223307
-0.0163017
-0.0101631
-0.00392021
0.00241967
0.00884759
0.0153559
0.0219412
0.0286024
0.0353371
0.0421397
0.0490004
0.0559052
0.0628396
0.0697924
0.0767577
0.0837331
0.0907185
0.0977124
0.10471
0.111699
0.118666
0.125597
0.132476
0.13929
0.146024
0.152663
0.159188
0.165583
0.171829
0.177911
0.183808
0.189503
0.194976
0.200205
0.205169
0.209847
0.214215
0.21825
0.221927
0.225223
0.228122
0.230607
0.232661
0.234263
0.235395
0.236038
0.236177
0.235796
0.234882
0.233424
0.231415
0.228851
0.225731
0.222056
0.217827
0.213044
0.207718
0.201897
0.195638
0.188364
0.179583
-0.060511
-0.0690273
-0.0760356
-0.0820103
-0.0875285
-0.0925587
-0.09707
-0.10107
-0.104565
-0.107553
-0.110033
-0.112002
-0.113467
-0.114437
-0.114923
-0.114938
-0.114499
-0.113624
-0.112336
-0.110656
-0.108606
-0.106207
-0.103476
-0.100427
-0.0970764
-0.093442
-0.0895401
-0.0853896
-0.0810077
-0.0764067
-0.0715934
-0.0665723
-0.061349
-0.0559329
-0.0503382
-0.044582
-0.0386808
-0.0326462
-0.0264868
-0.0202097
-0.0138221
-0.00733209
-0.000748629
0.00591949
0.0126672
0.0194939
0.0264005
0.0333847
0.0404406
0.0475577
0.054722
0.0619197
0.0691415
0.0763821
0.0836383
0.0909076
0.0981863
0.105468
0.112742
0.119998
0.127222
0.134401
0.141521
0.148567
0.155521
0.162362
0.169071
0.175631
0.182026
0.188238
0.194247
0.200035
0.20558
0.210859
0.215847
0.22052
0.22485
0.228809
0.232375
0.235531
0.238258
0.240534
0.242334
0.243637
0.244426
0.244682
0.24439
0.243534
0.242103
0.240089
0.237484
0.234284
0.230488
0.226097
0.22111
0.215536
0.209435
0.202859
0.195203
0.185952
-0.0679448
-0.0768811
-0.0842251
-0.0904765
-0.0962415
-0.101485
-0.106174
-0.110314
-0.113914
-0.116975
-0.119496
-0.121481
-0.122937
-0.123872
-0.124296
-0.124221
-0.123668
-0.122661
-0.121225
-0.119385
-0.117163
-0.11458
-0.111654
-0.108399
-0.104833
-0.100975
-0.0968445
-0.092461
-0.0878421
-0.0829992
-0.0779385
-0.0726648
-0.0671868
-0.0615171
-0.0556713
-0.0496651
-0.0435115
-0.0372206
-0.0308018
-0.0242648
-0.0176193
-0.0108745
-0.00403913
0.00287892
0.00987621
0.0169537
0.0241124
0.0313496
0.0386596
0.046033
0.0534579
0.0609228
0.06842
0.0759437
0.0834891
0.0910507
0.098622
0.106195
0.113764
0.121318
0.128849
0.136343
0.143784
0.151155
0.158435
0.165604
0.172642
0.179533
0.186259
0.192804
0.199147
0.205269
0.211149
0.216762
0.222082
0.227079
0.231724
0.235991
0.239855
0.243297
0.246291
0.248812
0.250831
0.252327
0.25328
0.253673
0.253485
0.252702
0.251311
0.249302
0.246664
0.243389
0.239473
0.234916
0.22972
0.223892
0.217496
0.210593
0.202535
0.192781
-0.0758739
-0.0852559
-0.0929541
-0.099496
-0.105517
-0.11098
-0.115847
-0.120127
-0.12383
-0.12696
-0.129521
-0.131516
-0.132952
-0.133837
-0.13418
-0.133998
-0.133317
-0.132166
-0.13057
-0.128556
-0.126145
-0.123361
-0.120222
-0.116745
-0.112949
-0.108855
-0.104483
-0.0998543
-0.0949829
-0.0898806
-0.0845555
-0.0790153
-0.0732707
-0.067336
-0.0612267
-0.054957
-0.0485375
-0.0419774
-0.0352876
-0.0284807
-0.0215684
-0.0145595
-0.00746139
-0.000280753
0.00697878
0.0143171
0.0217342
0.0292281
0.0367942
0.0444263
0.0521158
0.0598537
0.0676324
0.0754451
0.0832846
0.0911433
0.0990133
0.106887
0.11476
0.122626
0.130476
0.138297
0.146071
0.153778
0.161397
0.168908
0.176291
0.18353
0.190608
0.197506
0.204204
0.210682
0.216916
0.222881
0.228551
0.233893
0.238879
0.243481
0.247673
0.251427
0.254715
0.257504
0.259767
0.26148
0.262623
0.263172
0.263109
0.262417
0.261083
0.259091
0.256427
0.25308
0.249047
0.244324
0.238914
0.232826
0.226124
0.218876
0.210397
0.200111
-0.0843328
-0.0941874
-0.10226
-0.109103
-0.115389
-0.121076
-0.126124
-0.130545
-0.134351
-0.13755
-0.140144
-0.142137
-0.143536
-0.14435
-0.144594
-0.14429
-0.143468
-0.142158
-0.140386
-0.138179
-0.13556
-0.132555
-0.129185
-0.125469
-0.121428
-0.117084
-0.112458
-0.107567
-0.102426
-0.0970469
-0.091442
-0.0856229
-0.0796016
-0.0733911
-0.0670057
-0.0604589
-0.0537611
-0.0469218
-0.0399528
-0.0328679
-0.0256794
-0.0183953
-0.011022
-0.00356579
0.00396806
0.0115768
0.0192591
0.0270145
0.034842
0.0427387
0.0506996
0.0587172
0.0667835
0.0748894
0.083026
0.0911851
0.0993594
0.107543
0.115732
0.123921
0.132102
0.140261
0.148378
0.156433
0.164403
0.17227
0.180016
0.187623
0.195072
0.202345
0.209419
0.216273
0.222881
0.22922
0.23526
0.240971
0.246325
0.251292
0.255839
0.259932
0.263539
0.266626
0.269161
0.27112
0.272477
0.273209
0.273295
0.272717
0.271456
0.269495
0.266815
0.263404
0.259255
0.254367
0.248739
0.242384
0.235368
0.227758
0.218833
0.207985
-0.0933614
-0.103715
-0.11218
-0.119338
-0.125898
-0.131815
-0.13705
-0.141616
-0.145525
-0.148785
-0.151399
-0.153372
-0.154714
-0.155439
-0.155567
-0.155127
-0.154147
-0.152658
-0.150687
-0.148263
-0.145415
-0.142168
-0.138548
-0.134577
-0.130274
-0.125663
-0.120764
-0.115593
-0.110164
-0.104493
-0.0985938
-0.0924835
-0.0861738
-0.0796756
-0.0730017
-0.0661658
-0.0591799
-0.0520541
-0.0447998
-0.0374301
-0.0299559
-0.0223849
-0.0147242
-0.00698153
0.000836078
0.00872356
0.016679
0.024704
0.0328015
0.040972
0.0492126
0.0575168
0.0658754
0.0742782
0.0827152
0.0911789
0.0996638
0.108166
0.116682
0.125206
0.133727
0.142232
0.150701
0.159112
0.167447
0.175686
0.183813
0.191808
0.199649
0.207317
0.214789
0.222039
0.229043
0.235777
0.242213
0.248322
0.254073
0.259433
0.264362
0.268823
0.272779
0.276194
0.279035
0.28127
0.282873
0.283818
0.284081
0.28364
0.282473
0.280558
0.277874
0.274407
0.270147
0.265095
0.259249
0.252617
0.245275
0.237289
0.227892
0.216447
-0.103004
-0.113885
-0.122763
-0.130252
-0.137097
-0.143256
-0.148684
-0.153394
-0.157399
-0.160707
-0.163323
-0.165257
-0.166523
-0.167143
-0.167141
-0.166543
-0.165382
-0.163688
-0.161492
-0.158828
-0.155726
-0.152217
-0.148326
-0.144078
-0.139495
-0.134595
-0.1294
-0.123927
-0.118193
-0.112213
-0.106007
-0.0995913
-0.0929787
-0.0861789
-0.079204
-0.0720688
-0.0647868
-0.0573683
-0.0498232
-0.0421618
-0.0343932
-0.0265256
-0.0185681
-0.010531
-0.00242288
0.00575066
0.0139884
0.022294
0.030673
0.0391282
0.047657
0.0562533
0.0649079
0.0736109
0.082353
0.0911275
0.0999306
0.10876
0.117611
0.126478
0.135347
0.144205
0.153032
0.161809
0.17052
0.179147
0.187672
0.196073
0.204328
0.212412
0.220302
0.22797
0.235394
0.242549
0.24941
0.255948
0.262128
0.267909
0.273249
0.278109
0.282448
0.286227
0.289407
0.291954
0.293838
0.295031
0.295502
0.295226
0.294174
0.292324
0.28965
0.286137
0.281775
0.27656
0.270495
0.263583
0.255899
0.247519
0.237626
0.225546
-0.113312
-0.124752
-0.134066
-0.141904
-0.14905
-0.155458
-0.161081
-0.165929
-0.170019
-0.173359
-0.175961
-0.177838
-0.179013
-0.17951
-0.179355
-0.178574
-0.177203
-0.175275
-0.172828
-0.169898
-0.166519
-0.162722
-0.158536
-0.153987
-0.149097
-0.143884
-0.138368
-0.132571
-0.126512
-0.120208
-0.113677
-0.106939
-0.100006
-0.092889
-0.0856005
-0.0781563
-0.0705704
-0.0628525
-0.0550099
-0.0470499
-0.0389804
-0.0308101
-0.0225503
-0.0142136
-0.00580977
0.00265665
0.0111862
0.019784
0.0284564
0.0372063
0.046031
0.0549242
0.0638783
0.0728853
0.0819383
0.0910316
0.100162
0.109326
0.118519
0.127733
0.136954
0.146169
0.155361
0.164515
0.173614
0.182642
0.191581
0.200406
0.209092
0.217613
0.225942
0.234054
0.241925
0.249533
0.256853
0.263851
0.27049
0.276724
0.282509
0.287803
0.292562
0.296743
0.300301
0.3032
0.305405
0.306883
0.307596
0.307514
0.306605
0.304841
0.302196
0.298651
0.294197
0.288828
0.282539
0.275341
0.267305
0.258509
0.248092
0.235341
-0.124339
-0.136371
-0.14615
-0.154355
-0.161814
-0.168477
-0.174291
-0.179271
-0.183433
-0.186792
-0.189364
-0.191169
-0.192233
-0.192583
-0.192244
-0.19125
-0.189639
-0.187451
-0.184726
-0.181502
-0.177818
-0.173705
-0.169194
-0.164314
-0.159088
-0.153533
-0.147673
-0.141529
-0.135124
-0.128476
-0.121602
-0.114521
-0.107248
-0.0997967
-0.092181
-0.0844171
-0.0765179
-0.0684915
-0.060343
-0.0520779
-0.043703
-0.0352277
-0.0266641
-0.0180252
-0.00932092
-0.000554861
0.00827511
0.0171747
0.0261497
0.035202
0.0443288
0.0535242
0.0627825
0.0720991
0.0814697
0.09089
0.100356
0.109861
0.1194
0.128964
0.13854
0.148118
0.157683
0.167223
0.176724
0.186167
0.195532
0.204796
0.213931
0.222908
0.2317
0.240283
0.248633
0.256728
0.26454
0.272032
0.279163
0.285885
0.292152
0.29792
0.30314
0.307763
0.311742
0.315037
0.317608
0.31941
0.320403
0.320548
0.319812
0.318162
0.31557
0.312013
0.307479
0.301962
0.295453
0.287958
0.279558
0.270328
0.259355
0.245889
-0.136142
-0.148804
-0.159073
-0.167662
-0.175445
-0.182365
-0.188368
-0.193472
-0.197696
-0.201061
-0.203587
-0.205299
-0.206226
-0.206396
-0.205843
-0.204604
-0.202724
-0.200247
-0.197215
-0.193667
-0.189644
-0.185182
-0.180314
-0.17507
-0.169476
-0.163553
-0.157323
-0.15081
-0.144036
-0.13702
-0.129779
-0.122334
-0.114701
-0.106898
-0.0989395
-0.0908425
-0.0826177
-0.0742713
-0.0658074
-0.0572308
-0.0485477
-0.0397668
-0.0308994
-0.0219569
-0.0129479
-0.00387599
0.00526122
0.014469
0.0237518
0.033111
0.0425442
0.052047
0.0616162
0.0712496
0.0809451
0.0906991
0.100506
0.110357
0.120246
0.130163
0.1401
0.150047
0.159995
0.169932
0.179844
0.189713
0.199519
0.209235
0.218834
0.228288
0.237569
0.246653
0.255516
0.264133
0.272471
0.280493
0.288152
0.295401
0.302193
0.308476
0.3142
0.319311
0.32376
0.327499
0.330479
0.33265
0.333963
0.334375
0.333848
0.332345
0.329833
0.326288
0.321691
0.316034
0.309308
0.301512
0.29273
0.283046
0.271487
0.257262
-0.14878
-0.162111
-0.172897
-0.181886
-0.190001
-0.197183
-0.203375
-0.208598
-0.212874
-0.216229
-0.218686
-0.220277
-0.221032
-0.220989
-0.220189
-0.218674
-0.216495
-0.213697
-0.210322
-0.206413
-0.202014
-0.197167
-0.191906
-0.186265
-0.180273
-0.173952
-0.167326
-0.160418
-0.153249
-0.145839
-0.138207
-0.130375
-0.122364
-0.11419
-0.105873
-0.0974265
-0.0888609
-0.0801816
-0.0713924
-0.0624978
-0.0535027
-0.0444144
-0.035242
-0.0259941
-0.0166774
-0.00729526
0.00215334
0.0116722
0.0212648
0.0309325
0.0406745
0.0504893
0.0603758
0.0703334
0.0803603
0.0904523
0.100602
0.110802
0.121044
0.13132
0.141624
0.151951
0.162292
0.172635
0.182967
0.193273
0.20353
0.213713
0.223795
0.233748
0.243545
0.253161
0.26257
0.271743
0.280644
0.289231
0.29746
0.305281
0.31264
0.319485
0.32576
0.331412
0.336383
0.340617
0.344056
0.346642
0.348322
0.349047
0.348771
0.347454
0.345057
0.34155
0.336912
0.331127
0.324184
0.316083
0.306908
0.296746
0.284567
0.269538
-0.162314
-0.176356
-0.187687
-0.197094
-0.205554
-0.213004
-0.219386
-0.224719
-0.229033
-0.232354
-0.234713
-0.236145
-0.236694
-0.236404
-0.235323
-0.2335
-0.230983
-0.227823
-0.224063
-0.219752
-0.214937
-0.209666
-0.203976
-0.197904
-0.191481
-0.184732
-0.177681
-0.170349
-0.162758
-0.154928
-0.146882
-0.138643
-0.130234
-0.121673
-0.112978
-0.104163
-0.0952409
-0.0862152
-0.0770905
-0.0678704
-0.058558
-0.0491579
-0.0396763
-0.0301197
-0.020493
-0.0107992
-0.00103835
0.00879186
0.0186943
0.0286712
0.0387238
0.0488535
0.0590618
0.0693483
0.0797101
0.0901418
0.100636
0.111185
0.121783
0.132425
0.143106
0.153823
0.164566
0.175324
0.186086
0.196836
0.207556
0.21822
0.228804
0.239281
0.249621
0.2598
0.269787
0.27955
0.28905
0.298245
0.307087
0.315525
0.3235
0.330957
0.33784
0.344087
0.349636
0.354418
0.35837
0.361428
0.363528
0.364617
0.364643
0.363556
0.361313
0.357877
0.35322
0.347325
0.340172
0.33176
0.32218
0.311519
0.298686
0.282799
-0.176814
-0.191613
-0.20352
-0.213367
-0.222187
-0.229912
-0.236478
-0.241909
-0.246236
-0.249493
-0.251719
-0.252958
-0.253263
-0.252688
-0.251287
-0.24911
-0.246209
-0.242637
-0.238447
-0.233689
-0.228416
-0.22268
-0.216523
-0.209985
-0.203096
-0.195884
-0.188375
-0.180589
-0.172548
-0.164274
-0.155792
-0.147128
-0.138303
-0.129336
-0.120245
-0.111046
-0.101751
-0.0923661
-0.0828953
-0.0733408
-0.0637034
-0.0539843
-0.0441872
-0.0343171
-0.0243784
-0.0143733
-0.00430181
0.00583831
0.0160504
0.0263375
0.0367028
0.0471498
0.0576812
0.0682969
0.078993
0.0897635
0.100602
0.111503
0.122461
0.133476
0.144543
0.155657
0.166811
0.177992
0.189192
0.200397
0.211591
0.222753
0.233858
0.24488
0.255791
0.266561
0.277157
0.287545
0.297683
0.307527
0.317029
0.326132
0.334776
0.342903
0.350452
0.357356
0.36354
0.368931
0.373458
0.377047
0.37963
0.381143
0.381526
0.380721
0.378678
0.375351
0.370705
0.364718
0.357367
0.348643
0.338645
0.327464
0.313941
0.297142
-0.192364
-0.207972
-0.220493
-0.230803
-0.239995
-0.247995
-0.254737
-0.260244
-0.264557
-0.267716
-0.269772
-0.270779
-0.270799
-0.269893
-0.268119
-0.265533
-0.262192
-0.258155
-0.253482
-0.24823
-0.242455
-0.23621
-0.229544
-0.222497
-0.215104
-0.207392
-0.199388
-0.191116
-0.182599
-0.173858
-0.164921
-0.155812
-0.146554
-0.137165
-0.127663
-0.118064
-0.108382
-0.0986258
-0.0887979
-0.0788985
-0.0689262
-0.0588797
-0.0487601
-0.0385715
-0.0283183
-0.0180022
-0.00762178
0.00282657
0.0133479
0.0239468
0.0346269
0.045392
0.0562452
0.0671865
0.0782126
0.0893186
0.1005
0.111755
0.123081
0.134475
0.145934
0.157452
0.169022
0.180633
0.19228
0.203951
0.215633
0.227308
0.238953
0.250543
0.262047
0.273434
0.284669
0.295716
0.306531
0.317069
0.327278
0.337098
0.346469
0.355329
0.363608
0.37123
0.378115
0.384183
0.389354
0.393546
0.39668
0.398684
0.399488
0.399026
0.397234
0.394061
0.389463
0.383408
0.375871
0.366841
0.356415
0.344692
0.33044
0.312673
-0.209065
-0.225538
-0.238711
-0.249507
-0.259079
-0.267351
-0.274253
-0.279814
-0.284082
-0.287109
-0.288954
-0.289684
-0.289367
-0.28807
-0.285858
-0.282798
-0.278955
-0.274396
-0.269187
-0.263389
-0.25706
-0.250257
-0.243032
-0.235431
-0.227489
-0.219235
-0.210699
-0.201908
-0.192887
-0.183657
-0.174243
-0.164671
-0.154963
-0.145135
-0.135208
-0.125198
-0.115119
-0.10498
-0.0947831
-0.0845276
-0.0742099
-0.0638272
-0.0533791
-0.0428682
-0.0322982
-0.02167
-0.0109809
-0.0002246
0.0106061
0.021517
0.0325117
0.0435931
0.0547639
0.0660249
0.077375
0.0888125
0.100337
0.111947
0.123643
0.13542
0.147274
0.159199
0.171189
0.183238
0.195339
0.207487
0.219671
0.231875
0.244079
0.256255
0.268374
0.280403
0.292307
0.304046
0.315578
0.326855
0.337822
0.348418
0.358578
0.368234
0.377309
0.385719
0.393379
0.400199
0.406092
0.410964
0.414729
0.417301
0.4186
0.418547
0.417069
0.414101
0.409594
0.403506
0.395802
0.386469
0.37561
0.363325
0.348304
0.329506
-0.227023
-0.244423
-0.258288
-0.269589
-0.279548
-0.288086
-0.295132
-0.300722
-0.304913
-0.307766
-0.309352
-0.309746
-0.309025
-0.307265
-0.304543
-0.300939
-0.296529
-0.291385
-0.285579
-0.279175
-0.272235
-0.264817
-0.256979
-0.24877
-0.24023
-0.231391
-0.222285
-0.212941
-0.203386
-0.19364
-0.183728
-0.173673
-0.163496
-0.153217
-0.142854
-0.132423
-0.121938
-0.111405
-0.100829
-0.0902069
-0.0795343
-0.068808
-0.0580267
-0.0471911
-0.0363029
-0.0253613
-0.0143616
-0.00329575
0.00784485
0.0190663
0.0303719
0.0417641
0.0532455
0.0648192
0.0764876
0.088253
0.100117
0.112082
0.124146
0.136305
0.148553
0.160887
0.173302
0.185793
0.198359
0.210995
0.223693
0.236441
0.249219
0.262
0.274755
0.28745
0.30005
0.312518
0.324808
0.336871
0.34865
0.360082
0.371096
0.381616
0.391557
0.400832
0.409348
0.417006
0.423707
0.429349
0.433832
0.437059
0.438937
0.439372
0.438278
0.43558
0.431213
0.42513
0.417287
0.407663
0.396366
0.383499
0.367668
0.347771
-0.246356
-0.264748
-0.279346
-0.291172
-0.301525
-0.310323
-0.317493
-0.323082
-0.327156
-0.329784
-0.331048
-0.331033
-0.329829
-0.327527
-0.324218
-0.319997
-0.314947
-0.309147
-0.302673
-0.295594
-0.287976
-0.279881
-0.27137
-0.262498
-0.25331
-0.24384
-0.234123
-0.224189
-0.214065
-0.203775
-0.193339
-0.18278
-0.172119
-0.161374
-0.150564
-0.139704
-0.128805
-0.117872
-0.106908
-0.0959111
-0.0848769
-0.0738016
-0.0626834
-0.0515214
-0.0403142
-0.029058
-0.0177458
-0.00636853
0.00508209
0.0166113
0.0282219
0.0399166
0.0517005
0.06358
0.0755618
0.0876513
0.0998521
0.112166
0.124592
0.137126
0.149766
0.162508
0.175349
0.188289
0.201327
0.214461
0.227686
0.240991
0.254358
0.267761
0.28117
0.294555
0.307882
0.321113
0.334203
0.347101
0.35975
0.372079
0.384013
0.395467
0.406354
0.416579
0.42604
0.434629
0.442236
0.448747
0.454049
0.45803
0.460581
0.461594
0.460967
0.458611
0.454448
0.448417
0.440468
0.430572
0.418836
0.405366
0.38868
0.36761
-0.267191
-0.28665
-0.302025
-0.314399
-0.325152
-0.334201
-0.341473
-0.347022
-0.350923
-0.35326
-0.354124
-0.353616
-0.351843
-0.348914
-0.344936
-0.340013
-0.33424
-0.327703
-0.320479
-0.312646
-0.304276
-0.295436
-0.28619
-0.276598
-0.266708
-0.25656
-0.246188
-0.235624
-0.224895
-0.214025
-0.203038
-0.191954
-0.180793
-0.16957
-0.158303
-0.147004
-0.135682
-0.124343
-0.112986
-0.10161
-0.0902113
-0.0787845
-0.0673273
-0.0558372
-0.04431
-0.0327386
-0.0211135
-0.00942548
0.00233274
0.0141649
0.0260735
0.0380634
0.0501429
0.0623225
0.0746124
0.0870203
0.0995505
0.112205
0.124984
0.137887
0.150912
0.164059
0.177328
0.19072
0.204236
0.217876
0.231638
0.245512
0.259481
0.273519
0.287602
0.301701
0.315785
0.329817
0.34375
0.357535
0.371109
0.384398
0.397318
0.409783
0.421701
0.432967
0.443471
0.453094
0.461715
0.469207
0.475441
0.480288
0.483621
0.485315
0.485251
0.483322
0.479437
0.47352
0.465507
0.45536
0.443187
0.429095
0.411505
0.389181
-0.289675
-0.310283
-0.326488
-0.339435
-0.350593
-0.359877
-0.367214
-0.372669
-0.37633
-0.378294
-0.37867
-0.377577
-0.375142
-0.371491
-0.366748
-0.361027
-0.354433
-0.34706
-0.338996
-0.330323
-0.321122
-0.311464
-0.301419
-0.291047
-0.280401
-0.269523
-0.258449
-0.247212
-0.235838
-0.224355
-0.212787
-0.201156
-0.189476
-0.177763
-0.166028
-0.15428
-0.142529
-0.130777
-0.119025
-0.10727
-0.0955063
-0.083729
-0.071933
-0.0601143
-0.0482667
-0.0363808
-0.0244457
-0.0124516
-0.000392575
0.0117348
0.0239341
0.0362129
0.0485831
0.0610583
0.0736502
0.0863677
0.0992165
0.1122
0.125322
0.138584
0.151989
0.165538
0.179233
0.193078
0.207077
0.22123
0.235537
0.249989
0.26457
0.279259
0.294035
0.308874
0.323746
0.338614
0.353436
0.368156
0.382712
0.397022
0.411002
0.42456
0.437598
0.450004
0.461657
0.472428
0.482184
0.490781
0.498073
0.503912
0.508151
0.510646
0.511257
0.509858
0.506339
0.500607
0.492583
0.482214
0.469609
0.454876
0.43633
0.412666
-0.313972
-0.335824
-0.352917
-0.366461
-0.378021
-0.387513
-0.394868
-0.400163
-0.403501
-0.404998
-0.404787
-0.403005
-0.399801
-0.395319
-0.389696
-0.383061
-0.375533
-0.367217
-0.358211
-0.348607
-0.33849
-0.327938
-0.317024
-0.305812
-0.294353
-0.282691
-0.270865
-0.258909
-0.246853
-0.234724
-0.222548
-0.210345
-0.198129
-0.185909
-0.173694
-0.16149
-0.149302
-0.137135
-0.124986
-0.112853
-0.100727
-0.0886026
-0.0764714
-0.0643271
-0.0521618
-0.0399654
-0.0277265
-0.0154356
-0.00308601
0.00932673
0.0218087
0.0343704
0.0470264
0.0597916
0.0726777
0.0856943
0.0988492
0.11215
0.125604
0.139217
0.152994
0.166939
0.181058
0.195356
0.209839
0.224509
0.239365
0.254401
0.269605
0.28496
0.30045
0.316054
0.331745
0.347488
0.36324
0.378946
0.394538
0.409936
0.425051
0.439789
0.454044
0.467694
0.480612
0.492658
0.50368
0.51352
0.522012
0.528985
0.534274
0.537707
0.539125
0.538378
0.53533
0.529869
0.521896
0.511344
0.498317
0.482925
0.463369
0.438267
-0.34027
-0.363471
-0.381511
-0.395673
-0.407627
-0.417292
-0.424604
-0.429658
-0.432578
-0.433502
-0.432587
-0.429995
-0.425892
-0.420444
-0.413807
-0.406127
-0.397537
-0.388158
-0.378102
-0.367467
-0.356344
-0.344816
-0.332959
-0.320839
-0.308507
-0.296007
-0.28338
-0.270663
-0.257888
-0.245085
-0.232276
-0.219479
-0.206706
-0.193963
-0.181255
-0.168587
-0.15596
-0.143376
-0.130832
-0.118321
-0.105837
-0.0933693
-0.0809084
-0.0684452
-0.05597
-0.0434721
-0.0309402
-0.0183644
-0.00573609
0.00695185
0.0197082
0.0325456
0.04548
0.0585263
0.0716962
0.0850002
0.0984494
0.112056
0.125831
0.139785
0.153925
0.16826
0.182798
0.197546
0.212511
0.227698
0.243104
0.258729
0.274565
0.290602
0.306826
0.32322
0.33976
0.356414
0.373138
0.389877
0.406564
0.423118
0.439448
0.455455
0.471026
0.486037
0.500347
0.513802
0.526237
0.537473
0.547323
0.555595
0.562096
0.56663
0.569008
0.569052
0.566601
0.561516
0.553673
0.542986
0.529555
0.513486
0.492861
0.466213
-0.368777
-0.393446
-0.412499
-0.427298
-0.439634
-0.449427
-0.456623
-0.461341
-0.463728
-0.46395
-0.46219
-0.458637
-0.453479
-0.446907
-0.4391
-0.430227
-0.420436
-0.409866
-0.398638
-0.386862
-0.374635
-0.362042
-0.349162
-0.336061
-0.322793
-0.309401
-0.295928
-0.282411
-0.268887
-0.255381
-0.241916
-0.228505
-0.215157
-0.201876
-0.188665
-0.175526
-0.162458
-0.149458
-0.13652
-0.123636
-0.110797
-0.0979905
-0.0852064
-0.0724334
-0.05966
-0.0468743
-0.034064
-0.0212173
-0.00832256
0.00463054
0.0176525
0.0307565
0.0439584
0.0572732
0.0707138
0.0842928
0.0980251
0.111926
0.126012
0.140296
0.154789
0.169505
0.184454
0.199645
0.215087
0.230784
0.246739
0.262956
0.279433
0.296165
0.313141
0.330348
0.347765
0.365362
0.383098
0.400919
0.418759
0.436537
0.454163
0.471533
0.488531
0.505023
0.520861
0.535874
0.54988
0.562682
0.57407
0.583827
0.591728
0.597548
0.601066
0.602071
0.600367
0.595783
0.588167
0.577407
0.563596
0.546838
0.52508
0.496767
-0.399734
-0.426007
-0.446148
-0.461604
-0.474301
-0.484169
-0.491161
-0.495424
-0.497137
-0.496497
-0.493717
-0.489019
-0.482622
-0.474744
-0.465594
-0.455362
-0.444217
-0.43231
-0.419778
-0.40674
-0.393299
-0.379544
-0.365555
-0.351398
-0.337129
-0.322793
-0.308432
-0.294083
-0.27978
-0.265548
-0.251405
-0.237363
-0.223426
-0.209597
-0.195876
-0.182261
-0.16875
-0.155334
-0.142006
-0.128754
-0.115565
-0.102427
-0.0893286
-0.0762567
-0.063199
-0.0501414
-0.037069
-0.0239665
-0.0108187
0.00238733
0.015663
0.0290207
0.0424759
0.0560444
0.0697415
0.0835829
0.0975863
0.111771
0.126156
0.140758
0.155594
0.170679
0.186027
0.20165
0.217556
0.233755
0.250255
0.267066
0.284191
0.301627
0.319369
0.337407
0.355725
0.374296
0.393082
0.412032
0.431082
0.450156
0.469161
0.487992
0.50653
0.524635
0.542143
0.558874
0.574628
0.589187
0.602315
0.613766
0.623283
0.630606
0.635476
0.63764
0.636863
0.632933
0.625663
0.614912
0.600758
0.583303
0.560342
0.530228
-0.433418
-0.461456
-0.482772
-0.498907
-0.511939
-0.521808
-0.528482
-0.532139
-0.533
-0.531297
-0.527284
-0.521225
-0.513376
-0.503988
-0.493298
-0.481522
-0.46885
-0.455447
-0.441464
-0.427031
-0.412257
-0.397235
-0.382046
-0.366758
-0.351425
-0.336094
-0.320807
-0.305595
-0.290488
-0.275508
-0.260669
-0.245981
-0.231447
-0.217065
-0.202832
-0.188742
-0.174787
-0.160958
-0.147244
-0.133629
-0.1201
-0.106642
-0.0932404
-0.0798837
-0.0665571
-0.0532437
-0.0399249
-0.0265817
-0.0131961
0.000246845
0.0137587
0.027352
0.041043
0.0548494
0.0687885
0.0828789
0.0971404
0.111595
0.126266
0.141173
0.156339
0.171779
0.187511
0.203549
0.219906
0.236597
0.253638
0.271041
0.288815
0.30696
0.325477
0.344361
0.363601
0.383173
0.403042
0.423166
0.443485
0.463925
0.484394
0.504789
0.524987
0.544839
0.564172
0.582795
0.60049
0.617016
0.632112
0.645496
0.656879
0.665957
0.672426
0.675985
0.67635
0.673262
0.666489
0.65585
0.641408
0.623252
0.599015
0.566944
-0.470161
-0.500152
-0.522742
-0.539577
-0.552902
-0.562671
-0.568875
-0.571735
-0.571518
-0.56851
-0.563014
-0.555342
-0.545796
-0.534663
-0.522211
-0.508683
-0.494288
-0.479211
-0.463617
-0.447645
-0.431413
-0.415016
-0.398535
-0.382039
-0.365583
-0.34921
-0.332957
-0.316853
-0.300919
-0.285172
-0.269625
-0.254283
-0.239148
-0.224214
-0.209471
-0.194909
-0.180517
-0.166281
-0.152187
-0.138219
-0.12436
-0.110594
-0.096906
-0.0832808
-0.069702
-0.0561488
-0.0425989
-0.0290306
-0.0154242
-0.00176415
0.0119621
0.0257693
0.039676
0.0537022
0.0678675
0.0821918
0.0966971
0.111408
0.126349
0.141548
0.157026
0.172804
0.1889
0.205334
0.222127
0.2393
0.256872
0.274861
0.293279
0.312134
0.33143
0.35117
0.371346
0.39194
0.412926
0.434267
0.45591
0.477786
0.499806
0.521868
0.543847
0.565588
0.586912
0.607615
0.627462
0.646189
0.663505
0.679097
0.692631
0.703756
0.712116
0.717351
0.71912
0.717105
0.711016
0.700624
0.685967
0.667117
0.641522
0.607313
-0.510357
-0.542521
-0.566498
-0.584043
-0.597593
-0.607126
-0.612663
-0.614482
-0.612914
-0.60831
-0.601035
-0.591459
-0.579931
-0.566781
-0.552311
-0.536791
-0.520458
-0.503514
-0.486138
-0.468478
-0.450658
-0.432775
-0.414912
-0.397135
-0.379496
-0.362034
-0.344779
-0.327753
-0.310971
-0.294446
-0.278184
-0.262188
-0.246454
-0.230971
-0.215725
-0.2007
-0.185879
-0.171247
-0.156786
-0.142478
-0.128304
-0.114246
-0.100287
-0.0864108
-0.0725964
-0.0588197
-0.0450552
-0.0312796
-0.0174727
-0.0036181
0.0102992
0.0242974
0.0383985
0.0526249
0.0669976
0.0815381
0.0962699
0.11122
0.126416
0.141888
0.157658
0.173751
0.190191
0.207003
0.224215
0.241854
0.259943
0.278506
0.297559
0.317117
0.337192
0.35779
0.37891
0.400544
0.422674
0.445272
0.468292
0.49167
0.515326
0.539159
0.563042
0.58682
0.61031
0.633294
0.655522
0.676708
0.69653
0.714639
0.730652
0.744165
0.754758
0.762007
0.765496
0.764836
0.759667
0.749695
0.734923
0.715397
0.688352
0.651795
-0.55447
-0.589066
-0.61455
-0.632801
-0.646478
-0.655592
-0.660212
-0.66069
-0.657439
-0.65089
-0.641484
-0.629656
-0.615812
-0.600328
-0.583546
-0.56577
-0.547262
-0.528245
-0.508907
-0.489405
-0.469865
-0.450389
-0.431054
-0.411925
-0.393046
-0.374451
-0.356159
-0.338185
-0.32054
-0.303229
-0.286253
-0.269608
-0.253283
-0.237261
-0.221522
-0.206046
-0.190812
-0.175801
-0.160992
-0.146362
-0.131892
-0.117561
-0.103351
-0.0892405
-0.075207
-0.0612235
-0.0472631
-0.0333019
-0.0193185
-0.00529412
0.00879011
0.0229566
0.0372305
0.0516357
0.0661947
0.0809306
0.0958692
0.111039
0.12647
0.142192
0.158231
0.174616
0.191377
0.208548
0.226161
0.244246
0.262834
0.281952
0.301625
0.321876
0.34272
0.364171
0.386239
0.408925
0.432222
0.45611
0.480554
0.505498
0.530869
0.556573
0.582486
0.608455
0.634293
0.659772
0.684631
0.708559
0.731207
0.752181
0.771048
0.787344
0.800577
0.810242
0.815837
0.816882
0.812928
0.8036
0.788846
0.768677
0.740081
0.700929
-0.603041
-0.640381
-0.667505
-0.686439
-0.700104
-0.70856
-0.711945
-0.710709
-0.705368
-0.69645
-0.684489
-0.669994
-0.65344
-0.635259
-0.615836
-0.595511
-0.574574
-0.553264
-0.531778
-0.510278
-0.488889
-0.467711
-0.44682
-0.426271
-0.4061
-0.386331
-0.366974
-0.348035
-0.329517
-0.31142
-0.293736
-0.276453
-0.259551
-0.243005
-0.226791
-0.210883
-0.195258
-0.179891
-0.164757
-0.149831
-0.135089
-0.120509
-0.106068
-0.091744
-0.0775103
-0.0633394
-0.0492048
-0.0350822
-0.020948
-0.00677922
0.00744782
0.0217593
0.0361828
0.0507436
0.0654658
0.0803748
0.0954979
0.110864
0.126505
0.142452
0.158736
0.17539
0.192452
0.209959
0.227949
0.246458
0.26552
0.285172
0.305446
0.326369
0.347966
0.370261
0.393273
0.417018
0.441497
0.466701
0.492607
0.519173
0.546335
0.574008
0.602076
0.63039
0.658763
0.686966
0.714722
0.741704
0.767529
0.791761
0.813914
0.833453
0.849805
0.86237
0.87054
0.873726
0.87136
0.862963
0.848409
0.827652
0.797394
0.75535
-0.656723
-0.697179
-0.726094
-0.745665
-0.759125
-0.76661
-0.768352
-0.764932
-0.756994
-0.745188
-0.730156
-0.712503
-0.692782
-0.671489
-0.64906
-0.625871
-0.602232
-0.578398
-0.554573
-0.530917
-0.507551
-0.484571
-0.462043
-0.440013
-0.418505
-0.397531
-0.37709
-0.357179
-0.337791
-0.318916
-0.300536
-0.28263
-0.26517
-0.248124
-0.23146
-0.215148
-0.199159
-0.183464
-0.168034
-0.152841
-0.137856
-0.123055
-0.10841
-0.0938956
-0.0794855
-0.0651519
-0.0508688
-0.0366106
-0.0223507
-0.00806153
0.00628473
0.0207172
0.0352652
0.0499563
0.0648169
0.0798742
0.0951562
0.110693
0.126516
0.142661
0.159165
0.176064
0.193402
0.211221
0.229561
0.248466
0.267976
0.288135
0.308981
0.330551
0.352879
0.376001
0.39995
0.424749
0.450415
0.476952
0.504351
0.532585
0.561604
0.591336
0.621678
0.652491
0.683594
0.714758
0.745698
0.776069
0.80546
0.833392
0.859322
0.882639
0.902677
0.918724
0.930046
0.935911
0.935609
0.928515
0.914405
0.893148
0.861107
0.815818
-0.716315
-0.760343
-0.791218
-0.811337
-0.824326
-0.830422
-0.829993
-0.823787
-0.812616
-0.797284
-0.778565
-0.757176
-0.733764
-0.708895
-0.683059
-0.656661
-0.630032
-0.603434
-0.577072
-0.551103
-0.525639
-0.500764
-0.476531
-0.452971
-0.430093
-0.407895
-0.386366
-0.365489
-0.345244
-0.325608
-0.306553
-0.288047
-0.270054
-0.252536
-0.235454
-0.218772
-0.202454
-0.186467
-0.170775
-0.155348
-0.140153
-0.12516
-0.110341
-0.095666
-0.0811093
-0.066643
-0.0522405
-0.0378741
-0.0235132
-0.0091271
0.00531465
0.019843
0.0344896
0.0492844
0.0642562
0.0794334
0.0948446
0.110521
0.126498
0.142815
0.159511
0.17663
0.194217
0.212316
0.230977
0.250245
0.270171
0.290803
0.312188
0.334372
0.357403
0.381329
0.406194
0.432035
0.458882
0.486756
0.515666
0.545603
0.576533
0.608405
0.641135
0.674596
0.708622
0.742989
0.777412
0.811533
0.844914
0.877042
0.907309
0.935025
0.959419
0.97965
0.994829
1.00405
1.00642
1.00111
0.987777
0.966157
0.932203
0.883243
-0.782806
-0.830965
-0.863987
-0.884508
-0.896642
-0.900786
-0.897491
-0.88773
-0.872533
-0.852894
-0.829751
-0.803956
-0.776258
-0.747298
-0.717613
-0.687638
-0.657714
-0.628105
-0.599011
-0.570577
-0.542904
-0.516054
-0.490063
-0.46494
-0.440677
-0.417256
-0.394648
-0.372824
-0.351747
-0.331379
-0.311681
-0.292608
-0.274118
-0.256165
-0.238703
-0.22169
-0.205083
-0.188843
-0.17293
-0.157307
-0.141939
-0.126791
-0.111831
-0.0970304
-0.0823614
-0.0677959
-0.0533049
-0.038858
-0.024422
-0.00996409
0.00454753
0.0191456
0.0338637
0.0487341
0.0637874
0.079053
0.094561
0.110346
0.126447
0.142906
0.159767
0.177075
0.194877
0.213225
0.23217
0.251767
0.272069
0.293134
0.315018
0.33778
0.361478
0.386174
0.411924
0.43878
0.466788
0.495991
0.526415
0.558072
0.590954
0.625034
0.66025
0.6965
0.733637
0.771452
0.809665
0.847916
0.885751
0.922619
0.957859
0.990694
1.02024
1.0455
1.0654
1.07883
1.08464
1.08177
1.06966
1.04789
1.01188
0.958733
-0.857436
-0.910415
-0.945777
-0.966455
-0.977187
-0.978611
-0.971535
-0.957236
-0.937023
-0.912129
-0.883693
-0.852718
-0.820061
-0.786437
-0.752425
-0.71848
-0.684947
-0.652082
-0.620071
-0.589037
-0.559059
-0.530175
-0.502391
-0.475695
-0.450055
-0.425431
-0.401775
-0.379038
-0.357167
-0.336109
-0.31581
-0.296218
-0.277278
-0.258937
-0.241143
-0.223844
-0.206993
-0.190544
-0.174453
-0.158678
-0.143179
-0.127917
-0.112858
-0.0979716
-0.083229
-0.0685994
-0.0540515
-0.0395527
-0.0250691
-0.0105668
0.00398709
0.0186271
0.0333881
0.048304
0.0634066
0.0787274
0.0942995
0.110161
0.126355
0.142926
0.159918
0.17738
0.195362
0.21392
0.233111
0.252994
0.273628
0.295081
0.317419
0.340713
0.365033
0.390453
0.417045
0.444876
0.474014
0.504518
0.536439
0.569816
0.604671
0.641005
0.678789
0.717952
0.758374
0.799873
0.842187
0.884964
0.927747
0.969958
1.01088
1.04967
1.0853
1.11661
1.14231
1.16101
1.17127
1.1717
1.16145
1.13984
1.10165
1.04367
-0.94177
-1.00042
-1.0383
-1.05874
-1.06729
-1.06494
-1.05288
-1.03279
-1.00633
-0.975036
-0.940278
-0.90323
-0.864859
-0.825943
-0.787095
-0.748776
-0.711323
-0.674972
-0.639879
-0.606136
-0.573785
-0.542831
-0.513249
-0.484995
-0.458009
-0.432226
-0.407573
-0.383977
-0.361368
-0.339676
-0.318836
-0.298783
-0.279453
-0.260783
-0.242712
-0.225182
-0.208138
-0.19153
-0.175309
-0.159428
-0.143844
-0.128514
-0.113402
-0.0984744
-0.0836992
-0.0690426
-0.0544715
-0.0399524
-0.0254513
-0.0109343
0.00363246
0.0182846
0.0330579
0.0479869
0.0631056
0.0784485
0.0940526
0.109959
0.126213
0.14286
0.159947
0.177524
0.195646
0.214373
0.233764
0.253884
0.274802
0.296592
0.319333
0.343105
0.367991
0.394078
0.421454
0.450206
0.48042
0.512178
0.545559
0.580633
0.617457
0.656067
0.696473
0.738646
0.782507
0.827909
0.874627
0.922332
0.970581
1.01879
1.0662
1.11188
1.15469
1.19327
1.2261
1.25144
1.26746
1.27234
1.26483
1.24386
1.20338
1.13977
-1.03782
-1.1032
-1.14375
-1.16331
-1.16855
-1.16099
-1.14235
-1.11485
-1.08062
-1.04154
-0.99926
-0.955116
-0.910189
-0.865309
-0.8211
-0.77801
-0.736347
-0.696309
-0.658006
-0.62148
-0.586727
-0.553707
-0.522354
-0.492587
-0.464315
-0.43744
-0.411862
-0.387484
-0.364213
-0.341965
-0.320659
-0.300219
-0.28057
-0.261638
-0.243355
-0.225654
-0.208476
-0.191764
-0.175466
-0.159531
-0.143912
-0.128563
-0.113445
-0.0985214
-0.0837552
-0.0691106
-0.054553
-0.0400488
-0.0255641
-0.0110654
0.00348205
0.0181141
0.0328666
0.0477751
0.0628764
0.0782085
0.0938117
0.109729
0.126007
0.142692
0.159832
0.177482
0.1957
0.214546
0.234088
0.254393
0.27554
0.297611
0.320694
0.344879
0.370263
0.396947
0.425036
0.454635
0.485851
0.518794
0.553574
0.590294
0.629051
0.669924
0.712972
0.758217
0.805633
0.855129
0.90653
0.95956
1.0138
1.0687
1.12347
1.17712
1.22839
1.27573
1.3173
1.35102
1.37452
1.38542
1.38189
1.36231
1.31949
1.24925
-1.14824
-1.22167
-1.26492
-1.2826
-1.28289
-1.26813
-1.2408
-1.20383
-1.15993
-1.11141
-1.0602
-1.00781
-0.955416
-0.903872
-0.853784
-0.805556
-0.759438
-0.71556
-0.673967
-0.634636
-0.5975
-0.562461
-0.529407
-0.498212
-0.468745
-0.440874
-0.414468
-0.389405
-0.365571
-0.342863
-0.321185
-0.300447
-0.280563
-0.261447
-0.243024
-0.22522
-0.207972
-0.191217
-0.1749
-0.158967
-0.143366
-0.12805
-0.112974
-0.0980989
-0.0833837
-0.0687913
-0.0542866
-0.0398358
-0.025405
-0.0109607
0.00353194
0.0181087
0.0328057
0.0476598
0.0627103
0.0779984
0.0935663
0.109458
0.12572
0.1424
0.15955
0.177226
0.195489
0.214403
0.23404
0.254474
0.275789
0.298076
0.32143
0.345954
0.371756
0.398952
0.427664
0.458017
0.490141
0.524175
0.560261
0.598543
0.639158
0.682241
0.727905
0.776234
0.827274
0.881005
0.937331
0.996048
1.05681
1.11911
1.18217
1.24499
1.3062
1.36405
1.41639
1.46067
1.49392
1.51298
1.51522
1.49819
1.45309
1.37496
-1.27656
-1.35972
-1.40551
-1.41967
-1.41262
-1.3879
-1.34906
-1.29998
-1.24407
-1.18414
-1.12239
-1.0605
-0.999688
-0.940787
-0.884341
-0.830667
-0.779916
-0.73212
-0.687229
-0.645135
-0.605693
-0.56874
-0.534103
-0.501606
-0.471073
-0.442335
-0.415228
-0.389603
-0.365326
-0.342273
-0.320334
-0.299401
-0.279377
-0.260166
-0.241685
-0.223855
-0.206607
-0.189877
-0.173604
-0.157731
-0.142204
-0.126971
-0.111986
-0.0972042
-0.0825832
-0.0680853
-0.0536753
-0.0393189
-0.0249818
-0.0106302
0.0037702
0.0182553
0.0328614
0.0476269
0.0625932
0.0778028
0.0932984
0.109124
0.125328
0.141959
0.159072
0.176723
0.194977
0.213903
0.233576
0.254076
0.275493
0.297922
0.321468
0.346244
0.372371
0.399979
0.429207
0.460199
0.493112
0.528114
0.565381
0.6051
0.647458
0.692643
0.740838
0.792204
0.846866
0.904907
0.966334
1.03105
1.09882
1.16921
1.24156
1.31485
1.38766
1.45809
1.52366
1.5813
1.62729
1.65747
1.66808
1.65539
1.60832
1.52074
-1.4277
-1.52267
-1.57036
-1.57839
-1.56045
-1.52192
-1.46782
-1.40326
-1.3325
-1.25885
-1.18479
-1.11207
-1.04189
-0.975001
-0.911803
-0.852469
-0.797006
-0.74531
-0.697205
-0.652474
-0.610881
-0.572181
-0.536135
-0.50251
-0.471084
-0.441644
-0.413995
-0.387961
-0.363383
-0.340119
-0.318042
-0.297029
-0.276971
-0.257764
-0.239316
-0.221546
-0.204379
-0.187745
-0.171582
-0.155831
-0.140433
-0.125336
-0.110489
-0.0958452
-0.0813628
-0.0670037
-0.052732
-0.0385123
-0.0243097
-0.0100904
0.00417963
0.0185362
0.0330164
0.0476591
0.0625063
0.0776006
0.0929849
0.108704
0.124805
0.141341
0.158365
0.175938
0.194128
0.213006
0.232652
0.25315
0.274592
0.297083
0.320732
0.345663
0.372008
0.399911
0.429528
0.461023
0.494579
0.530395
0.568682
0.609668
0.653597
0.700721
0.751293
0.805565
0.863767
0.926098
0.9927
1.06363
1.1388
1.21796
1.30055
1.38568
1.47196
1.55736
1.63915
1.71369
1.77637
1.82175
1.84451
1.83901
1.79079
1.69179
-1.60858
-1.71789
-1.76597
-1.76361
-1.7295
-1.67176
-1.59745
-1.51318
-1.42416
-1.33418
-1.24589
-1.16102
-1.08062
-1.00522
-0.935018
-0.869955
-0.809841
-0.75439
-0.70327
-0.656132
-0.612628
-0.572426
-0.53521
-0.500687
-0.468583
-0.438645
-0.410645
-0.384379
-0.359665
-0.336342
-0.314265
-0.293298
-0.273322
-0.254225
-0.235912
-0.218294
-0.20129
-0.18483
-0.168848
-0.15328
-0.138069
-0.123158
-0.108496
-0.0940373
-0.0797393
-0.0655638
-0.051474
-0.0374335
-0.0234065
-0.0093593
0.0047423
0.018934
0.0332527
0.047737
0.0624283
0.0773688
0.0926011
0.10817
0.124123
0.140514
0.157398
0.174839
0.192905
0.211673
0.231223
0.251644
0.273032
0.295493
0.319146
0.344123
0.370567
0.398632
0.428491
0.460333
0.494359
0.530797
0.5699
0.611938
0.657209
0.706034
0.758749
0.815702
0.877248
0.943726
1.01544
1.09266
1.1755
1.26394
1.35767
1.45601
1.55772
1.66083
1.76238
1.85824
1.94281
2.00907
2.04957
2.05584
2.00824
1.89547
-1.82943
-1.9559
-2.00104
-1.98131
-1.92314
-1.83867
-1.73763
-1.62842
-1.51719
-1.40805
-1.30362
-1.2054
-1.1141
-1.0299
-0.952652
-0.881998
-0.817476
-0.758577
-0.70478
-0.655581
-0.610509
-0.569133
-0.531058
-0.495925
-0.463407
-0.433213
-0.405083
-0.378786
-0.35412
-0.330904
-0.308977
-0.288194
-0.268425
-0.249555
-0.231481
-0.214111
-0.197359
-0.181151
-0.165419
-0.1501
-0.135132
-0.12046
-0.106033
-0.0918063
-0.0777385
-0.0637908
-0.0499257
-0.0361057
-0.0222944
-0.0084578
0.00543813
0.0194283
0.0335488
0.0478373
0.0623341
0.0770805
0.0921187
0.107493
0.123252
0.139449
0.156141
0.173393
0.191275
0.209866
0.229248
0.249511
0.270754
0.29309
0.31664
0.341541
0.367948
0.39603
0.425968
0.45797
0.492265
0.529104
0.568773
0.611593
0.657914
0.708125
0.762653
0.821952
0.88651
0.956833
1.03343
1.11679
1.20734
1.30538
1.41095
1.52375
1.64289
1.76663
1.89206
2.0147
2.12797
2.22298
2.28951
2.31491
2.27164
2.14251
-2.10598
-2.25201
-2.2873
-2.23871
-2.14468
-2.02307
-1.88694
-1.74653
-1.60869
-1.47751
-1.35521
-1.24273
-1.14019
-1.04722
-0.963202
-0.887366
-0.818916
-0.757072
-0.701097
-0.650318
-0.604131
-0.561999
-0.523445
-0.488046
-0.455427
-0.425258
-0.397249
-0.371146
-0.346727
-0.323795
-0.30218
-0.281727
-0.2623
-0.243777
-0.226052
-0.209028
-0.192616
-0.176741
-0.161331
-0.146324
-0.131657
-0.117278
-0.103137
-0.0891901
-0.0753979
-0.0617211
-0.0481215
-0.0345606
-0.0210024
-0.00741305
0.00624069
0.0199927
0.0338776
0.047932
0.0621943
0.0767054
0.0915073
0.106644
0.122162
0.138116
0.154563
0.171569
0.189205
0.207549
0.226686
0.246707
0.267712
0.289814
0.313143
0.337841
0.364067
0.391998
0.421834
0.453793
0.488122
0.525103
0.565051
0.608326
0.655335
0.706535
0.76244
0.823619
0.890702
0.964374
1.04538
1.13448
1.23248
1.34008
1.45786
1.58607
1.72443
1.87181
2.02569
2.18163
2.3323
2.46691
2.57178
2.62837
2.59687
2.44935
-2.4636
-2.62899
-2.64042
-2.54403
-2.39662
-2.22372
-2.04201
-1.86323
-1.69425
-1.53845
-1.39703
-1.26992
-1.15634
-1.05513
-0.96503
-0.884769
-0.813153
-0.749095
-0.691625
-0.639891
-0.593154
-0.550771
-0.512189
-0.476923
-0.444557
-0.414725
-0.387114
-0.361449
-0.337492
-0.315037
-0.293904
-0.273934
-0.254985
-0.236933
-0.219667
-0.203087
-0.187105
-0.171641
-0.156626
-0.141995
-0.12769
-0.113658
-0.0998533
-0.0862345
-0.0727619
-0.0593966
-0.0460999
-0.0328345
-0.019565
-0.00625796
0.0071185
0.020596
0.0342073
0.0479878
0.0619762
0.0762126
0.090737
0.105592
0.120824
0.136487
0.152637
0.169338
0.186662
0.20469
0.223502
0.24319
0.263858
0.285619
0.308602
0.332956
0.358844
0.386451
0.415982
0.447671
0.481778
0.518605
0.558497
0.601848
0.649115
0.70082
0.757558
0.820011
0.888952
0.965255
1.04991
1.14402
1.24877
1.36542
1.49521
1.63921
1.79812
1.97183
2.15889
2.35558
2.55456
2.74346
2.90487
3.01237
3.00746
2.8424
-2.94585
-3.12132
-3.08063
-2.90535
-2.67898
-2.43611
-2.19637
-1.97166
-1.76749
-1.58532
-1.4245
-1.28332
-1.15969
-1.05141
-0.956441
-0.872923
-0.799224
-0.733932
-0.67584
-0.623921
-0.577307
-0.535263
-0.497165
-0.46248
-0.430755
-0.4016
-0.374682
-0.349712
-0.326445
-0.304666
-0.284193
-0.264862
-0.24653
-0.229071
-0.212373
-0.196335
-0.180869
-0.165895
-0.151345
-0.137156
-0.123272
-0.109644
-0.0962276
-0.0829829
-0.0698714
-0.0568557
-0.0438983
-0.0309627
-0.0180147
-0.00502357
0.00803972
0.021205
0.034505
0.0479745
0.0616503
0.0755712
0.0897776
0.10431
0.119212
0.134534
0.150334
0.166673
0.183621
0.201256
0.219662
0.238928
0.259154
0.280458
0.302969
0.326833
0.352218
0.379312
0.408325
0.439497
0.4731
0.50945
0.548911
0.591908
0.638938
0.690575
0.74749
0.810464
0.880403
0.958373
1.0456
1.14354
1.25384
1.37837
1.51919
1.67845
1.85823
2.06011
2.28457
2.52986
2.79006
3.05262
3.29707
3.48766
3.53889
3.36681
-3.63159
-3.78132
-3.63168
-3.32713
-2.98568
-2.64963
-2.33849
-2.06123
-1.81946
-1.61096
-1.43205
-1.2787
-1.14707
-1.03373
-0.935739
-0.850605
-0.776255
-0.710966
-0.653311
-0.602113
-0.556397
-0.515353
-0.478305
-0.444687
-0.41402
-0.385901
-0.359985
-0.335981
-0.313637
-0.29274
-0.273105
-0.254571
-0.236993
-0.220248
-0.204223
-0.188821
-0.173956
-0.159549
-0.145534
-0.131852
-0.11845
-0.10528
-0.0923017
-0.0794757
-0.0667662
-0.0541369
-0.041552
-0.0289781
-0.0163852
-0.00374493
0.0089704
0.0217888
0.0347408
0.047861
0.061187
0.0747565
0.0886056
0.102772
0.1173
0.132235
0.14763
0.163546
0.180053
0.197224
0.215139
0.23389
0.253573
0.274301
0.296205
0.31943
0.34414
0.370524
0.398792
0.429185
0.461981
0.497502
0.536124
0.578293
0.624528
0.675448
0.731776
0.794372
0.864257
0.942657
1.03103
1.13116
1.24515
1.37554
1.52532
1.69795
1.89729
2.12735
2.39175
2.69254
3.02781
3.38804
3.75285
4.07848
4.24471
4.10398
-4.66412
-4.68464
-4.31612
-3.80405
-3.2995
-2.84424
-2.45001
-2.11685
-1.8385
-1.6067
-1.41341
-1.25159
-1.11536
-0.999932
-0.901445
-0.816819
-0.743588
-0.679774
-0.623782
-0.574324
-0.530357
-0.491028
-0.455634
-0.423592
-0.394418
-0.367704
-0.343108
-0.320341
-0.299157
-0.279346
-0.260727
-0.243142
-0.226452
-0.210537
-0.195288
-0.180614
-0.16643
-0.152665
-0.139254
-0.126141
-0.113277
-0.100618
-0.088124
-0.0757587
-0.0634879
-0.0512786
-0.0390992
-0.0269201
-0.0147142
-0.00245655
0.00987691
0.0223129
0.0348831
0.0476217
0.0605632
0.0737434
0.087198
0.100961
0.115068
0.129567
0.144506
0.159942
0.17594
0.192574
0.209919
0.22806
0.247095
0.267132
0.288295
0.310727
0.334587
0.360057
0.387345
0.416688
0.44836
0.482683
0.520035
0.560864
0.605705
0.655191
0.710078
0.771273
0.839877
0.917225
1.00497
1.10514
1.22028
1.35354
1.50886
1.69112
1.90629
2.16151
2.46488
2.82469
3.24712
3.73192
4.2666
4.8076
5.20173
5.20064
-6.30185
-5.93068
-5.1461
-4.31594
-3.59013
-2.99055
-2.50717
-2.12107
-1.81251
-1.56449
-1.36342
-1.19883
-1.06271
-0.949014
-0.853111
-0.771465
-0.701339
-0.640599
-0.587565
-0.540904
-0.499552
-0.46265
-0.429501
-0.399529
-0.372261
-0.347303
-0.324326
-0.303052
-0.283245
-0.264706
-0.247262
-0.230764
-0.21508
-0.200096
-0.185714
-0.171847
-0.158418
-0.145358
-0.13261
-0.12012
-0.107843
-0.0957378
-0.083767
-0.0718966
-0.0600963
-0.0483375
-0.036592
-0.0248349
-0.0130445
-0.00119925
0.0107241
0.0227512
0.0349118
0.047239
0.0597674
0.0725292
0.0855548
0.0988757
0.112526
0.126545
0.14098
0.155883
0.171315
0.187344
0.204043
0.221493
0.239783
0.259019
0.279317
0.300811
0.323654
0.348018
0.374102
0.402134
0.432376
0.465141
0.500797
0.539784
0.582626
0.629952
0.682517
0.741237
0.807239
0.881912
0.967002
1.06471
1.17787
1.31013
1.46622
1.65234
1.87666
2.14989
2.48582
2.90175
3.41769
4.05296
4.81737
5.68688
6.5099
6.91871
-9.11959
-7.64445
-6.07387
-4.78949
-3.79122
-3.03718
-2.47431
-2.05086
-1.72733
-1.47596
-1.27736
-1.11791
-0.987956
-0.880603
-0.790815
-0.714868
-0.649958
-0.593948
-0.545182
-0.502364
-0.46447
-0.430682
-0.400338
-0.372899
-0.347923
-0.325043
-0.303954
-0.2844
-0.266163
-0.24906
-0.23293
-0.217637
-0.203061
-0.189099
-0.175661
-0.162668
-0.150053
-0.137753
-0.125714
-0.11389
-0.102238
-0.0907201
-0.0793028
-0.0679558
-0.0566523
-0.0453682
-0.0340812
-0.0227714
-0.0114203
-9.27547e-06
0.0114818
0.0230777
0.034808
0.0467033
0.058794
0.0711101
0.0836788
0.0965261
0.109683
0.123184
0.137072
0.151395
0.166209
0.181575
0.197561
0.214243
0.231703
0.250038
0.269356
0.28978
0.311452
0.334531
0.359202
0.385677
0.414202
0.445068
0.478623
0.515282
0.555539
0.599992
0.649361
0.704525
0.766569
0.836862
0.917125
1.00959
1.11716
1.24369
1.39436
1.57627
1.7993
2.0774
2.43039
2.8866
3.4863
4.28251
5.32942
6.66724
8.29612
9.83877
-14.6111
-9.90433
-6.75526
-4.90551
-3.67674
-2.83555
-2.25614
-1.84493
-1.54259
-1.31351
-1.13549
-0.994078
-0.879618
-0.78547
-0.706935
-0.640604
-0.583949
-0.535061
-0.492471
-0.455039
-0.421865
-0.392232
-0.365563
-0.341388
-0.319322
-0.299047
-0.280299
-0.262854
-0.246524
-0.231149
-0.21659
-0.202727
-0.189459
-0.176695
-0.16436
-0.152385
-0.14071
-0.129285
-0.118061
-0.106996
-0.0960538
-0.0852029
-0.0744128
-0.0636578
-0.0529175
-0.0421732
-0.0314072
-0.0206045
-0.00975184
0.00116659
0.0121699
0.0232801
0.0345232
0.0459276
0.0575197
0.0693245
0.0813653
0.0936644
0.106247
0.119144
0.132392
0.146034
0.160118
0.1747
0.189839
0.205603
0.222066
0.239312
0.257438
0.276554
0.296783
0.318269
0.341173
0.365684
0.392021
0.420444
0.451261
0.484839
0.521621
0.562133
0.607014
0.657044
0.713185
0.776656
0.848999
0.932222
1.02897
1.1428
1.27858
1.44317
1.64652
1.90348
2.23684
2.68297
3.30242
4.19124
5.47952
7.40262
10.6418
15.4592
-23.8826
-12.1052
-6.48006
-4.19303
-2.98236
-2.24773
-1.78087
-1.46431
-1.23555
-1.06257
-0.927497
-0.819408
-0.73122
-0.658119
-0.596695
-0.544465
-0.499567
-0.460586
-0.426423
-0.396216
-0.369282
-0.345076
-0.323154
-0.303154
-0.284778
-0.267781
-0.251956
-0.237129
-0.223152
-0.209897
-0.197256
-0.185135
-0.173452
-0.162138
-0.151132
-0.14038
-0.129833
-0.119451
-0.109195
-0.0990298
-0.0889274
-0.0788614
-0.0688088
-0.0587509
-0.048673
-0.0385629
-0.0284101
-0.0182051
-0.00793844
0.00240151
0.01283
0.0233666
0.0340341
0.0448555
0.0558534
0.0670483
0.0784576
0.0900988
0.101992
0.114161
0.126637
0.139453
0.152652
0.166279
0.180384
0.195023
0.210259
0.226161
0.242811
0.260299
0.278726
0.298213
0.318891
0.340917
0.364469
0.389762
0.417046
0.44662
0.478837
0.514124
0.552982
0.596024
0.644002
0.697848
0.758752
0.828227
0.908267
1.00152
1.1116
1.24357
1.40485
1.60684
1.86801
2.22115
2.72972
3.51441
4.79312
7.1761
12.9188
24.8193
0
0
0
0
0
0
0
0
0
0
0
0
0
0
0
0
0
0
0
0
0
0
0
0
0
0
0
0
0
0
0
0
0
0
0
0
0
0
0
0
0
0
0
0
0
0
0
0
0
0
0
0
0
0
0
0
0
0
0
0
0
0
0
0
0
0
0
0
0
0
0
0
0
0
0
0
0
0
0
0
0
0
0
0
0
0
0
0
0
0
0
0
0
0
0
0
0
0
0
0
)
;

boundaryField
{
    obstacleFixedWalls
    {
        type            zeroGradient;
    }
    obstacleFrontAndBack
    {
        type            empty;
    }
    movingWall
    {
        type            zeroGradient;
    }
    fixedWalls
    {
        type            zeroGradient;
    }
    frontAndBack
    {
        type            empty;
    }
}


// ************************************************************************* //
