/*--------------------------------*- C++ -*----------------------------------*\
  =========                 |
  \\      /  F ield         | OpenFOAM: The Open Source CFD Toolbox
   \\    /   O peration     | Website:  https://openfoam.org
    \\  /    A nd           | Version:  11
     \\/     M anipulation  |
\*---------------------------------------------------------------------------*/
FoamFile
{
    format      ascii;
    class       volScalarField;
    location    "1.5";
    object      p;
}
// * * * * * * * * * * * * * * * * * * * * * * * * * * * * * * * * * * * * * //

dimensions      [0 2 -2 0 0 0 0];

internalField   nonuniform List<scalar> 
10100
(
-3.45255e-10
0.00538406
0.0128241
0.0195951
0.0248402
0.0292437
0.033061
0.0364185
0.0394239
0.0421716
0.0446859
0.0470127
0.0491631
0.0511406
0.0529743
0.0547023
0.0563553
0.057953
0.0595033
0.061017
0.0625107
0.0640023
0.06552
0.0670922
0.0687323
0.070446
0.0722422
0.0741338
0.0761302
0.0782282
0.0804204
0.08271
0.0851049
0.0876021
0.0901901
0.092861
0.0956148
0.0984583
0.101402
0.104447
0.107576
0.110759
0.113982
0.117254
0.120587
0.123968
0.127363
0.130746
0.134121
0.137506
0.14091
0.14431
0.147671
0.150967
0.154201
0.157392
0.160553
0.163676
0.166736
0.169706
0.172578
0.175356
0.178057
0.180695
0.183274
0.185785
0.188212
0.190545
0.192775
0.194905
0.196935
0.198867
0.200696
0.202412
0.204002
0.205452
0.206749
0.207883
0.208848
0.209639
0.210257
0.210707
0.210992
0.211118
0.211084
0.210892
0.210546
0.210056
0.20944
0.208722
0.207926
0.207082
0.206218
0.205365
0.20456
0.203845
0.203272
0.202892
0.202756
0.202852
0.00527639
0.0107662
0.0170118
0.0227268
0.0275623
0.0317114
0.0353174
0.0384985
0.0413513
0.0439269
0.0462918
0.0484821
0.0505303
0.0524539
0.0542582
0.0559635
0.0575951
0.0591754
0.060724
0.0622505
0.0637657
0.0652876
0.0668372
0.0684372
0.0701038
0.0718403
0.0736525
0.0755585
0.0775662
0.0796599
0.0818307
0.0840944
0.0864637
0.088927
0.0914664
0.0940809
0.0967804
0.0995733
0.102463
0.105442
0.10849
0.111586
0.114724
0.117917
0.121169
0.124461
0.127757
0.13104
0.134321
0.137621
0.140941
0.144251
0.147511
0.150704
0.153839
0.156939
0.160016
0.163056
0.16603
0.168912
0.171695
0.174388
0.177009
0.179572
0.182079
0.184517
0.18687
0.189127
0.191284
0.193343
0.195308
0.197183
0.198961
0.200634
0.202187
0.203607
0.204883
0.206004
0.206965
0.207764
0.208402
0.208884
0.209216
0.2094
0.209435
0.209323
0.209067
0.208681
0.208181
0.207593
0.206942
0.206253
0.205552
0.204866
0.204225
0.203664
0.203219
0.202925
0.202819
0.20292
0.0132483
0.0174279
0.0219657
0.0265181
0.0306961
0.0344112
0.0377119
0.0406499
0.0432999
0.045704
0.0479094
0.0499508
0.0518746
0.0537042
0.055448
0.0571136
0.0587126
0.0602644
0.0617939
0.0633147
0.0648301
0.0663603
0.0679313
0.0695516
0.0712268
0.0729731
0.0748042
0.0767245
0.0787302
0.0808126
0.0829732
0.0852269
0.0875783
0.09001
0.0925072
0.0950768
0.0977365
0.100494
0.103341
0.106264
0.109245
0.112273
0.11535
0.118486
0.121675
0.12489
0.128104
0.131308
0.134521
0.13776
0.141014
0.144247
0.147424
0.150533
0.153589
0.156618
0.159627
0.162597
0.165498
0.168304
0.171011
0.173631
0.176184
0.178682
0.181126
0.183503
0.185794
0.187989
0.190084
0.192087
0.194001
0.195831
0.197571
0.199212
0.20074
0.202139
0.203399
0.204511
0.20547
0.206274
0.206926
0.207434
0.207802
0.208032
0.20812
0.208067
0.207879
0.207568
0.207155
0.206663
0.206116
0.205538
0.204951
0.204377
0.203843
0.203375
0.203
0.202745
0.20264
0.202717
0.0211211
0.0240219
0.0272882
0.0308101
0.0342607
0.0374358
0.0403199
0.0429443
0.0453316
0.0475345
0.0495733
0.0514732
0.0532604
0.0549655
0.0566138
0.0582088
0.0597605
0.0612835
0.0627825
0.0642749
0.0657847
0.0673229
0.0688969
0.0705186
0.0722032
0.0739631
0.0758028
0.0777232
0.0797223
0.0817962
0.0839504
0.0861982
0.0885355
0.0909394
0.0934004
0.0959373
0.0985716
0.101302
0.104111
0.106981
0.109906
0.112885
0.115919
0.119007
0.122137
0.125286
0.128434
0.131582
0.134744
0.137931
0.141125
0.144292
0.147399
0.15044
0.153434
0.156403
0.159352
0.16226
0.165096
0.167836
0.170477
0.173033
0.175526
0.177969
0.180359
0.182682
0.184919
0.187059
0.189102
0.191056
0.192927
0.19472
0.196428
0.198043
0.199549
0.200931
0.202178
0.203281
0.204236
0.205043
0.205706
0.206234
0.20663
0.206894
0.207021
0.207012
0.206874
0.206622
0.206274
0.205855
0.205385
0.204885
0.204374
0.203872
0.203399
0.202978
0.20263
0.202373
0.20223
0.202228
0.0278547
0.0300822
0.0325302
0.0352496
0.0380054
0.0406354
0.0430919
0.0453614
0.0474655
0.0494393
0.0512966
0.0530596
0.0547273
0.056316
0.0578641
0.0593856
0.0608792
0.062355
0.0638242
0.0652964
0.066789
0.0683175
0.0698883
0.0715074
0.0731915
0.0749546
0.0767945
0.0787057
0.0806901
0.082753
0.0849008
0.0871376
0.0894516
0.0918236
0.0942553
0.0967705
0.0993839
0.102083
0.104847
0.107667
0.110547
0.113486
0.11648
0.119519
0.122591
0.12568
0.128774
0.131874
0.134991
0.138128
0.141266
0.144371
0.147415
0.150396
0.153333
0.156247
0.15914
0.161992
0.164769
0.167448
0.170027
0.172525
0.174964
0.177357
0.179699
0.181973
0.18416
0.186248
0.188241
0.190149
0.191981
0.193741
0.195421
0.197011
0.198497
0.199861
0.201094
0.202186
0.203134
0.203943
0.204616
0.205162
0.205582
0.205873
0.206031
0.206055
0.205956
0.205749
0.205455
0.205092
0.204682
0.20424
0.203783
0.203328
0.202892
0.20249
0.20214
0.201856
0.201644
0.201523
0.0339735
0.0356781
0.0375268
0.039601
0.0417522
0.043863
0.0458958
0.0478181
0.0496422
0.0513835
0.0530527
0.0546557
0.0562035
0.0577047
0.0591657
0.060606
0.0620433
0.0634769
0.0649091
0.0663567
0.0678354
0.0693506
0.0709068
0.0725163
0.0741974
0.0759565
0.0777835
0.0796753
0.0816443
0.0836987
0.0858362
0.0880506
0.0903325
0.0926743
0.095084
0.0975806
0.100169
0.102832
0.105553
0.10833
0.11117
0.114071
0.117023
0.120013
0.123032
0.126067
0.129113
0.132169
0.135244
0.138335
0.141422
0.144472
0.14746
0.150387
0.153272
0.156137
0.158983
0.161784
0.164509
0.167132
0.169657
0.172105
0.1745
0.176853
0.179155
0.181385
0.183524
0.185565
0.187512
0.18938
0.191178
0.192908
0.194564
0.196132
0.197596
0.198942
0.200157
0.201236
0.202177
0.202987
0.203671
0.204233
0.204673
0.204986
0.205168
0.205218
0.205147
0.204972
0.204715
0.204393
0.204023
0.203619
0.203197
0.202769
0.202347
0.201943
0.201569
0.201236
0.200934
0.200669
0.0396537
0.0408681
0.0422386
0.0437906
0.0454335
0.0470741
0.0486826
0.05028
0.0518445
0.0533533
0.0548287
0.0562737
0.0576922
0.0590924
0.0604748
0.0618463
0.0632206
0.0646052
0.0660042
0.0674288
0.0688861
0.0703795
0.0719194
0.073521
0.0751949
0.0769385
0.0787431
0.0806152
0.0825717
0.0846149
0.0867331
0.0889188
0.0911701
0.0934866
0.0958762
0.0983511
0.100911
0.103537
0.106218
0.108955
0.111758
0.114622
0.117534
0.120479
0.123448
0.126433
0.129434
0.13245
0.135487
0.138538
0.141579
0.144578
0.147515
0.150393
0.153236
0.156061
0.158867
0.161627
0.164305
0.166881
0.169361
0.171771
0.174134
0.176456
0.178724
0.180916
0.183013
0.185011
0.186919
0.188753
0.190522
0.192227
0.19386
0.195407
0.19685
0.198175
0.199371
0.200434
0.201368
0.202179
0.202873
0.203451
0.203908
0.204239
0.204437
0.204505
0.204453
0.2043
0.204066
0.203768
0.203422
0.20304
0.202636
0.202217
0.201793
0.201368
0.200952
0.200554
0.200147
0.199723
0.0449892
0.0457257
0.0466587
0.0477839
0.0489909
0.0502218
0.0514698
0.0527421
0.0540408
0.0553369
0.0566205
0.0579061
0.0591998
0.0604922
0.0617829
0.0630823
0.0643986
0.0657358
0.0670974
0.0684895
0.0699173
0.0713881
0.072914
0.0745037
0.0761601
0.0778807
0.0796634
0.0815191
0.0834616
0.0854865
0.0875788
0.0897347
0.0919589
0.0942535
0.0966228
0.0990738
0.101602
0.104192
0.106834
0.109535
0.112303
0.115133
0.118006
0.120906
0.123826
0.126765
0.129725
0.132707
0.13571
0.138723
0.141721
0.144674
0.147565
0.150404
0.153212
0.156008
0.158782
0.161506
0.164144
0.166681
0.169128
0.171513
0.173856
0.176158
0.178399
0.180559
0.18262
0.184583
0.186459
0.188266
0.190013
0.191698
0.193311
0.194836
0.196256
0.197557
0.198731
0.199777
0.200702
0.201515
0.202218
0.202808
0.203279
0.203621
0.203831
0.203909
0.20387
0.203729
0.203507
0.203221
0.202887
0.202515
0.202115
0.201693
0.201251
0.200791
0.20032
0.199844
0.199323
0.198733
0.0500419
0.0503166
0.0508334
0.0515616
0.0523959
0.05328
0.0542192
0.0551994
0.0562299
0.0573089
0.0584155
0.0595523
0.060714
0.0618891
0.0630847
0.0643111
0.0655691
0.0668545
0.0681689
0.0695206
0.0709173
0.0723662
0.073874
0.0754429
0.0770742
0.07877
0.0805331
0.0823737
0.0842993
0.0863005
0.0883634
0.0904904
0.092691
0.0949668
0.0973168
0.0997418
0.102237
0.104789
0.107395
0.110064
0.112803
0.115601
0.118435
0.121289
0.124162
0.127059
0.129985
0.132937
0.13591
0.138887
0.141842
0.144752
0.147605
0.150413
0.153197
0.15597
0.158719
0.161411
0.164015
0.166524
0.168951
0.171324
0.173658
0.175947
0.178168
0.180302
0.182336
0.184272
0.186127
0.187916
0.189648
0.191317
0.192912
0.194415
0.19581
0.197085
0.198233
0.19926
0.200176
0.200989
0.201698
0.202298
0.202777
0.203126
0.203342
0.203427
0.203393
0.203258
0.203041
0.202759
0.202427
0.202055
0.20165
0.201213
0.200744
0.200237
0.199698
0.199135
0.198494
0.197738
0.0548281
0.0546484
0.054782
0.0551545
0.0556498
0.0562261
0.0568775
0.0576045
0.0583975
0.0592611
0.0601941
0.0611837
0.0622087
0.0632666
0.0643714
0.0655234
0.0667137
0.0679374
0.0691989
0.0705088
0.071874
0.073297
0.0747787
0.076319
0.0779221
0.0795949
0.0813409
0.0831648
0.0850685
0.0870417
0.0890757
0.0911786
0.0933615
0.0956214
0.0979505
0.100346
0.102806
0.105325
0.107902
0.110546
0.11326
0.116025
0.118817
0.121626
0.124458
0.127321
0.130219
0.133145
0.136088
0.139028
0.141944
0.144816
0.147639
0.150425
0.153193
0.155947
0.158671
0.161334
0.163912
0.166403
0.168823
0.171195
0.173527
0.175808
0.178016
0.180131
0.182146
0.184068
0.185911
0.187692
0.189415
0.191074
0.192653
0.194135
0.195504
0.19675
0.197873
0.198881
0.199787
0.200599
0.201312
0.201916
0.202399
0.202752
0.20297
0.203058
0.203027
0.202892
0.202675
0.202391
0.202055
0.201675
0.201255
0.200794
0.200286
0.199722
0.199107
0.198449
0.197684
0.196764
0.0593014
0.0587204
0.0585038
0.0585569
0.0587441
0.059041
0.0594338
0.059922
0.0605054
0.0611791
0.0619408
0.062774
0.0636651
0.0646184
0.0656351
0.0667032
0.0678137
0.0689694
0.0701781
0.0714468
0.0727763
0.0741644
0.075611
0.0771192
0.078697
0.0803507
0.0820788
0.0838804
0.0857564
0.0877011
0.0897121
0.0917994
0.0939695
0.0962127
0.0985169
0.100882
0.103311
0.105804
0.108362
0.110987
0.113674
0.116404
0.119156
0.121925
0.124724
0.127561
0.130436
0.133337
0.136248
0.139152
0.142032
0.144874
0.147676
0.150449
0.153203
0.155939
0.158638
0.161275
0.163835
0.166317
0.16874
0.171118
0.173452
0.175729
0.177928
0.180031
0.182038
0.183954
0.185796
0.187577
0.1893
0.190954
0.19252
0.193981
0.195325
0.196545
0.197645
0.198638
0.199537
0.200345
0.201058
0.201663
0.202146
0.202498
0.202718
0.202808
0.202776
0.202639
0.202416
0.202124
0.201778
0.201383
0.20094
0.200444
0.199885
0.199256
0.198557
0.197799
0.196909
0.195828
0.0634646
0.0625142
0.0619762
0.0617479
0.0616712
0.0617052
0.0618639
0.0621385
0.0625341
0.0630347
0.0636272
0.0643089
0.065081
0.0659366
0.066857
0.0678291
0.0688556
0.069946
0.0711034
0.0723258
0.0736094
0.0749536
0.0763628
0.0778426
0.0793991
0.0810332
0.0827377
0.0845111
0.086359
0.0882819
0.0902792
0.0923566
0.0945135
0.096736
0.0990136
0.101352
0.10376
0.106238
0.108781
0.111386
0.114045
0.116739
0.119456
0.122195
0.12497
0.127788
0.130642
0.133517
0.136397
0.139268
0.142119
0.14494
0.147729
0.150491
0.153233
0.155949
0.158624
0.161241
0.163789
0.166273
0.168703
0.17109
0.173429
0.175703
0.177895
0.179993
0.181997
0.183918
0.185767
0.187557
0.189286
0.190939
0.192496
0.193939
0.19526
0.196459
0.197543
0.198526
0.199419
0.200225
0.200935
0.201537
0.202016
0.202366
0.202584
0.202673
0.20264
0.202497
0.202265
0.20196
0.201597
0.20118
0.200704
0.200162
0.199543
0.198839
0.198051
0.197191
0.196179
0.194945
0.0673108
0.0660316
0.0652022
0.0647083
0.0643938
0.0642023
0.0641479
0.0642354
0.0644546
0.0647869
0.0652248
0.0657777
0.0664419
0.0671906
0.0680029
0.0688791
0.0698305
0.0708598
0.0719595
0.0731242
0.0743548
0.0756561
0.0770341
0.0784904
0.0800247
0.0816326
0.0833078
0.085054
0.086882
0.0887933
0.0907828
0.0928498
0.0949894
0.0971893
0.0994446
0.101766
0.104163
0.106631
0.109161
0.111744
0.114373
0.117037
0.119727
0.122447
0.125206
0.128007
0.130841
0.13369
0.136541
0.139385
0.142215
0.145023
0.147805
0.15056
0.153288
0.155984
0.158638
0.16124
0.163786
0.166277
0.168718
0.171113
0.173454
0.175726
0.177914
0.18001
0.182018
0.183949
0.185814
0.187618
0.189357
0.191011
0.192562
0.193992
0.195297
0.196482
0.197558
0.198536
0.199426
0.200228
0.200935
0.201531
0.202004
0.202348
0.202561
0.202645
0.202606
0.202456
0.202211
0.20189
0.201504
0.201057
0.20054
0.199944
0.199256
0.19847
0.197591
0.19663
0.195501
0.194125
0.0708214
0.0692683
0.0681784
0.0674339
0.0668918
0.0665118
0.0662711
0.066183
0.0662339
0.0664121
0.0667197
0.0671594
0.06771
0.0683417
0.0690496
0.0698436
0.070727
0.0716897
0.0727209
0.0738231
0.0750053
0.0762733
0.0776263
0.079058
0.0805637
0.082141
0.0837892
0.085517
0.0873354
0.0892408
0.0912219
0.0932741
0.0953945
0.0975762
0.0998188
0.102133
0.104525
0.106985
0.109498
0.112058
0.114662
0.117305
0.119981
0.12269
0.125437
0.128223
0.131036
0.133862
0.13669
0.139516
0.142335
0.145138
0.147916
0.150664
0.153378
0.156056
0.158696
0.161292
0.163843
0.166344
0.168796
0.171197
0.173538
0.175805
0.177989
0.180085
0.182102
0.184047
0.185931
0.187752
0.189502
0.191159
0.192705
0.194127
0.195424
0.196604
0.197677
0.198655
0.199546
0.200346
0.201048
0.201636
0.2021
0.202434
0.202638
0.202713
0.202664
0.202503
0.202244
0.201903
0.20149
0.201005
0.200441
0.199783
0.199022
0.198152
0.197182
0.196125
0.194889
0.193384
0.0739894
0.0722036
0.0708923
0.0699255
0.0691746
0.068613
0.0682106
0.0679607
0.0678606
0.0679063
0.0680969
0.0684213
0.0688522
0.0693747
0.0699947
0.0707157
0.071526
0.072412
0.073373
0.0744219
0.0755684
0.0768098
0.0781356
0.0795361
0.0810098
0.0825604
0.0841915
0.085911
0.0877245
0.0896223
0.0915902
0.0936258
0.0957313
0.097904
0.100144
0.102458
0.104845
0.107294
0.10979
0.112331
0.11492
0.117553
0.120223
0.122927
0.125666
0.128438
0.131234
0.134042
0.136856
0.139674
0.142491
0.145295
0.148072
0.150813
0.153516
0.156184
0.158818
0.161417
0.163978
0.166492
0.168953
0.171356
0.173693
0.175954
0.178133
0.180232
0.182258
0.18422
0.186122
0.18796
0.189719
0.191379
0.192922
0.194339
0.195634
0.196814
0.197892
0.198876
0.19977
0.20057
0.201266
0.201844
0.202295
0.202616
0.202806
0.202867
0.202806
0.20263
0.202353
0.20199
0.201547
0.201021
0.200404
0.199682
0.198847
0.197894
0.196838
0.195694
0.194361
0.192742
0.0768179
0.0748283
0.07333
0.0721703
0.0712381
0.0705028
0.0699509
0.0695595
0.0693296
0.0692574
0.0693323
0.0695383
0.0698588
0.0702911
0.0708352
0.0714787
0.0722066
0.0730166
0.0739203
0.0749314
0.0760495
0.0772613
0.078553
0.0799193
0.081366
0.0829004
0.0845241
0.0862391
0.0880448
0.0899293
0.0918819
0.0939052
0.0960049
0.098178
0.100421
0.102734
0.105115
0.107552
0.110034
0.112566
0.115151
0.117785
0.120456
0.123159
0.125891
0.128652
0.131436
0.134235
0.137046
0.139866
0.142688
0.145497
0.148275
0.151012
0.153711
0.156377
0.159016
0.161627
0.164201
0.166728
0.169196
0.171599
0.17393
0.176184
0.178359
0.18046
0.182497
0.184475
0.186394
0.188246
0.190012
0.191673
0.193213
0.194629
0.195925
0.197112
0.198199
0.199192
0.200093
0.200895
0.201586
0.202152
0.202586
0.202888
0.20306
0.203105
0.203027
0.202834
0.202539
0.202152
0.201677
0.201109
0.200437
0.199651
0.198744
0.197714
0.196579
0.195358
0.19394
0.19222
0.079317
0.0771446
0.0754814
0.0741616
0.0730675
0.0721829
0.0714889
0.0709724
0.070629
0.0704454
0.0704069
0.0705043
0.0707335
0.0710883
0.0715542
0.0721131
0.0727612
0.0735105
0.0743741
0.0753548
0.0764408
0.0776155
0.0788709
0.0802092
0.0816396
0.0831666
0.0847854
0.0864919
0.0882837
0.0901528
0.0920943
0.0941142
0.096217
0.0983953
0.100641
0.102951
0.105325
0.107753
0.110231
0.112765
0.115356
0.117996
0.120672
0.123374
0.126103
0.128859
0.13164
0.13444
0.137257
0.140086
0.142918
0.145734
0.148516
0.151255
0.153958
0.156633
0.159287
0.161915
0.164508
0.167047
0.169522
0.171923
0.174249
0.176498
0.178671
0.180778
0.182827
0.184819
0.186752
0.188613
0.190383
0.192044
0.193583
0.194998
0.196299
0.197496
0.198596
0.199602
0.200512
0.201317
0.202002
0.202554
0.202968
0.203247
0.203397
0.203423
0.203328
0.20312
0.202806
0.202396
0.201889
0.201279
0.200554
0.199707
0.198732
0.197631
0.196426
0.195137
0.193645
0.191835
0.0815002
0.0791633
0.0773508
0.0758979
0.0746593
0.0736433
0.0728231
0.0721947
0.071746
0.0714567
0.0713159
0.0713232
0.0714746
0.0717519
0.0721339
0.0726122
0.0731973
0.0739041
0.0747352
0.075681
0.0767266
0.0778623
0.0790881
0.0804099
0.0818328
0.0833537
0.0849621
0.0866533
0.088429
0.0902871
0.0922262
0.0942512
0.0963612
0.0985438
0.100788
0.103095
0.105463
0.107891
0.110375
0.112919
0.115522
0.118172
0.120854
0.123558
0.126288
0.129047
0.131834
0.134645
0.137476
0.14032
0.143164
0.14599
0.14878
0.151529
0.154246
0.15694
0.159616
0.162267
0.16488
0.167433
0.169915
0.172319
0.174643
0.176892
0.17907
0.181186
0.183248
0.185256
0.1872
0.189067
0.190839
0.192498
0.194036
0.195453
0.196761
0.197969
0.199083
0.200104
0.201023
0.201829
0.202507
0.203044
0.203436
0.203691
0.203818
0.203824
0.203714
0.203491
0.203161
0.20273
0.202195
0.201546
0.200771
0.199865
0.198828
0.197665
0.196398
0.195048
0.193488
0.191597
0.0833748
0.0808991
0.0789551
0.0773744
0.0760149
0.0748793
0.0739529
0.0732247
0.0726762
0.0722907
0.0720634
0.0719951
0.0720714
0.0722674
0.0725695
0.0729835
0.0735238
0.0741957
0.0749896
0.0758922
0.0768956
0.0779993
0.0792073
0.0805208
0.0819366
0.0834453
0.0850363
0.08671
0.088474
0.0903299
0.0922749
0.0943081
0.0964231
0.0986055
0.100847
0.103151
0.105522
0.107958
0.110456
0.113015
0.115632
0.118293
0.120982
0.123693
0.126432
0.129203
0.132005
0.134834
0.137684
0.140546
0.143405
0.146245
0.149051
0.151819
0.154559
0.157279
0.159984
0.162662
0.165297
0.167867
0.170361
0.172772
0.175105
0.177362
0.179553
0.181684
0.183763
0.185786
0.187742
0.189615
0.191387
0.193044
0.19458
0.196
0.197315
0.198535
0.199664
0.200697
0.201624
0.20243
0.203099
0.203618
0.203989
0.20422
0.204326
0.204316
0.204192
0.203958
0.203615
0.203167
0.202607
0.201922
0.201102
0.200143
0.199049
0.197829
0.196506
0.195101
0.193477
0.191511
0.0849456
0.0823578
0.080303
0.0786037
0.0771395
0.0759022
0.074884
0.0740631
0.0734231
0.0729543
0.0726535
0.0725142
0.0725136
0.0726314
0.0728679
0.0732348
0.0737377
0.0743697
0.0751177
0.0759754
0.0769444
0.0780282
0.0792261
0.0805308
0.0819325
0.0834217
0.0849932
0.0866543
0.0884161
0.0902779
0.0922314
0.09427
0.0963849
0.0985642
0.100804
0.103112
0.105494
0.107946
0.110462
0.113039
0.115671
0.118343
0.121044
0.123769
0.126526
0.129318
0.132144
0.134997
0.13787
0.140752
0.143631
0.146491
0.14932
0.152117
0.154888
0.157641
0.160377
0.163084
0.165744
0.168336
0.170847
0.173276
0.175627
0.177904
0.180116
0.182269
0.184369
0.18641
0.188378
0.190257
0.192031
0.193687
0.195223
0.196646
0.197968
0.199199
0.200339
0.201383
0.202316
0.203121
0.203779
0.204282
0.204633
0.204845
0.204934
0.20491
0.204776
0.204533
0.204182
0.20372
0.203138
0.202422
0.201559
0.200551
0.199405
0.198133
0.196758
0.195298
0.193613
0.191574
0.0862219
0.083545
0.0813952
0.079606
0.0780467
0.076723
0.0756181
0.0747105
0.0739913
0.0734515
0.073083
0.0728713
0.0727957
0.0728472
0.0730336
0.0733604
0.0738216
0.0744055
0.0751056
0.0759259
0.0768725
0.0779441
0.079131
0.0804193
0.0817992
0.0832669
0.0848245
0.0864832
0.0882512
0.090122
0.0920811
0.0941198
0.0962315
0.0984098
0.100655
0.102977
0.105377
0.10785
0.110386
0.112982
0.11563
0.118319
0.121038
0.123787
0.126571
0.129394
0.13225
0.135131
0.138029
0.140936
0.143841
0.14673
0.149591
0.152423
0.155232
0.158021
0.160791
0.163528
0.166215
0.168833
0.17137
0.173826
0.176205
0.178512
0.180754
0.182936
0.185061
0.187122
0.189104
0.190992
0.192769
0.194428
0.195967
0.197395
0.198725
0.199965
0.201115
0.202166
0.203103
0.203906
0.204557
0.205047
0.205384
0.205582
0.205659
0.205624
0.205482
0.205234
0.204876
0.204403
0.203801
0.203054
0.202152
0.201097
0.199901
0.198578
0.19715
0.195636
0.193887
0.191778
0.0872192
0.0844733
0.0822469
0.0803876
0.0787451
0.0773403
0.0761525
0.075169
0.0743825
0.0737784
0.0733419
0.0730578
0.0729156
0.0729144
0.0730579
0.0733412
0.0737531
0.0742873
0.0749472
0.0757418
0.0766734
0.0777318
0.0789
0.0801642
0.0815207
0.0829733
0.0845282
0.0861939
0.087972
0.0898491
0.091809
0.0938455
0.0959574
0.0981428
0.100404
0.102747
0.105172
0.107668
0.110227
0.112843
0.115512
0.118225
0.120973
0.123755
0.126575
0.129434
0.132325
0.135238
0.138166
0.141104
0.144042
0.146968
0.149869
0.152742
0.155591
0.158419
0.161222
0.163991
0.166709
0.169358
0.171929
0.17442
0.176836
0.179181
0.18146
0.183676
0.18583
0.187914
0.189913
0.191812
0.193599
0.195265
0.196813
0.198251
0.19959
0.200839
0.201997
0.203054
0.203995
0.204798
0.205445
0.205927
0.206255
0.206445
0.206514
0.206473
0.206326
0.206074
0.205711
0.205226
0.204603
0.203823
0.20288
0.201778
0.200532
0.199157
0.197675
0.196104
0.194289
0.192109
0.0879645
0.0851603
0.0828766
0.0809486
0.0792332
0.0777507
0.0764901
0.075443
0.0745948
0.0739258
0.0734194
0.0730686
0.0728709
0.0728245
0.0729231
0.0731559
0.0735167
0.0740087
0.0746403
0.0754171
0.0763327
0.0773701
0.0785121
0.0797511
0.0810914
0.0825409
0.0841037
0.0857813
0.0875677
0.0894472
0.0914066
0.0934453
0.095567
0.0977711
0.100058
0.10243
0.104882
0.107405
0.109988
0.112629
0.115327
0.118073
0.120859
0.123683
0.126546
0.129445
0.132373
0.135321
0.138285
0.14126
0.14424
0.14721
0.150157
0.153076
0.155967
0.158834
0.161673
0.164476
0.167228
0.169914
0.172525
0.175059
0.17752
0.179909
0.18223
0.184484
0.186671
0.188781
0.190801
0.192717
0.19452
0.196202
0.197765
0.199218
0.20057
0.20183
0.202995
0.204059
0.205003
0.205808
0.206454
0.206934
0.207259
0.207445
0.207511
0.207467
0.207317
0.20706
0.20669
0.20619
0.20554
0.204725
0.203737
0.202586
0.201288
0.199858
0.198319
0.196687
0.194804
0.192553
0.0884836
0.0856252
0.083288
0.0812943
0.0795121
0.0779612
0.07664
0.0755331
0.0746205
0.0738831
0.0733099
0.0729014
0.072656
0.0725637
0.0726118
0.0727925
0.0731088
0.0735702
0.0741819
0.0749406
0.0758331
0.0768423
0.0779574
0.0791787
0.0805154
0.0819732
0.0835494
0.0852376
0.0870287
0.0889097
0.0908736
0.0929248
0.0950684
0.0973018
0.0996214
0.102026
0.104508
0.107059
0.109671
0.112345
0.11508
0.117868
0.120701
0.123572
0.126482
0.129424
0.132393
0.135381
0.138387
0.141408
0.144437
0.147458
0.150456
0.153423
0.15636
0.159268
0.162147
0.164988
0.16778
0.170508
0.173166
0.17575
0.178262
0.1807
0.183067
0.185363
0.187584
0.189724
0.19177
0.193711
0.195539
0.197245
0.198831
0.200304
0.201674
0.202946
0.20412
0.205189
0.206138
0.206946
0.207594
0.208076
0.208401
0.208588
0.208654
0.208608
0.208455
0.208192
0.207809
0.207288
0.206607
0.20575
0.204714
0.203512
0.202159
0.200672
0.199072
0.197378
0.195427
0.193104
0.0887888
0.0858795
0.0834828
0.0814352
0.0795929
0.0779831
0.0766033
0.0754312
0.0744493
0.0736443
0.073012
0.0725538
0.0722615
0.0721184
0.0721139
0.0722489
0.0725325
0.0729721
0.0735646
0.0742993
0.0751624
0.0761429
0.0772388
0.0784554
0.0798001
0.081272
0.0828604
0.0845554
0.0863504
0.0882382
0.0902171
0.0922933
0.0944695
0.0967391
0.0990949
0.101533
0.104049
0.106632
0.109279
0.111993
0.114774
0.117613
0.120498
0.12342
0.126378
0.129367
0.13238
0.135415
0.13847
0.141543
0.144628
0.147706
0.150758
0.153778
0.156764
0.159719
0.162643
0.165529
0.168367
0.171146
0.173857
0.176499
0.179067
0.181561
0.183978
0.186317
0.188576
0.190749
0.192827
0.194801
0.196662
0.198401
0.200018
0.201516
0.202906
0.204193
0.205378
0.206455
0.207409
0.20822
0.208871
0.209357
0.209686
0.209876
0.209943
0.209898
0.20974
0.209466
0.209064
0.208514
0.207794
0.206891
0.205804
0.204548
0.203139
0.201593
0.199933
0.198175
0.196157
0.19376
0.0888872
0.0859264
0.0834746
0.0813811
0.0794843
0.0778158
0.0763689
0.0751258
0.0740758
0.07321
0.0725265
0.0720207
0.0716773
0.0714806
0.071429
0.0715298
0.0717907
0.0722106
0.0727792
0.0734844
0.074318
0.0752778
0.0763673
0.0775907
0.0789488
0.0804333
0.0820299
0.0837306
0.0855343
0.0874392
0.0894455
0.0915569
0.0937721
0.0960809
0.0984744
0.100949
0.1035
0.106121
0.108811
0.111574
0.114408
0.117303
0.120242
0.123218
0.126225
0.129263
0.132327
0.135415
0.138526
0.141659
0.144803
0.14794
0.151051
0.154127
0.157168
0.160177
0.163154
0.166094
0.168987
0.171824
0.174598
0.177304
0.179937
0.18249
0.184961
0.187348
0.189649
0.19186
0.193977
0.19599
0.197892
0.199671
0.201324
0.202854
0.204269
0.205574
0.206773
0.207858
0.208818
0.209633
0.210288
0.210779
0.211114
0.211309
0.21138
0.211334
0.211169
0.210877
0.210447
0.20986
0.209096
0.208144
0.207005
0.205695
0.204231
0.202627
0.200905
0.199085
0.196998
0.194524
0.0887904
0.0857758
0.0832792
0.0811371
0.0791836
0.0774475
0.0759272
0.0746156
0.0735047
0.072586
0.0718532
0.0712961
0.0708984
0.0706526
0.0705647
0.070642
0.0708837
0.0712805
0.07182
0.0724957
0.0733075
0.0742589
0.0753527
0.0765876
0.0779572
0.0794494
0.0810519
0.0827623
0.0845843
0.0865179
0.0885609
0.0907132
0.0929698
0.0953187
0.0977508
0.100264
0.102855
0.105522
0.108263
0.111082
0.113974
0.116927
0.119922
0.122951
0.126012
0.129105
0.132226
0.135373
0.138546
0.141741
0.144948
0.148148
0.151321
0.154459
0.157562
0.160633
0.163671
0.166674
0.169632
0.172537
0.175383
0.178162
0.180865
0.183485
0.186016
0.188455
0.190803
0.193059
0.19522
0.197279
0.199227
0.201051
0.202747
0.204314
0.205759
0.207087
0.208302
0.209398
0.210365
0.211184
0.211845
0.212342
0.212686
0.212889
0.212964
0.212915
0.212737
0.212423
0.211959
0.211329
0.210517
0.209514
0.208324
0.206962
0.205444
0.203782
0.201999
0.200115
0.197957
0.1954
0.0885144
0.0854469
0.0829027
0.0807033
0.0786846
0.0768755
0.0752858
0.0739137
0.0727487
0.0717786
0.0709924
0.0703795
0.0699307
0.0696462
0.0695328
0.0695904
0.0698098
0.0701783
0.0706883
0.0713412
0.0721424
0.0730952
0.0741974
0.0754408
0.076816
0.0783129
0.0799247
0.0816537
0.0835051
0.0854763
0.0875612
0.0897562
0.0920546
0.0944444
0.0969175
0.0994738
0.102113
0.104833
0.107633
0.110513
0.113467
0.116478
0.119531
0.122617
0.125738
0.128892
0.132078
0.135291
0.13853
0.141791
0.145063
0.148329
0.151569
0.154776
0.157948
0.161088
0.164197
0.16727
0.170301
0.173283
0.176208
0.179067
0.181848
0.18454
0.187136
0.189635
0.192037
0.194343
0.196554
0.198664
0.200663
0.202538
0.204281
0.205891
0.207372
0.208729
0.209964
0.211074
0.21205
0.212876
0.213544
0.21405
0.214404
0.214616
0.214694
0.214638
0.214444
0.214101
0.2136
0.212926
0.212066
0.211014
0.209775
0.208362
0.20679
0.20507
0.203224
0.201273
0.199037
0.19639
0.0880707
0.0849469
0.0823408
0.0800774
0.0779892
0.0761129
0.0744636
0.0730354
0.0718158
0.0707895
0.069945
0.0692775
0.0687864
0.0684735
0.0683385
0.0683731
0.0685641
0.0689027
0.0693886
0.0700288
0.0708284
0.0717859
0.0728929
0.0741389
0.0755162
0.0770207
0.0786505
0.0804089
0.0822986
0.0843129
0.0864417
0.08868
0.0910213
0.0934546
0.0959739
0.098581
0.101278
0.10406
0.106925
0.10987
0.112887
0.115959
0.119073
0.122223
0.125411
0.128638
0.131896
0.135181
0.13849
0.141819
0.14516
0.148495
0.151808
0.15509
0.158338
0.161555
0.16474
0.167891
0.171001
0.174065
0.177074
0.180017
0.18288
0.18565
0.188319
0.190884
0.193346
0.19571
0.197977
0.200142
0.202197
0.204127
0.205924
0.207584
0.209108
0.210499
0.21176
0.212889
0.213877
0.214713
0.215389
0.215906
0.216271
0.216491
0.21657
0.216505
0.21629
0.215919
0.21538
0.214664
0.213758
0.212659
0.21137
0.209906
0.208278
0.206497
0.204583
0.202559
0.20024
0.197492
0.0874592
0.0842653
0.0815886
0.079261
0.0771089
0.075175
0.0734694
0.071982
0.0707017
0.0696141
0.0687119
0.0679978
0.0674738
0.0671361
0.0669758
0.0669804
0.06714
0.067453
0.0679241
0.06856
0.0693611
0.0703199
0.0714259
0.072671
0.0740534
0.075574
0.0772324
0.0790292
0.0809624
0.0830216
0.085195
0.0874776
0.0898644
0.0923465
0.0949198
0.0975875
0.100351
0.103203
0.106138
0.10915
0.112232
0.115369
0.118551
0.121775
0.125042
0.128349
0.131688
0.13505
0.138434
0.141836
0.145252
0.148664
0.152056
0.155419
0.15875
0.16205
0.165317
0.16855
0.171743
0.17489
0.177984
0.181013
0.183962
0.186815
0.189563
0.192201
0.194732
0.197159
0.199487
0.201714
0.203829
0.20582
0.207676
0.20939
0.210964
0.212396
0.213689
0.214842
0.215848
0.216698
0.217386
0.217915
0.21829
0.218517
0.218595
0.218519
0.218284
0.217885
0.217312
0.216555
0.215606
0.214459
0.21312
0.2116
0.209912
0.208063
0.206077
0.203974
0.201563
0.198706
0.086677
0.0833983
0.0806533
0.078266
0.0760565
0.074065
0.0722965
0.070743
0.0693973
0.0682491
0.0672964
0.0665445
0.0659911
0.0656243
0.0654311
0.0654016
0.0655332
0.0658291
0.0662938
0.0669288
0.0677287
0.0686837
0.069786
0.0710334
0.0724293
0.0739767
0.0756727
0.077513
0.0794917
0.0815964
0.0838151
0.0861444
0.0885816
0.0911203
0.0937573
0.0964955
0.0993333
0.10226
0.105267
0.108348
0.111498
0.114709
0.11797
0.121279
0.124635
0.128031
0.131457
0.134903
0.138367
0.14185
0.145348
0.148845
0.152325
0.155778
0.159198
0.162587
0.165943
0.169261
0.172538
0.175768
0.178947
0.182062
0.185098
0.188038
0.19087
0.193589
0.196194
0.198692
0.201087
0.20338
0.205561
0.207617
0.209536
0.21131
0.212938
0.214418
0.21575
0.216933
0.217962
0.218831
0.219536
0.220078
0.220464
0.220695
0.220771
0.220686
0.220434
0.22001
0.219406
0.218611
0.217618
0.216422
0.215028
0.213447
0.211691
0.209768
0.207701
0.205513
0.203004
0.200029
0.0857298
0.0823611
0.0795491
0.0771032
0.0748322
0.0727717
0.0709312
0.0693085
0.0678989
0.0666961
0.0657008
0.0649142
0.0643266
0.0639223
0.0636909
0.0636298
0.0637415
0.0640288
0.0644911
0.0651236
0.0659181
0.0668674
0.0679698
0.0692284
0.0706491
0.0722328
0.0739721
0.0758582
0.0778831
0.0800343
0.0823012
0.0846823
0.0871779
0.089783
0.0924941
0.0953111
0.0982282
0.101232
0.104312
0.107466
0.110693
0.113986
0.117337
0.120741
0.124193
0.127684
0.131203
0.134739
0.138291
0.141863
0.145451
0.149043
0.15262
0.156171
0.159689
0.163175
0.166623
0.170031
0.173393
0.176706
0.179968
0.183169
0.186293
0.189323
0.192244
0.195049
0.197736
0.200312
0.202781
0.205145
0.207396
0.209521
0.211506
0.213344
0.215031
0.216564
0.217942
0.219162
0.220221
0.221113
0.221838
0.222395
0.222791
0.223028
0.223104
0.223012
0.222747
0.222302
0.221668
0.220837
0.219798
0.218548
0.217091
0.215442
0.213611
0.211607
0.209454
0.207175
0.204563
0.201462
0.0846264
0.0811647
0.0782769
0.075763
0.0734175
0.0712775
0.0693629
0.0676741
0.0662066
0.0649556
0.0639194
0.0630927
0.0624619
0.0620142
0.0617465
0.0616616
0.061762
0.0620452
0.0625043
0.0631311
0.0639193
0.0648673
0.0659793
0.0672608
0.0687159
0.0703419
0.072127
0.0740601
0.0761326
0.0783332
0.0806534
0.0830943
0.0856583
0.0883402
0.0911335
0.0940339
0.0970324
0.100115
0.103272
0.106506
0.109818
0.113203
0.116652
0.120157
0.12371
0.127302
0.130918
0.134549
0.138196
0.141864
0.145552
0.149246
0.15293
0.156588
0.160214
0.163804
0.167352
0.170854
0.174304
0.177703
0.18105
0.184339
0.187554
0.190677
0.193691
0.196587
0.199364
0.202024
0.204575
0.207017
0.209343
0.21154
0.213595
0.2155
0.217249
0.21884
0.220269
0.221533
0.222627
0.223548
0.224295
0.224869
0.225277
0.225521
0.225599
0.225504
0.225228
0.224765
0.224103
0.223233
0.222144
0.220834
0.21931
0.217585
0.215673
0.213583
0.211341
0.208967
0.206246
0.203012
0.0833648
0.0797984
0.0768184
0.0742212
0.0717912
0.0695723
0.0675889
0.0658392
0.064318
0.063019
0.0619358
0.0610596
0.0603796
0.0598903
0.0595942
0.0594946
0.0595888
0.0598679
0.0603212
0.060942
0.0617286
0.062685
0.0638182
0.0651325
0.0666283
0.068299
0.0701307
0.0721114
0.0742339
0.0764887
0.0788693
0.0813791
0.0840209
0.0867868
0.0896659
0.0926506
0.0957308
0.098894
0.102134
0.105456
0.108862
0.112348
0.1159
0.119509
0.123166
0.12686
0.130578
0.134311
0.13806
0.141831
0.145626
0.149432
0.153231
0.157008
0.160751
0.164454
0.16811
0.171712
0.175258
0.17875
0.182189
0.185572
0.188883
0.192104
0.195218
0.198212
0.201084
0.203837
0.206476
0.209003
0.211409
0.213683
0.215811
0.217786
0.219602
0.221253
0.222738
0.224051
0.225187
0.226141
0.226913
0.227508
0.227932
0.228185
0.228267
0.228171
0.227887
0.227405
0.226714
0.225802
0.224659
0.223283
0.221685
0.21988
0.217884
0.215706
0.213371
0.210898
0.208063
0.204688
0.0819326
0.0782429
0.0751561
0.0724656
0.0699523
0.0676618
0.0656135
0.0638033
0.0622257
0.0608717
0.0597319
0.0588001
0.0580723
0.0575493
0.0572344
0.0571255
0.0572136
0.0574861
0.0579333
0.0585527
0.0593474
0.0603238
0.061488
0.062841
0.0643798
0.0660958
0.0679743
0.0700045
0.072181
0.0744965
0.0769459
0.079533
0.0822587
0.0851114
0.0880764
0.0911447
0.0943083
0.0975574
0.100888
0.104307
0.107815
0.111405
0.115064
0.118779
0.122542
0.126342
0.130166
0.134006
0.137864
0.141746
0.145656
0.149582
0.153507
0.15741
0.161278
0.165103
0.168875
0.172588
0.17624
0.179836
0.183378
0.186864
0.19028
0.193607
0.196827
0.199926
0.202901
0.205754
0.20849
0.211108
0.2136
0.215954
0.218159
0.220208
0.222093
0.22381
0.225355
0.226723
0.227906
0.2289
0.229704
0.230324
0.230766
0.231033
0.231122
0.231025
0.230731
0.23023
0.229506
0.228548
0.227346
0.225902
0.224227
0.222341
0.220259
0.217991
0.215559
0.212984
0.210028
0.206502
0.0803173
0.0764906
0.0732908
0.0705079
0.0679169
0.0655562
0.0634389
0.0615617
0.0599188
0.0584998
0.057297
0.0563108
0.0555431
0.0549955
0.0546666
0.0545479
0.0546268
0.0548914
0.055336
0.0559625
0.0567761
0.0577819
0.0589829
0.0603769
0.061959
0.0637205
0.0656477
0.0677315
0.0699688
0.0723533
0.07488
0.0775506
0.0803633
0.083303
0.0863536
0.0895077
0.0927604
0.0961042
0.0995356
0.103059
0.106674
0.110374
0.114142
0.117967
0.121839
0.12575
0.129686
0.133638
0.13761
0.14161
0.145642
0.149696
0.153751
0.157787
0.161786
0.165738
0.169633
0.173467
0.177238
0.18095
0.184608
0.188209
0.191741
0.195183
0.198517
0.20173
0.204816
0.207776
0.210616
0.213332
0.215916
0.218356
0.220643
0.222768
0.224728
0.226516
0.228127
0.229556
0.230794
0.231834
0.232677
0.233328
0.233794
0.234077
0.234174
0.234075
0.23377
0.233245
0.232485
0.231478
0.230215
0.228702
0.226952
0.224985
0.222817
0.220456
0.217923
0.215237
0.212151
0.208462
0.0785152
0.0745473
0.071236
0.0683648
0.0656939
0.0632532
0.0610563
0.059102
0.0573844
0.0558943
0.0546299
0.0535967
0.0527974
0.0522293
0.0518845
0.0517513
0.051818
0.0520767
0.0525258
0.0531691
0.05401
0.0550504
0.0562901
0.0577251
0.0593508
0.0611597
0.0631401
0.0652847
0.0675915
0.0700541
0.072665
0.0754231
0.0783238
0.0813514
0.0844908
0.0877373
0.091089
0.0945384
0.09808
0.101715
0.105445
0.109258
0.11314
0.117079
0.121067
0.125094
0.129148
0.133219
0.137312
0.141436
0.145597
0.149783
0.153973
0.158144
0.162276
0.16636
0.170386
0.174349
0.178249
0.18209
0.185877
0.189605
0.193263
0.19683
0.200288
0.203623
0.206828
0.209905
0.212855
0.215676
0.218359
0.220893
0.223267
0.225476
0.227515
0.22938
0.231064
0.232561
0.233861
0.234955
0.235844
0.236532
0.237025
0.237326
0.23743
0.237328
0.237008
0.236456
0.235657
0.234599
0.233277
0.231696
0.229873
0.227827
0.225572
0.223114
0.220472
0.217667
0.214439
0.210576
0.0765317
0.0724214
0.0689989
0.0660348
0.0632705
0.0607353
0.0584483
0.0564093
0.0546127
0.0530534
0.0517345
0.0506619
0.0498342
0.0492423
0.0488754
0.0487231
0.0487781
0.0490368
0.049499
0.0501667
0.0510397
0.0521164
0.0533949
0.0548716
0.0565431
0.0584044
0.0604455
0.0626598
0.0650453
0.0675933
0.0702928
0.07314
0.0761303
0.0792497
0.0824851
0.0858344
0.0892961
0.0928613
0.0965215
0.100276
0.104124
0.108057
0.112059
0.116119
0.120229
0.124381
0.12856
0.13276
0.136982
0.141238
0.145534
0.149857
0.154186
0.158493
0.162762
0.166981
0.171144
0.175246
0.179286
0.183266
0.187192
0.191058
0.194852
0.198554
0.202145
0.20561
0.208944
0.212144
0.215212
0.218146
0.220937
0.223571
0.22604
0.22834
0.230466
0.232415
0.23418
0.235751
0.237119
0.238275
0.239216
0.239945
0.240468
0.240786
0.240895
0.240787
0.240449
0.239867
0.239028
0.237921
0.236542
0.234899
0.233006
0.230881
0.228535
0.225973
0.223213
0.220278
0.216899
0.212852
0.0743734
0.0701131
0.0665697
0.0634966
0.0606222
0.0579828
0.0556007
0.053475
0.0516018
0.0499798
0.0486128
0.0475026
0.0466418
0.0460186
0.0456241
0.0454525
0.0455011
0.0457679
0.0462507
0.0469475
0.0478545
0.048968
0.0502867
0.0518083
0.0535317
0.0554538
0.0575654
0.0598592
0.0623308
0.0649686
0.0677588
0.0706973
0.0737814
0.077
0.0803419
0.0838048
0.0873863
0.091075
0.0948598
0.0987382
0.102711
0.106769
0.110899
0.115087
0.119327
0.123612
0.127927
0.132265
0.136627
0.141024
0.145461
0.149927
0.154396
0.158845
0.163254
0.167617
0.171926
0.176176
0.180364
0.184493
0.188566
0.192578
0.196516
0.200361
0.204094
0.207698
0.211167
0.214499
0.217694
0.220749
0.223655
0.226399
0.228973
0.231372
0.233594
0.235633
0.237484
0.239137
0.24058
0.241802
0.242799
0.243572
0.244127
0.244462
0.244576
0.244458
0.244099
0.243486
0.242607
0.241454
0.240023
0.23832
0.236358
0.234151
0.231709
0.229034
0.226148
0.223075
0.219537
0.215297
0.0720332
0.067606
0.063923
0.0607237
0.0577309
0.0549854
0.0525084
0.0502981
0.0483531
0.046673
0.0452576
0.0441037
0.0432012
0.0425406
0.042118
0.0419324
0.0419828
0.0422653
0.0427737
0.0435019
0.044444
0.0455966
0.04696
0.048534
0.0503191
0.0523128
0.0545051
0.0568863
0.0594491
0.0621796
0.0650635
0.0680982
0.0712841
0.0746124
0.0780718
0.0816582
0.0853666
0.0891839
0.0930975
0.0971046
0.101206
0.105396
0.10966
0.113985
0.118365
0.122791
0.127252
0.131738
0.136249
0.140796
0.14538
0.149991
0.154606
0.1592
0.163758
0.168272
0.172738
0.177146
0.181493
0.185778
0.190005
0.194169
0.198259
0.202255
0.206137
0.209889
0.213502
0.216973
0.220303
0.223489
0.226519
0.229384
0.232073
0.234582
0.236906
0.239044
0.240988
0.242728
0.244249
0.245542
0.246599
0.24742
0.248007
0.248361
0.248477
0.248348
0.247967
0.247324
0.246408
0.245211
0.24373
0.241969
0.239936
0.237643
0.235097
0.232303
0.229284
0.226068
0.222366
0.217928
0.0694842
0.0648701
0.0610309
0.0576984
0.0545885
0.0517394
0.0491689
0.0468761
0.0448607
0.0431199
0.041649
0.040442
0.0394915
0.0387933
0.0383485
0.0381577
0.038218
0.0385215
0.039058
0.0398192
0.0407992
0.0419963
0.0434127
0.0450496
0.0469076
0.0489834
0.0512646
0.0537388
0.0563961
0.0592226
0.0622058
0.0653455
0.0686442
0.0720935
0.0756804
0.0793976
0.083238
0.0871877
0.0912338
0.0953737
0.0996098
0.103937
0.108342
0.112812
0.117339
0.121917
0.126533
0.131176
0.135844
0.140544
0.14528
0.15004
0.154804
0.15955
0.164265
0.168941
0.173573
0.17815
0.182665
0.187116
0.191504
0.195829
0.200078
0.204233
0.208272
0.212181
0.215947
0.219567
0.223042
0.226368
0.229535
0.232531
0.235346
0.237975
0.240412
0.242655
0.244697
0.246528
0.248134
0.249501
0.250621
0.251492
0.252115
0.252488
0.252608
0.25247
0.252068
0.251396
0.250446
0.249208
0.247678
0.245855
0.243747
0.241362
0.238708
0.235791
0.232636
0.229274
0.225405
0.220761
0.0666928
0.0618783
0.0578772
0.0544147
0.051191
0.0482377
0.0455724
0.043195
0.0411045
0.0392946
0.0377587
0.0364931
0.0354956
0.0347669
0.0343096
0.0341223
0.0341982
0.0345254
0.0350917
0.0358888
0.0369123
0.0381625
0.0396425
0.0413535
0.0432947
0.0454603
0.0478353
0.0504053
0.0531603
0.0560881
0.0591791
0.062435
0.0658582
0.0694385
0.0731602
0.0770132
0.0809892
0.0850745
0.0892568
0.0935344
0.0979105
0.102381
0.106934
0.111557
0.116241
0.12098
0.125759
0.130566
0.135397
0.140255
0.145145
0.150058
0.154978
0.159884
0.164764
0.169612
0.17442
0.179176
0.18387
0.188496
0.193056
0.197548
0.201964
0.206285
0.210492
0.214566
0.218496
0.222277
0.225908
0.229387
0.232702
0.235842
0.238796
0.241555
0.244114
0.246469
0.248616
0.250544
0.252237
0.253684
0.254873
0.255799
0.256461
0.256857
0.256984
0.25684
0.256422
0.255726
0.254743
0.253464
0.251882
0.249995
0.247806
0.245325
0.24256
0.239517
0.236225
0.232715
0.228671
0.223811
0.0636429
0.0586235
0.0544623
0.0508721
0.0475303
0.044466
0.0416995
0.0392306
0.0370558
0.035168
0.0335628
0.0322408
0.0312043
0.0304555
0.0299948
0.0298167
0.0299105
0.0302629
0.0308616
0.0316999
0.0327756
0.0340893
0.0356438
0.0374385
0.0394701
0.0417299
0.0442014
0.04687
0.0497275
0.0527644
0.0559737
0.0593571
0.0629147
0.0666336
0.0704953
0.0744881
0.0786032
0.0828279
0.0871511
0.0915719
0.0960944
0.100716
0.105425
0.110209
0.115061
0.11997
0.124921
0.129899
0.134896
0.139917
0.144967
0.150042
0.155126
0.160201
0.165255
0.170283
0.175276
0.18022
0.185102
0.189913
0.194654
0.199323
0.203913
0.208409
0.212791
0.217041
0.221144
0.225097
0.228897
0.232541
0.236019
0.239315
0.242419
0.245319
0.248008
0.250484
0.252742
0.254773
0.256563
0.258095
0.25936
0.260349
0.261058
0.261484
0.261625
0.261482
0.261053
0.260336
0.259322
0.258
0.256362
0.254405
0.252132
0.249552
0.246673
0.243504
0.240072
0.236408
0.232179
0.22709
0.0603414
0.0551141
0.0507906
0.0470639
0.043591
0.040404
0.0375267
0.0349573
0.0326905
0.0307213
0.0290495
0.0276795
0.0266142
0.0258536
0.0253941
0.0252266
0.0253388
0.025718
0.0263537
0.0272411
0.0283788
0.0297666
0.0314048
0.0332902
0.0354166
0.0377734
0.0403442
0.0431164
0.0460843
0.0492409
0.0525797
0.0561006
0.0598006
0.0636642
0.067671
0.0718085
0.076068
0.080438
0.0849087
0.08948
0.0941573
0.0989395
0.103815
0.108772
0.1138
0.118889
0.124019
0.129174
0.134344
0.139535
0.144755
0.150001
0.15526
0.160515
0.165752
0.170967
0.176151
0.18129
0.186367
0.191372
0.196302
0.201155
0.205928
0.210605
0.21517
0.219603
0.223891
0.228026
0.232007
0.235829
0.23948
0.242945
0.246209
0.24926
0.25209
0.254697
0.257076
0.25922
0.261114
0.262743
0.264093
0.265154
0.265919
0.266384
0.266549
0.266415
0.265981
0.265246
0.2642
0.262833
0.261135
0.259104
0.256745
0.254064
0.251071
0.247771
0.24419
0.240361
0.235932
0.230599
0.0567962
0.0513505
0.0468498
0.0429688
0.0393497
0.0360293
0.0330328
0.0303565
0.0279955
0.025948
0.0242173
0.0228082
0.0217207
0.0209509
0.0204922
0.0203339
0.0204647
0.0208741
0.0215534
0.022499
0.0237085
0.0251792
0.0269077
0.0288883
0.0311131
0.0335706
0.0362463
0.0391308
0.0422201
0.0455081
0.0489875
0.0526552
0.056505
0.0605196
0.0646782
0.0689675
0.0733795
0.0779036
0.082531
0.0872626
0.0921052
0.0970593
0.102114
0.107255
0.112469
0.117744
0.12306
0.128397
0.133749
0.13912
0.144521
0.149951
0.155397
0.160841
0.166271
0.17168
0.177061
0.182399
0.187677
0.192881
0.198007
0.203052
0.208013
0.212879
0.217634
0.222259
0.22674
0.231068
0.235241
0.239253
0.24309
0.246734
0.250168
0.253381
0.256364
0.259113
0.261625
0.263893
0.265904
0.267639
0.269085
0.270228
0.27106
0.271576
0.271774
0.271657
0.271223
0.270471
0.269393
0.267977
0.266217
0.264111
0.261663
0.25888
0.255766
0.252326
0.248585
0.244575
0.239932
0.234339
0.0529913
0.0473071
0.0426076
0.0385558
0.0347814
0.0313221
0.0282024
0.025418
0.0229661
0.0208471
0.0190644
0.0176202
0.0165108
0.0157293
0.0152683
0.0151182
0.0152699
0.0157154
0.016447
0.0174599
0.0187496
0.0203096
0.0221334
0.0242134
0.0265412
0.0291061
0.0318962
0.0349044
0.0381274
0.0415586
0.0451886
0.0490114
0.0530185
0.0571918
0.0615105
0.0659608
0.0705348
0.0752233
0.0800184
0.0849219
0.0899415
0.0950789
0.100323
0.105657
0.111065
0.116532
0.122039
0.127567
0.13311
0.138673
0.144266
0.149892
0.155535
0.161179
0.166809
0.172419
0.178003
0.183547
0.189031
0.194441
0.199768
0.205013
0.210171
0.215234
0.220186
0.225013
0.229697
0.234231
0.238608
0.24282
0.246854
0.250688
0.254306
0.257693
0.260841
0.263746
0.266405
0.268812
0.27095
0.272804
0.274355
0.27559
0.276499
0.277074
0.277314
0.277219
0.276789
0.276021
0.27491
0.273447
0.271625
0.269443
0.266904
0.264012
0.260767
0.257173
0.253257
0.249053
0.244183
0.238317
0.0488886
0.0429441
0.0380291
0.0337993
0.0298679
0.0262689
0.0230258
0.0201359
0.0175977
0.0154116
0.0135786
0.0120974
0.0109619
0.0101646
0.00969963
0.00956002
0.00973906
0.0102295
0.0110227
0.0121114
0.013488
0.0151428
0.0170668
0.019252
0.0216906
0.0243734
0.0272902
0.0304349
0.0338035
0.0373876
0.0411765
0.0451616
0.049333
0.053673
0.0581606
0.0627811
0.0675266
0.0723893
0.0773633
0.0824501
0.0876577
0.0929881
0.0984298
0.103963
0.10957
0.115233
0.120936
0.126663
0.132407
0.138173
0.143971
0.149801
0.155651
0.161503
0.167343
0.173163
0.178958
0.184714
0.190412
0.196035
0.201574
0.207028
0.212393
0.217664
0.222826
0.227866
0.232768
0.23752
0.242114
0.246539
0.250781
0.254818
0.258632
0.262207
0.265536
0.268613
0.271434
0.273992
0.27627
0.278252
0.279919
0.281255
0.282249
0.282891
0.283178
0.28311
0.282686
0.281907
0.280766
0.279258
0.277375
0.275116
0.272482
0.269471
0.266083
0.262321
0.258217
0.253809
0.248702
0.24255
0.044454
0.0382343
0.0330979
0.0286898
0.0246013
0.0208615
0.0174949
0.0145006
0.0118773
0.00962295
0.0077356
0.006212
0.00504586
0.00423157
0.00376585
0.00364412
0.00386036
0.00440618
0.00527035
0.00644246
0.0079121
0.00966767
0.011699
0.0139986
0.0165596
0.0193734
0.0224304
0.0257239
0.0292478
0.0329926
0.0369467
0.0411003
0.0454424
0.049956
0.0546204
0.0594195
0.0643449
0.0693909
0.0745534
0.0798336
0.085238
0.0907679
0.0964113
0.102147
0.107955
0.113819
0.119725
0.125659
0.131615
0.137595
0.143607
0.14965
0.155716
0.161784
0.167843
0.173883
0.179898
0.185876
0.191797
0.197643
0.203406
0.209082
0.21467
0.220163
0.225551
0.23082
0.235953
0.240938
0.245762
0.250414
0.254876
0.259129
0.263153
0.266933
0.270458
0.273723
0.276721
0.279442
0.281873
0.283993
0.285785
0.287231
0.288317
0.289033
0.289374
0.289339
0.288929
0.288144
0.28698
0.285431
0.28349
0.281152
0.278415
0.275275
0.271731
0.267791
0.26349
0.258871
0.253516
0.247062
0.0396768
0.0331742
0.0278154
0.023227
0.0189753
0.0150887
0.0115946
0.0084923
0.00577896
0.00345018
0.00150211
-6.82209e-05
-0.00126521
-0.00209185
-0.00254927
-0.0026416
-0.00237637
-0.00176482
-0.000821356
0.00044099
0.00201044
0.00387486
0.00602401
0.00845077
0.0111484
0.0141075
0.0173177
0.0207706
0.0244579
0.0283698
0.0324951
0.0368232
0.0413422
0.0460361
0.0508845
0.0558703
0.0609843
0.0662226
0.0715826
0.0770646
0.0826722
0.0884056
0.0942532
0.100194
0.106206
0.112276
0.118393
0.124544
0.130723
0.136927
0.143163
0.149429
0.155716
0.16201
0.168297
0.174566
0.180812
0.187022
0.193177
0.199259
0.205259
0.211173
0.216998
0.222731
0.228362
0.233875
0.239256
0.244487
0.249554
0.254444
0.25914
0.263622
0.267871
0.27187
0.275608
0.279076
0.282265
0.285164
0.287758
0.290027
0.291954
0.293519
0.294708
0.295507
0.295912
0.29592
0.295534
0.294754
0.293576
0.291992
0.289993
0.287572
0.284725
0.281447
0.27774
0.273615
0.269111
0.264272
0.258655
0.251876
0.0345611
0.0277675
0.0221792
0.0173991
0.0129704
0.0089258
0.00529534
0.00207693
-0.000734575
-0.00314487
-0.00515747
-0.00677354
-0.00799506
-0.00882332
-0.00925944
-0.00930947
-0.00898434
-0.00829852
-0.00726872
-0.00590914
-0.00423142
-0.00224728
3.30127e-05
0.00260201
0.0054515
0.00856983
0.011945
0.0155668
0.0194253
0.0235112
0.0278152
0.0323256
0.0370294
0.0419114
0.0469524
0.0521344
0.0574473
0.062888
0.0684549
0.0741463
0.0799627
0.0859032
0.091958
0.0981075
0.104332
0.110616
0.116951
0.123328
0.129738
0.136178
0.142647
0.149145
0.155665
0.162192
0.168715
0.175223
0.181709
0.188161
0.19456
0.200891
0.207141
0.213307
0.219388
0.225377
0.231266
0.237039
0.242679
0.248167
0.253488
0.258628
0.263569
0.268293
0.272782
0.277016
0.280982
0.284667
0.288062
0.291153
0.293923
0.296355
0.298429
0.300126
0.30143
0.302326
0.302808
0.302874
0.302526
0.301763
0.300579
0.298963
0.296906
0.294399
0.291436
0.288016
0.284143
0.279829
0.275113
0.27004
0.264139
0.257007
0.0290994
0.0219976
0.016161
0.0111699
0.00654736
0.00233151
-0.00144592
-0.0047895
-0.00770596
-0.0102006
-0.0122753
-0.0139291
-0.015163
-0.0159789
-0.0163804
-0.0163772
-0.0159839
-0.0152172
-0.0140944
-0.0126291
-0.0108322
-0.0087149
-0.00628838
-0.00356161
-0.000545547
0.00274489
0.00629596
0.0100964
0.0141355
0.0184052
0.0228979
0.0276013
0.0325006
0.0375815
0.0428266
0.0482171
0.0537413
0.0593961
0.0651798
0.0710885
0.0771197
0.0832724
0.0895399
0.0959057
0.10235
0.108858
0.115421
0.122031
0.128681
0.135364
0.142077
0.148817
0.155578
0.162348
0.169115
0.175871
0.182606
0.189308
0.195961
0.20255
0.209064
0.215496
0.221845
0.228106
0.234266
0.240311
0.246221
0.251976
0.257561
0.262961
0.26816
0.27314
0.277882
0.282366
0.286574
0.290493
0.294109
0.297408
0.300371
0.302982
0.30522
0.307065
0.308499
0.309509
0.310085
0.310227
0.30993
0.309195
0.308011
0.306368
0.304252
0.301656
0.298577
0.295014
0.290972
0.286459
0.281517
0.276188
0.269978
0.262464
0.0232576
0.0158204
0.00970915
0.00448688
-0.000343861
-0.00474195
-0.0086751
-0.0121497
-0.0151728
-0.0177481
-0.0198757
-0.0215543
-0.0227864
-0.023577
-0.023934
-0.0238703
-0.023403
-0.0225491
-0.0213247
-0.0197426
-0.0178126
-0.0155467
-0.0129583
-0.0100587
-0.00686237
-0.00338755
0.00035091
0.00434163
0.00857362
0.0130399
0.0177342
0.0226436
0.027752
0.0330457
0.038509
0.0441224
0.0498715
0.0557523
0.0617626
0.0678968
0.0741504
0.0805228
0.087011
0.093602
0.100276
0.107017
0.113816
0.120665
0.12756
0.134491
0.141455
0.148446
0.155457
0.162478
0.169498
0.176509
0.183501
0.190462
0.197378
0.204235
0.211023
0.217735
0.224366
0.230909
0.237353
0.243681
0.249871
0.255903
0.261763
0.267436
0.272907
0.278157
0.283168
0.287918
0.292386
0.296556
0.300411
0.303937
0.307113
0.309922
0.312344
0.314357
0.315942
0.317084
0.317773
0.318004
0.317772
0.317072
0.315894
0.314225
0.312052
0.30937
0.306175
0.302468
0.29825
0.293526
0.288336
0.282729
0.276186
0.268264
0.0169862
0.00918292
0.00277239
-0.00269606
-0.00774457
-0.0123323
-0.0164263
-0.020033
-0.0231587
-0.0258058
-0.0279743
-0.029665
-0.0308839
-0.0316411
-0.0319478
-0.0318191
-0.0312717
-0.0303216
-0.0289836
-0.0272696
-0.0251901
-0.022759
-0.0199929
-0.0169062
-0.0135165
-0.00984464
-0.0059059
-0.00171106
0.00272851
0.00740618
0.0123169
0.017447
0.0227792
0.0283008
0.0339974
0.0398478
0.0458345
0.051952
0.058198
0.0645664
0.0710512
0.0776529
0.0843715
0.0911969
0.0981095
0.105091
0.112131
0.119225
0.126367
0.133551
0.14077
0.148017
0.155284
0.162563
0.169845
0.177119
0.184375
0.191603
0.19879
0.205925
0.212998
0.220002
0.226927
0.233766
0.240504
0.247124
0.253606
0.259929
0.266079
0.272041
0.277801
0.28334
0.288638
0.293672
0.298419
0.302861
0.306979
0.310753
0.314166
0.317197
0.319825
0.322027
0.323784
0.325078
0.325897
0.326232
0.326074
0.325417
0.324249
0.322559
0.320334
0.317569
0.314262
0.310406
0.306
0.301046
0.295589
0.289685
0.282789
0.274437
0.0102458
0.00204957
-0.00467775
-0.010402
-0.0156754
-0.0204582
-0.0247153
-0.028452
-0.0316736
-0.0343832
-0.0365831
-0.0382779
-0.0394786
-0.040199
-0.040452
-0.0402521
-0.0396149
-0.038555
-0.0370868
-0.0352231
-0.032976
-0.0303628
-0.0274038
-0.0241161
-0.0205197
-0.0166375
-0.0124843
-0.00807021
-0.00340742
0.00149724
0.0066394
0.012005
0.0175758
0.0233396
0.0292827
0.0353822
0.0416171
0.0479805
0.0544709
0.0610826
0.067809
0.0746509
0.0816105
0.0886795
0.095838
0.103066
0.110353
0.117696
0.125091
0.132531
0.140008
0.147515
0.155043
0.162586
0.170133
0.177676
0.185205
0.192708
0.200175
0.207598
0.214968
0.222274
0.229505
0.236649
0.243693
0.250619
0.257407
0.264038
0.270496
0.276768
0.282837
0.288685
0.29429
0.299629
0.304679
0.309416
0.31382
0.31787
0.321544
0.324822
0.32768
0.330096
0.332047
0.333512
0.334477
0.334928
0.334856
0.33425
0.333103
0.3314
0.329132
0.326291
0.322869
0.318857
0.314249
0.309049
0.30331
0.297096
0.289834
0.281029
0.00301934
-0.00559072
-0.0126471
-0.0186361
-0.0241427
-0.0291267
-0.033549
-0.0374135
-0.0407263
-0.0434933
-0.0457212
-0.0474189
-0.0486008
-0.0492821
-0.0494752
-0.049193
-0.0484503
-0.0472619
-0.0456436
-0.0436108
-0.0411783
-0.0383668
-0.0352002
-0.031698
-0.0278814
-0.0237745
-0.0193918
-0.0147431
-0.00984166
-0.00469486
0.000693501
0.00630892
0.0121319
0.0181502
0.0243507
0.0307089
0.0372012
0.0438195
0.0505638
0.0574292
0.0644091
0.0715035
0.0787153
0.0860372
0.0934496
0.100932
0.108473
0.116071
0.123724
0.131426
0.139167
0.146937
0.154731
0.162542
0.170361
0.178179
0.185986
0.193773
0.201531
0.209251
0.216927
0.224545
0.232091
0.239552
0.246913
0.254159
0.26127
0.268227
0.275014
0.281616
0.288016
0.294194
0.300129
0.305796
0.311171
0.316228
0.320944
0.325294
0.329257
0.332808
0.335923
0.338576
0.340742
0.342398
0.343526
0.34411
0.344137
0.3436
0.342487
0.340786
0.338484
0.33557
0.332031
0.327854
0.323032
0.317576
0.311547
0.305014
0.297368
0.28808
-0.00469713
-0.0137406
-0.0211394
-0.0274061
-0.0331578
-0.0383511
-0.0429425
-0.0469363
-0.0503408
-0.0531664
-0.0554241
-0.057126
-0.0582873
-0.0589225
-0.0590427
-0.0586604
-0.0577914
-0.0564529
-0.0546636
-0.0524424
-0.0498074
-0.0467825
-0.0433942
-0.0396633
-0.035612
-0.0312652
-0.0266372
-0.0217382
-0.0165828
-0.0111789
-0.00552996
0.000349022
0.00643688
0.0127209
0.0191881
0.0258134
0.0325721
0.0394557
0.0464653
0.0535969
0.0608429
0.0682024
0.075678
0.0832632
0.0909384
0.0986828
0.106486
0.114348
0.122268
0.130239
0.138251
0.146293
0.154359
0.162444
0.170541
0.178641
0.186734
0.194813
0.20287
0.210898
0.218888
0.226825
0.234695
0.242482
0.250174
0.257754
0.265205
0.272506
0.279641
0.286594
0.293346
0.299876
0.306162
0.31218
0.317903
0.323305
0.328358
0.333036
0.337313
0.341164
0.344561
0.347476
0.34988
0.351749
0.353061
0.353798
0.353947
0.353498
0.352439
0.350754
0.348428
0.345443
0.341782
0.337432
0.332392
0.326677
0.320352
0.313487
0.305431
0.295626
-0.0129174
-0.0224183
-0.0301796
-0.0367418
-0.0427536
-0.0481667
-0.0529345
-0.0570629
-0.0605643
-0.0634528
-0.0657422
-0.0674455
-0.0685772
-0.069151
-0.0691782
-0.0686729
-0.0676544
-0.0661435
-0.0641628
-0.0617349
-0.058881
-0.0556271
-0.0520016
-0.0480262
-0.0437238
-0.0391201
-0.0342296
-0.0290633
-0.0236374
-0.0179606
-0.0120362
-0.00588028
0.000484646
0.00704505
0.0137883
0.0206899
0.0277252
0.0348859
0.0421735
0.049584
0.0571086
0.064745
0.0724954
0.0803538
0.0883011
0.096317
0.104392
0.112526
0.120721
0.128969
0.137259
0.14558
0.153926
0.162294
0.170677
0.179068
0.187457
0.195838
0.204203
0.212547
0.220858
0.229122
0.237324
0.245447
0.253482
0.261412
0.269219
0.276883
0.284386
0.291709
0.298833
0.305736
0.312396
0.318789
0.324884
0.330656
0.336072
0.341104
0.345723
0.3499
0.353607
0.356809
0.359478
0.361585
0.363107
0.364025
0.364321
0.363984
0.362999
0.361345
0.359
0.355944
0.35216
0.347637
0.342379
0.336401
0.32977
0.322551
0.314052
0.303691
-0.0216801
-0.0316701
-0.0398203
-0.0466992
-0.0529876
-0.0586329
-0.0635866
-0.0678575
-0.071461
-0.0744137
-0.0767302
-0.0784231
-0.0795068
-0.0799963
-0.0799059
-0.0792534
-0.0780625
-0.0763583
-0.0741667
-0.0715137
-0.0684229
-0.0649219
-0.0610404
-0.0568011
-0.0522279
-0.0473472
-0.0421744
-0.0367217
-0.0310067
-0.0250393
-0.0188239
-0.0123776
-0.00572379
0.00112391
0.00815368
0.015342
0.022665
0.0301146
0.0376923
0.0453928
0.0532061
0.0611289
0.0691632
0.0773035
0.0855312
0.0938262
0.10218
0.110594
0.11907
0.127602
0.136176
0.144783
0.153417
0.162075
0.170753
0.179445
0.18814
0.196832
0.205515
0.214182
0.222823
0.231423
0.239965
0.248437
0.256829
0.265124
0.273305
0.28135
0.289239
0.296953
0.304471
0.31177
0.318828
0.325619
0.332114
0.338281
0.344089
0.349503
0.354493
0.359028
0.363073
0.366593
0.369556
0.371934
0.373698
0.374827
0.375301
0.375102
0.374209
0.372598
0.37024
0.367116
0.363212
0.358519
0.353043
0.346795
0.339838
0.332237
0.323263
0.312307
-0.031046
-0.0415629
-0.0501322
-0.0573495
-0.0639312
-0.0698217
-0.0749713
-0.0793905
-0.0830965
-0.0861066
-0.0884358
-0.0900975
-0.0911086
-0.0914881
-0.0912552
-0.0904323
-0.0890474
-0.0871295
-0.0847071
-0.0818086
-0.0784596
-0.074689
-0.0705279
-0.0660007
-0.0611329
-0.0559519
-0.0504739
-0.0447128
-0.0386881
-0.032411
-0.025888
-0.0191375
-0.0121829
-0.00503657
0.00229108
0.00977757
0.0173996
0.0251492
0.0330266
0.0410256
0.0491351
0.0573512
0.0656762
0.074105
0.0826195
0.0912001
0.0998387
0.108538
0.117301
0.126121
0.134985
0.143883
0.152811
0.161767
0.17075
0.179752
0.188763
0.197775
0.206784
0.215782
0.22476
0.233705
0.242599
0.251433
0.260196
0.268873
0.277444
0.285887
0.294183
0.30231
0.310245
0.317965
0.325447
0.332664
0.339586
0.346179
0.352408
0.358237
0.363631
0.368555
0.372973
0.376846
0.38014
0.382824
0.384868
0.386243
0.386925
0.386887
0.386105
0.384548
0.382188
0.379006
0.374991
0.370134
0.364436
0.357902
0.350595
0.342587
0.33311
0.321523
-0.0410817
-0.0521664
-0.0611851
-0.0687621
-0.0756533
-0.0818011
-0.0871536
-0.0917215
-0.0955224
-0.0985746
-0.100895
-0.102501
-0.103413
-0.103658
-0.10326
-0.102245
-0.100645
-0.0984923
-0.0958168
-0.0926488
-0.089016
-0.0849486
-0.0804797
-0.0756367
-0.0704471
-0.064939
-0.0591304
-0.0530373
-0.0466811
-0.0400746
-0.0332264
-0.0261565
-0.0188877
-0.0114299
-0.00379163
0.00400561
0.0119385
0.0199981
0.0281836
0.0364877
0.044899
0.0534138
0.0620351
0.0707579
0.0795645
0.0884359
0.0973651
0.106356
0.115411
0.124525
0.133685
0.14288
0.152109
0.161372
0.170667
0.179987
0.189322
0.198663
0.208003
0.217339
0.226663
0.235962
0.245221
0.254429
0.263576
0.272649
0.281626
0.290486
0.299209
0.30777
0.316147
0.324314
0.332247
0.339918
0.347296
0.354346
0.36103
0.367307
0.37314
0.378492
0.38332
0.387587
0.391253
0.394285
0.396647
0.398304
0.399224
0.399373
0.398722
0.397238
0.394893
0.39167
0.387557
0.382539
0.37661
0.36977
0.362093
0.353659
0.343653
0.331398
-0.0518451
-0.0635382
-0.0730357
-0.0809927
-0.0882087
-0.0946233
-0.100181
-0.104891
-0.108774
-0.111848
-0.114136
-0.115662
-0.116453
-0.116541
-0.115956
-0.114727
-0.112891
-0.110479
-0.107525
-0.10406
-0.100113
-0.0957181
-0.0909105
-0.0857212
-0.0801804
-0.0743172
-0.0681509
-0.0617011
-0.054991
-0.0480345
-0.0408419
-0.0334348
-0.025835
-0.0180501
-0.0100861
-0.00196402
0.00629251
0.0146731
0.0231754
0.0317914
0.0405103
0.0493296
0.0582524
0.0672741
0.0763773
0.085544
0.0947685
0.104056
0.11341
0.122824
0.132287
0.141787
0.151326
0.160904
0.17052
0.180166
0.18983
0.199504
0.209183
0.218864
0.228542
0.238204
0.247837
0.257431
0.266976
0.276456
0.285854
0.295148
0.304316
0.313334
0.322175
0.330814
0.339225
0.347381
0.355246
0.362786
0.369959
0.376721
0.383032
0.38885
0.394133
0.398836
0.402919
0.406343
0.409064
0.411041
0.412231
0.412597
0.412104
0.410719
0.408415
0.405172
0.400972
0.395792
0.38962
0.382463
0.374401
0.365525
0.354962
0.341991
-0.0633816
-0.0757231
-0.0857279
-0.0940849
-0.10164
-0.108328
-0.114088
-0.118932
-0.122879
-0.125957
-0.128192
-0.129616
-0.130264
-0.130174
-0.12938
-0.127915
-0.125816
-0.123119
-0.119856
-0.116061
-0.111768
-0.107012
-0.101833
-0.0962661
-0.0903439
-0.0840967
-0.0775456
-0.0707136
-0.0636259
-0.0562972
-0.0487388
-0.0409732
-0.0330216
-0.02489
-0.016583
-0.0081204
0.000473724
0.00918749
0.0180167
0.0269531
0.0359869
0.045117
0.054347
0.0636722
0.0730756
0.0825406
0.0920634
0.101651
0.111308
0.121028
0.130799
0.140612
0.150468
0.160368
0.170311
0.180287
0.190284
0.200297
0.21032
0.220355
0.230395
0.24043
0.250447
0.260437
0.270389
0.28029
0.290123
0.299868
0.309501
0.318997
0.328326
0.337463
0.346381
0.355051
0.363437
0.371501
0.3792
0.386487
0.393318
0.399648
0.40543
0.410618
0.415166
0.419027
0.422152
0.424488
0.425986
0.426604
0.426306
0.425056
0.422823
0.41958
0.4153
0.409956
0.403537
0.396055
0.3876
0.37826
0.367103
0.353366
-0.0757323
-0.0887636
-0.0993053
-0.108082
-0.115989
-0.122955
-0.128914
-0.133881
-0.13788
-0.140944
-0.143109
-0.144412
-0.144896
-0.144604
-0.143575
-0.141845
-0.139453
-0.136436
-0.132829
-0.128669
-0.123993
-0.118841
-0.113257
-0.107279
-0.100944
-0.0942838
-0.0873208
-0.0800804
-0.0725901
-0.0648649
-0.0569171
-0.0487695
-0.040443
-0.031943
-0.0232742
-0.0144555
-0.00551005
0.00354935
0.0127168
0.0219834
0.0313404
0.0407881
0.050331
0.0599641
0.069671
0.0794366
0.0892595
0.0991488
0.10911
0.119139
0.129221
0.13935
0.149526
0.159751
0.170023
0.180331
0.190665
0.201019
0.211394
0.221789
0.2322
0.242617
0.253028
0.263424
0.273795
0.284131
0.294414
0.304627
0.314746
0.324742
0.334585
0.344248
0.353703
0.36292
0.371862
0.380489
0.388756
0.396611
0.404008
0.410899
0.417232
0.422957
0.428021
0.432369
0.435944
0.438685
0.440537
0.441453
0.441393
0.440317
0.438185
0.434961
0.43061
0.425107
0.418446
0.410638
0.401776
0.391945
0.380153
0.365595
-0.088947
-0.102713
-0.113824
-0.123043
-0.131314
-0.138562
-0.144719
-0.149801
-0.153841
-0.156877
-0.158952
-0.160113
-0.160406
-0.159882
-0.158584
-0.156552
-0.153827
-0.15045
-0.146459
-0.141892
-0.136792
-0.131206
-0.12518
-0.118757
-0.111978
-0.104876
-0.0974739
-0.0897992
-0.0818801
-0.0737331
-0.0653715
-0.0568185
-0.0480944
-0.0392054
-0.030157
-0.0209675
-0.0116585
-0.00224209
0.00727451
0.0168814
0.0265708
0.036344
0.046206
0.0561521
0.0661665
0.076236
0.0863618
0.0965551
0.106823
0.117161
0.127556
0.138001
0.148496
0.159044
0.169644
0.180285
0.190957
0.201657
0.212388
0.223151
0.233941
0.244748
0.255561
0.266373
0.277176
0.287959
0.29871
0.30941
0.320034
0.330553
0.340935
0.351153
0.361178
0.370976
0.380512
0.389744
0.398622
0.407094
0.415108
0.422613
0.429552
0.435869
0.441504
0.446395
0.450473
0.453672
0.455932
0.4572
0.457429
0.456569
0.454569
0.451385
0.446982
0.441338
0.434444
0.426309
0.41702
0.406669
0.394201
0.378767
-0.103093
-0.117646
-0.129362
-0.139044
-0.147694
-0.155231
-0.161585
-0.166777
-0.170845
-0.173836
-0.1758
-0.176789
-0.176857
-0.176061
-0.17445
-0.172068
-0.168962
-0.165175
-0.160749
-0.155728
-0.150162
-0.144101
-0.137595
-0.130691
-0.123436
-0.115862
-0.107994
-0.0998592
-0.0914856
-0.0828914
-0.0740922
-0.0651118
-0.0559702
-0.0466739
-0.03723
-0.0276562
-0.0179721
-0.00818826
0.00168768
0.0116451
0.0216764
0.0317839
0.0419726
0.0522381
0.0625656
0.0729442
0.0833776
0.0938792
0.104457
0.115107
0.125816
0.136577
0.14739
0.15826
0.169187
0.18016
0.191172
0.202222
0.213314
0.224449
0.235624
0.246827
0.258051
0.269288
0.280533
0.291778
0.303011
0.314215
0.325364
0.336428
0.347374
0.358175
0.3688
0.379215
0.389383
0.399261
0.408797
0.417935
0.42662
0.434795
0.442399
0.449368
0.455634
0.461127
0.465771
0.469491
0.472222
0.473901
0.474472
0.473872
0.472041
0.468931
0.464508
0.458747
0.451633
0.443164
0.43343
0.422531
0.40935
0.392982
-0.11826
-0.133657
-0.146017
-0.156188
-0.165232
-0.173064
-0.179614
-0.184907
-0.188989
-0.191912
-0.193732
-0.194509
-0.194307
-0.193187
-0.191207
-0.188417
-0.18487
-0.180616
-0.175702
-0.170177
-0.164096
-0.157515
-0.15049
-0.14307
-0.135305
-0.127229
-0.118866
-0.110244
-0.101389
-0.0923228
-0.0830625
-0.0736338
-0.0640563
-0.0543367
-0.0444827
-0.0345116
-0.0244404
-0.0142783
-0.00403314
0.00628426
0.0166669
0.0271175
0.037641
0.0482327
0.0588792
0.0695722
0.0803183
0.0911327
0.102024
0.112988
0.124012
0.135088
0.146218
0.157409
0.168661
0.179967
0.191322
0.202724
0.21418
0.225693
0.237257
0.248863
0.260503
0.272175
0.283874
0.295592
0.307321
0.319044
0.330736
0.342364
0.353898
0.365309
0.376565
0.387631
0.398469
0.409037
0.419279
0.429135
0.438547
0.447452
0.455782
0.463466
0.470429
0.476592
0.481872
0.486185
0.489456
0.491611
0.492582
0.492294
0.490681
0.487692
0.483289
0.47744
0.470116
0.461306
0.451113
0.439644
0.425708
0.408341
-0.134553
-0.150858
-0.163904
-0.17459
-0.184043
-0.192176
-0.198917
-0.204298
-0.208369
-0.211189
-0.212822
-0.213337
-0.212805
-0.211298
-0.208884
-0.20562
-0.201568
-0.196784
-0.191322
-0.185239
-0.178593
-0.171447
-0.16386
-0.155885
-0.147574
-0.138961
-0.13007
-0.120929
-0.111566
-0.102001
-0.0922557
-0.0823577
-0.0723263
-0.062168
-0.0518904
-0.041509
-0.0310387
-0.0204876
-0.00986395
0.000821545
0.0115629
0.0223639
0.0332289
0.0441527
0.0551228
0.0661339
0.0771956
0.0883248
0.0995306
0.110807
0.122143
0.133531
0.144976
0.156485
0.168062
0.179701
0.191397
0.203153
0.214976
0.226868
0.238825
0.250839
0.262904
0.275019
0.287181
0.299384
0.311622
0.323879
0.336131
0.348345
0.360489
0.372536
0.384453
0.396205
0.407755
0.419058
0.430056
0.440686
0.450885
0.460583
0.469707
0.478177
0.48591
0.49282
0.498813
0.503798
0.507686
0.510389
0.511826
0.511914
0.510581
0.507771
0.503434
0.497523
0.489999
0.480851
0.47019
0.458129
0.443392
0.424956
-0.152089
-0.16937
-0.183148
-0.194375
-0.20425
-0.212685
-0.219605
-0.22505
-0.229074
-0.231746
-0.233137
-0.233328
-0.232399
-0.230434
-0.227511
-0.223703
-0.219076
-0.213696
-0.207626
-0.200926
-0.193662
-0.1859
-0.177704
-0.169131
-0.160231
-0.15104
-0.141583
-0.131888
-0.121984
-0.111893
-0.101638
-0.0912496
-0.0807461
-0.0701341
-0.0594201
-0.0486172
-0.0377374
-0.0267881
-0.0157783
-0.00471852
0.00638695
0.017543
0.0287541
0.0400142
0.0513116
0.0626434
0.074022
0.0854661
0.0969845
0.108571
0.120214
0.131909
0.143663
0.155488
0.167386
0.179355
0.191391
0.203499
0.215688
0.22796
0.240313
0.252739
0.265235
0.2778
0.290434
0.303133
0.315892
0.328697
0.341525
0.354343
0.367121
0.379831
0.392441
0.404916
0.41722
0.429306
0.441114
0.452577
0.463626
0.474186
0.484176
0.493509
0.502095
0.509836
0.516631
0.522374
0.526962
0.530294
0.532277
0.532821
0.531843
0.529275
0.525051
0.519109
0.511405
0.50193
0.490798
0.47812
0.462533
0.44295
-0.170992
-0.189322
-0.203879
-0.215671
-0.225978
-0.234708
-0.241787
-0.247261
-0.251193
-0.25366
-0.254745
-0.25454
-0.253138
-0.250637
-0.24713
-0.2427
-0.237426
-0.231383
-0.224637
-0.217258
-0.209316
-0.200882
-0.192023
-0.182799
-0.173263
-0.163448
-0.153381
-0.143093
-0.132613
-0.121966
-0.111178
-0.100277
-0.0892837
-0.0782026
-0.0670397
-0.0558052
-0.0445076
-0.0331534
-0.0217517
-0.0103127
0.00116097
0.0126758
0.0242361
0.0358355
0.0474632
0.0591182
0.0708153
0.0825742
0.0944039
0.106298
0.118245
0.130243
0.142302
0.154437
0.166653
0.178948
0.191321
0.203778
0.21633
0.228981
0.24173
0.25457
0.2675
0.280521
0.293633
0.306834
0.320124
0.33349
0.346908
0.360347
0.373779
0.387178
0.400512
0.413747
0.426848
0.439767
0.45244
0.464797
0.476763
0.488258
0.499192
0.509472
0.518998
0.527664
0.535355
0.541951
0.547334
0.551392
0.554017
0.555109
0.554571
0.552315
0.548256
0.542326
0.534478
0.524695
0.513088
0.499768
0.483278
0.462467
-0.191395
-0.21085
-0.226233
-0.238614
-0.249356
-0.258369
-0.265578
-0.271037
-0.274821
-0.277016
-0.277721
-0.27704
-0.275083
-0.271963
-0.267788
-0.262657
-0.256658
-0.249874
-0.242381
-0.234252
-0.225566
-0.216396
-0.206813
-0.19688
-0.186653
-0.176164
-0.165442
-0.154519
-0.143428
-0.132194
-0.120846
-0.109411
-0.0979082
-0.0863414
-0.0747158
-0.0630389
-0.0513158
-0.0395511
-0.0277532
-0.0159313
-0.00408593
0.00779036
0.0197019
0.031642
0.043601
0.0555798
0.0675952
0.0796677
0.0918063
0.104005
0.116253
0.128551
0.140913
0.153355
0.165884
0.1785
0.191204
0.204005
0.216917
0.229946
0.243089
0.256342
0.269705
0.283182
0.296775
0.310486
0.324313
0.338249
0.35227
0.366347
0.380453
0.394565
0.408654
0.422688
0.436629
0.450431
0.464026
0.477339
0.490291
0.502795
0.514756
0.526073
0.536636
0.546327
0.555018
0.562574
0.568863
0.573757
0.577137
0.578882
0.578876
0.577009
0.573184
0.567327
0.559382
0.549314
0.537228
0.523239
0.505795
0.483672
-0.213441
-0.234105
-0.250363
-0.263354
-0.274533
-0.283809
-0.29111
-0.296501
-0.30007
-0.301918
-0.302157
-0.30091
-0.298307
-0.294476
-0.289543
-0.283621
-0.276809
-0.269199
-0.260874
-0.251917
-0.242411
-0.232435
-0.222061
-0.211357
-0.200379
-0.189163
-0.177738
-0.166139
-0.154399
-0.142546
-0.130609
-0.118617
-0.106583
-0.0945123
-0.0824089
-0.0702775
-0.0581205
-0.0459402
-0.0337433
-0.0215364
-0.00931799
0.00292024
0.015182
0.0274607
0.0397478
0.0520468
0.0643761
0.076757
0.0891991
0.101697
0.114241
0.126835
0.139494
0.152237
0.165073
0.178004
0.191033
0.204172
0.217438
0.230838
0.244372
0.258035
0.27183
0.285764
0.29984
0.314063
0.328435
0.34295
0.357586
0.372316
0.387117
0.40197
0.416847
0.431716
0.446544
0.461279
0.475854
0.490189
0.5042
0.517794
0.53087
0.54332
0.555024
0.565852
0.575659
0.584296
0.591617
0.597476
0.601735
0.60425
0.60488
0.603499
0.599999
0.594292
0.586301
0.575971
0.563407
0.548729
0.530274
0.506747
-0.237293
-0.259257
-0.276446
-0.290069
-0.301683
-0.311197
-0.318544
-0.323803
-0.327078
-0.328488
-0.328163
-0.326249
-0.322895
-0.318249
-0.312453
-0.305634
-0.297907
-0.289373
-0.280122
-0.270247
-0.259837
-0.248976
-0.237739
-0.226196
-0.214404
-0.202405
-0.19023
-0.177913
-0.165486
-0.15298
-0.140426
-0.12785
-0.115264
-0.102672
-0.0900763
-0.0774791
-0.0648801
-0.0522795
-0.0396817
-0.0270902
-0.0145006
-0.00190367
0.0107037
0.0233147
0.0359228
0.0485343
0.0611698
0.0738514
0.0865888
0.0993775
0.11221
0.125092
0.138041
0.151077
0.164213
0.17745
0.190795
0.204264
0.217877
0.231642
0.24556
0.259628
0.273852
0.28824
0.302801
0.31754
0.332462
0.347565
0.362828
0.378228
0.393746
0.409366
0.425064
0.44081
0.456569
0.472291
0.487905
0.503328
0.518473
0.533242
0.547529
0.561217
0.574175
0.586261
0.597314
0.607172
0.615667
0.622636
0.627913
0.63133
0.632723
0.631949
0.628884
0.623416
0.615438
0.604879
0.591846
0.576457
0.556935
0.531897
-0.263141
-0.28651
-0.304691
-0.318968
-0.331012
-0.340732
-0.348068
-0.353117
-0.356003
-0.356866
-0.355863
-0.353161
-0.348932
-0.343347
-0.336564
-0.328728
-0.319965
-0.310391
-0.300107
-0.289212
-0.277802
-0.265969
-0.25379
-0.241338
-0.228672
-0.215833
-0.202859
-0.189783
-0.176636
-0.163447
-0.150248
-0.137064
-0.123906
-0.110776
-0.0976759
-0.0846037
-0.071556
-0.0585309
-0.0455308
-0.0325559
-0.0195989
-0.00664932
0.0062958
0.0192304
0.0321502
0.0450649
0.0579975
0.070971
0.0839952
0.0970661
0.110178
0.123339
0.136569
0.149889
0.163315
0.17685
0.190503
0.204294
0.218244
0.232366
0.246659
0.261125
0.275771
0.290612
0.305655
0.320911
0.336388
0.352084
0.367985
0.38407
0.400325
0.416738
0.433289
0.449948
0.466684
0.483444
0.500154
0.516733
0.533088
0.549121
0.564719
0.579758
0.594094
0.607572
0.620018
0.631249
0.64108
0.649319
0.655773
0.660249
0.66256
0.662542
0.660041
0.654911
0.647019
0.636279
0.622793
0.606678
0.586024
0.559362
-0.291207
-0.316101
-0.335343
-0.350299
-0.362761
-0.372645
-0.379897
-0.384638
-0.387018
-0.387206
-0.385385
-0.381752
-0.376502
-0.369829
-0.361912
-0.352912
-0.342975
-0.332228
-0.320787
-0.308757
-0.296244
-0.283344
-0.270141
-0.256708
-0.243104
-0.229374
-0.215555
-0.201681
-0.187781
-0.173882
-0.160015
-0.146202
-0.132455
-0.118775
-0.10516
-0.0916054
-0.0781039
-0.0646513
-0.051248
-0.0378914
-0.0245718
-0.0112773
0.00199583
0.0152432
0.0284638
0.0416708
0.0548895
0.0681436
0.0814431
0.0947848
0.108165
0.121594
0.135093
0.148688
0.162394
0.176217
0.190168
0.20427
0.218548
0.233016
0.247675
0.262529
0.277591
0.292877
0.3084
0.324171
0.340202
0.356497
0.373043
0.389825
0.406835
0.424065
0.441498
0.459106
0.476858
0.494703
0.512568
0.530369
0.548015
0.565405
0.582422
0.598931
0.61478
0.629798
0.643796
0.656573
0.667917
0.677608
0.685426
0.691148
0.694564
0.695475
0.693685
0.689014
0.681304
0.670447
0.656534
0.639676
0.617823
0.589412
-0.321749
-0.348308
-0.368688
-0.384344
-0.397205
-0.407195
-0.414271
-0.418584
-0.420317
-0.419671
-0.416865
-0.412125
-0.405676
-0.397735
-0.388508
-0.378177
-0.366904
-0.354834
-0.342096
-0.328809
-0.315082
-0.301017
-0.286703
-0.272216
-0.257615
-0.242943
-0.228236
-0.213528
-0.198844
-0.184211
-0.169657
-0.155201
-0.140851
-0.126609
-0.112471
-0.0984287
-0.0844707
-0.0705905
-0.056786
-0.0430523
-0.0293773
-0.0157478
-0.00215839
0.0113894
0.0248982
0.0383845
0.0518751
0.0653946
0.0789534
0.0925499
0.106183
0.119865
0.133622
0.147478
0.161451
0.17555
0.189787
0.204188
0.218781
0.233582
0.248595
0.263827
0.279295
0.295019
0.311016
0.327299
0.343883
0.360777
0.377975
0.395464
0.413244
0.431312
0.449652
0.468241
0.487048
0.506024
0.525099
0.544192
0.563212
0.582058
0.600606
0.618714
0.63622
0.65294
0.668667
0.683177
0.696234
0.707588
0.716988
0.724182
0.72892
0.730956
0.730052
0.725991
0.718587
0.707695
0.693392
0.67578
0.652654
0.622357
-0.355064
-0.38345
-0.405053
-0.421427
-0.434658
-0.444677
-0.45146
-0.455194
-0.456105
-0.454432
-0.450434
-0.444375
-0.436512
-0.427092
-0.416351
-0.404496
-0.391707
-0.378148
-0.363963
-0.349284
-0.334227
-0.318897
-0.303385
-0.287769
-0.272109
-0.256445
-0.24081
-0.225234
-0.20974
-0.194353
-0.179095
-0.163983
-0.149023
-0.134214
-0.11955
-0.105017
-0.0906033
-0.0762991
-0.0620997
-0.0479972
-0.0339772
-0.0200246
-0.00613163
0.00770364
0.0214876
0.0352392
0.0489865
0.0627542
0.0765541
0.0903869
0.104255
0.118174
0.132172
0.146275
0.160502
0.174862
0.18937
0.204055
0.218947
0.234067
0.249421
0.265018
0.28088
0.297032
0.313494
0.33028
0.347412
0.364905
0.382756
0.40096
0.419521
0.438443
0.457711
0.477306
0.497201
0.517353
0.537694
0.558148
0.578628
0.59903
0.619227
0.639071
0.658388
0.676983
0.694631
0.711085
0.726082
0.739342
0.750579
0.759502
0.76581
0.769205
0.769402
0.766145
0.759199
0.748376
0.733734
0.715364
0.690892
0.65855
-0.391496
-0.421893
-0.444814
-0.461922
-0.475476
-0.485423
-0.491764
-0.494731
-0.4946
-0.49166
-0.486217
-0.478582
-0.469053
-0.457911
-0.445424
-0.431827
-0.417326
-0.4021
-0.386308
-0.370095
-0.353585
-0.336885
-0.320087
-0.303268
-0.286486
-0.269781
-0.253181
-0.236707
-0.22038
-0.204221
-0.188249
-0.172475
-0.156902
-0.141525
-0.126334
-0.111314
-0.0964486
-0.0817269
-0.0671415
-0.0526811
-0.0383281
-0.0240649
-0.00988121
0.0042285
0.0182739
0.032276
0.0462632
0.0602609
0.0742829
0.0883331
0.102418
0.116556
0.130778
0.145112
0.159575
0.174179
0.18894
0.203892
0.219067
0.234488
0.250166
0.266112
0.282354
0.29892
0.315832
0.333111
0.350782
0.368866
0.387368
0.406288
0.425636
0.445419
0.46563
0.48625
0.507263
0.52863
0.550291
0.572176
0.594201
0.616261
0.638228
0.659948
0.68124
0.701896
0.721675
0.740308
0.757503
0.772946
0.786313
0.79726
0.805427
0.810462
0.812027
0.809809
0.803511
0.792891
0.777983
0.758861
0.732963
0.698391
-0.43144
-0.464064
-0.488411
-0.50626
-0.520069
-0.52981
-0.535514
-0.537474
-0.536027
-0.531526
-0.524335
-0.514822
-0.503333
-0.490191
-0.475698
-0.460122
-0.443692
-0.426607
-0.409039
-0.391144
-0.373054
-0.354876
-0.336703
-0.318608
-0.300644
-0.282849
-0.265246
-0.247849
-0.230671
-0.213728
-0.197034
-0.180595
-0.164409
-0.148468
-0.132756
-0.117256
-0.101948
-0.0868197
-0.0718604
-0.0570551
-0.0423824
-0.0278225
-0.013362
0.00100745
0.0152984
0.0295331
0.0437407
0.0579477
0.0721706
0.0864176
0.100699
0.115037
0.129463
0.144007
0.158687
0.173514
0.188508
0.203705
0.219143
0.234848
0.250831
0.267109
0.283712
0.300673
0.318019
0.335774
0.353971
0.372636
0.391782
0.411414
0.431546
0.452193
0.473352
0.495014
0.517169
0.53979
0.562822
0.586204
0.609856
0.633675
0.657534
0.681277
0.704717
0.727635
0.749776
0.770847
0.790529
0.808471
0.824298
0.837608
0.847979
0.854997
0.858256
0.857363
0.851946
0.841703
0.826628
0.806776
0.779358
0.742349
-0.475361
-0.510469
-0.53636
-0.554945
-0.568911
-0.578263
-0.58308
-0.583728
-0.580627
-0.574208
-0.564909
-0.553163
-0.539375
-0.523917
-0.507128
-0.489309
-0.470717
-0.451568
-0.432048
-0.41232
-0.392518
-0.372754
-0.353117
-0.333674
-0.314472
-0.295541
-0.276899
-0.258554
-0.240511
-0.222777
-0.205358
-0.188255
-0.171461
-0.154963
-0.138743
-0.122776
-0.107042
-0.0915245
-0.0762089
-0.0610759
-0.0461007
-0.031261
-0.016541
-0.0019298
0.0125875
0.0270345
0.041441
0.0558351
0.0702368
0.0846588
0.0991158
0.113632
0.128241
0.142973
0.157845
0.172872
0.188077
0.203498
0.219178
0.235144
0.251412
0.268
0.284942
0.302277
0.320036
0.33825
0.356957
0.37619
0.395967
0.416298
0.437205
0.45871
0.48082
0.503534
0.526853
0.55076
0.57521
0.60015
0.625506
0.651183
0.677057
0.702973
0.728743
0.754139
0.778891
0.802688
0.825179
0.845971
0.864635
0.880704
0.893692
0.903106
0.908449
0.909231
0.904992
0.895349
0.880246
0.8597
0.830663
0.790974
-0.523812
-0.561708
-0.589274
-0.60857
-0.622552
-0.631273
-0.634879
-0.633834
-0.628663
-0.619894
-0.608056
-0.593664
-0.577187
-0.559053
-0.539643
-0.519293
-0.498287
-0.476858
-0.455202
-0.433484
-0.411842
-0.390384
-0.369195
-0.348335
-0.327842
-0.307735
-0.288026
-0.268713
-0.249793
-0.231265
-0.213125
-0.195364
-0.177973
-0.160933
-0.144221
-0.127809
-0.111672
-0.0957881
-0.0801388
-0.0647001
-0.0494444
-0.0343468
-0.0193897
-0.00455929
0.0101617
0.0247982
0.0393809
0.0539396
0.0684978
0.0830729
0.0976836
0.112356
0.127125
0.142019
0.15706
0.172263
0.187653
0.203276
0.219175
0.235381
0.251909
0.268782
0.286039
0.303724
0.321875
0.340527
0.359723
0.379503
0.39989
0.420902
0.442568
0.46492
0.487976
0.511747
0.536245
0.561463
0.587369
0.613918
0.641051
0.66868
0.696691
0.724934
0.753223
0.781324
0.808957
0.835791
0.861445
0.885482
0.907414
0.92671
0.942804
0.955105
0.963002
0.965894
0.963212
0.954462
0.939518
0.918334
0.887576
0.844916
-0.577454
-0.618503
-0.647889
-0.667844
-0.681641
-0.68941
-0.69139
-0.688174
-0.680419
-0.668779
-0.653893
-0.636366
-0.61675
-0.595532
-0.573141
-0.549946
-0.526253
-0.502314
-0.47833
-0.454467
-0.430857
-0.407602
-0.384779
-0.362438
-0.340608
-0.319295
-0.298498
-0.278206
-0.258405
-0.239085
-0.220231
-0.201827
-0.183857
-0.166298
-0.149119
-0.132288
-0.115774
-0.0995511
-0.0835946
-0.0678766
-0.0523672
-0.0370396
-0.0218735
-0.00685166
0.00804577
0.0228454
0.0375789
0.0522779
0.0669692
0.0816743
0.0964151
0.111219
0.126121
0.141152
0.156334
0.171687
0.18724
0.20304
0.219134
0.235554
0.252315
0.269446
0.286991
0.305002
0.323519
0.342583
0.362243
0.382544
0.403514
0.42518
0.447582
0.470765
0.494757
0.519582
0.545264
0.571809
0.599197
0.627399
0.656372
0.686043
0.71631
0.747035
0.778035
0.809079
0.839878
0.870086
0.899293
0.927017
0.952716
0.975783
0.995558
1.01133
1.02236
1.0279
1.02726
1.01978
1.00524
0.983513
0.950922
0.904945
-0.637088
-0.681734
-0.713101
-0.733618
-0.746954
-0.753346
-0.753164
-0.747175
-0.736204
-0.721059
-0.702512
-0.681281
-0.658006
-0.633243
-0.60747
-0.581085
-0.554418
-0.527728
-0.50122
-0.475055
-0.449354
-0.424208
-0.39968
-0.375807
-0.352603
-0.330064
-0.30817
-0.286898
-0.266223
-0.246121
-0.22657
-0.207545
-0.189023
-0.170974
-0.153361
-0.136144
-0.119285
-0.102755
-0.086523
-0.0705576
-0.0548273
-0.0393032
-0.0239613
-0.00878037
0.00626275
0.0211962
0.0360526
0.0508655
0.0656646
0.0804747
0.0953198
0.110229
0.125237
0.140376
0.155672
0.171149
0.186839
0.202791
0.219053
0.235656
0.252623
0.269982
0.287788
0.306095
0.324951
0.344398
0.364489
0.385275
0.406794
0.429082
0.452192
0.476182
0.501092
0.526959
0.553818
0.581691
0.610575
0.640463
0.671331
0.703125
0.735762
0.769119
0.803023
0.837251
0.871516
0.90546
0.938647
0.970557
1.00059
1.02806
1.05218
1.07213
1.08699
1.09588
1.09788
1.09217
1.07837
1.05625
1.02169
0.971982
-0.703701
-0.75249
-0.786011
-0.806936
-0.819422
-0.823869
-0.820833
-0.811305
-0.79633
-0.776907
-0.75397
-0.728367
-0.700837
-0.672008
-0.642409
-0.612467
-0.58252
-0.552832
-0.523604
-0.494985
-0.467081
-0.439963
-0.413674
-0.388233
-0.363636
-0.339862
-0.316876
-0.294638
-0.273108
-0.25225
-0.232031
-0.21242
-0.193384
-0.174884
-0.156876
-0.139312
-0.122148
-0.105348
-0.0888785
-0.0727045
-0.0567928
-0.0411116
-0.025632
-0.0103277
0.00482781
0.019864
0.0348141
0.0497129
0.0645926
0.0794806
0.0944025
0.109388
0.124474
0.139694
0.155078
0.170652
0.186453
0.202529
0.218928
0.235686
0.252825
0.270384
0.28842
0.306993
0.326154
0.345946
0.366429
0.38766
0.409688
0.43256
0.456343
0.481108
0.506906
0.533787
0.561801
0.590989
0.621371
0.652963
0.685767
0.719753
0.75486
0.790987
0.827983
0.86564
0.90368
0.941742
0.979375
1.01602
1.05103
1.08361
1.11288
1.13785
1.15744
1.17052
1.17595
1.17266
1.16006
1.13775
1.10111
1.04715
-0.778533
-0.832138
-0.867995
-0.889078
-0.900167
-0.901902
-0.895102
-0.881059
-0.861097
-0.836452
-0.808254
-0.7775
-0.745037
-0.711566
-0.677658
-0.643765
-0.610225
-0.577295
-0.545159
-0.513947
-0.483741
-0.454587
-0.426502
-0.399479
-0.373492
-0.348496
-0.32444
-0.301266
-0.278919
-0.257348
-0.236509
-0.216359
-0.196858
-0.177957
-0.159601
-0.141735
-0.12431
-0.107284
-0.0906209
-0.0742831
-0.0582349
-0.0424403
-0.0268645
-0.0114756
0.00375657
0.0188623
0.0338748
0.0488296
0.0637604
0.0786967
0.093666
0.108699
0.123834
0.139108
0.154553
0.170198
0.186081
0.20225
0.218755
0.235634
0.252915
0.270641
0.288874
0.307677
0.327102
0.347197
0.368026
0.389656
0.412146
0.435558
0.459971
0.485466
0.512108
0.539959
0.569092
0.599566
0.631431
0.66473
0.699492
0.735717
0.773374
0.812395
0.852657
0.893983
0.936112
0.978692
1.02127
1.06326
1.10395
1.14248
1.17783
1.20885
1.23423
1.25259
1.26246
1.26245
1.25169
1.22953
1.19068
1.13185
-0.863152
-0.922414
-0.960783
-0.981622
-0.990533
-0.988511
-0.976747
-0.956936
-0.930758
-0.899743
-0.865251
-0.828447
-0.790289
-0.751544
-0.712816
-0.674564
-0.63712
-0.600714
-0.565502
-0.531582
-0.499001
-0.467773
-0.437881
-0.409289
-0.381938
-0.355761
-0.330681
-0.306623
-0.283516
-0.261293
-0.239896
-0.219272
-0.199368
-0.180124
-0.161476
-0.143361
-0.125725
-0.108524
-0.091717
-0.0752648
-0.059128
-0.0432656
-0.0276364
-0.0122025
0.00306945
0.01821
0.0332516
0.0482298
0.0631797
0.078133
0.093119
0.10817
0.123326
0.138626
0.154104
0.16979
0.185723
0.201953
0.218531
0.235497
0.252885
0.270743
0.289135
0.308125
0.327768
0.348115
0.369238
0.391215
0.414117
0.438016
0.463002
0.489169
0.516594
0.545357
0.575553
0.60727
0.640583
0.675568
0.712284
0.750768
0.79103
0.833043
0.876729
0.921947
0.968469
1.01597
1.06401
1.11199
1.15916
1.20459
1.24713
1.28543
1.31793
1.34292
1.35855
1.36298
1.35497
1.33344
1.29229
1.22779
-0.959579
-1.02555
-1.06657
-1.08653
-1.09213
-1.08491
-1.06659
-1.0394
-1.00548
-0.966706
-0.924708
-0.880827
-0.836129
-0.791435
-0.74736
-0.704348
-0.662702
-0.622614
-0.584193
-0.547486
-0.512496
-0.479191
-0.447516
-0.417394
-0.388737
-0.361445
-0.335415
-0.310551
-0.286763
-0.263969
-0.242094
-0.221073
-0.200839
-0.18132
-0.162444
-0.144141
-0.126354
-0.109035
-0.0921398
-0.075627
-0.0594524
-0.043569
-0.0279293
-0.0124901
0.0027839
0.0179229
0.0329579
0.0479244
0.0628593
0.0777966
0.0927681
0.107808
0.122956
0.138253
0.153733
0.169428
0.185378
0.201634
0.218248
0.235266
0.252726
0.270675
0.289181
0.308309
0.328115
0.34866
0.370021
0.392289
0.415544
0.439866
0.465356
0.49212
0.520251
0.549851
0.58104
0.613933
0.648635
0.685253
0.723887
0.764618
0.807506
0.852578
0.899809
0.949111
1.00031
1.05312
1.10715
1.16181
1.21635
1.26974
1.32075
1.3678
1.40906
1.44242
1.46554
1.476
1.47197
1.45184
1.40833
1.3372
-1.07046
-1.14446
-1.18817
-1.20623
-1.20689
-1.19249
-1.16549
-1.12885
-1.08528
-1.03708
-0.986174
-0.934067
-0.881917
-0.830573
-0.780629
-0.732482
-0.68638
-0.642449
-0.600732
-0.561211
-0.523827
-0.488491
-0.455098
-0.423528
-0.393655
-0.365344
-0.338467
-0.312901
-0.288535
-0.265268
-0.243012
-0.221684
-0.201204
-0.181489
-0.162458
-0.144037
-0.126166
-0.108792
-0.0918694
-0.0753526
-0.0591924
-0.0433355
-0.0277284
-0.0123244
0.00291263
0.0180115
0.0330019
0.0479195
0.0628034
0.077691
0.0926165
0.107615
0.122724
0.137986
0.153436
0.169106
0.185037
0.201282
0.217898
0.23493
0.252419
0.270415
0.288983
0.308194
0.328106
0.348789
0.37033
0.392826
0.416364
0.441032
0.466942
0.494213
0.522959
0.553305
0.585396
0.619372
0.65537
0.693535
0.734014
0.77694
0.822433
0.870582
0.921428
0.974957
1.03107
1.08956
1.1501
1.21216
1.27499
1.33755
1.39849
1.45605
1.50809
1.55203
1.5849
1.60354
1.6053
1.58773
1.54194
1.46293
-1.19935
-1.28304
-1.32925
-1.34378
-1.33709
-1.31273
-1.27424
-1.2255
-1.16995
-1.11036
-1.04894
-0.987346
-0.926791
-0.868098
-0.811801
-0.758205
-0.70746
-0.659598
-0.61457
-0.572273
-0.532571
-0.495307
-0.460316
-0.427427
-0.396468
-0.367273
-0.339679
-0.31354
-0.288721
-0.265101
-0.242575
-0.221044
-0.200413
-0.18059
-0.161487
-0.143027
-0.125145
-0.107786
-0.0908993
-0.0744362
-0.0583424
-0.0425589
-0.0270276
-0.0116997
0.00345997
0.0184784
0.0333843
0.0482147
0.0630119
0.0778165
0.0926641
0.107589
0.122628
0.137821
0.153204
0.168812
0.184688
0.200887
0.217466
0.234471
0.251944
0.269934
0.28851
0.307743
0.327702
0.348462
0.370118
0.39277
0.416509
0.441433
0.467664
0.49534
0.524596
0.555579
0.588454
0.623389
0.660556
0.700144
0.742351
0.787373
0.835392
0.88657
0.941033
0.998861
1.06006
1.12455
1.19208
1.26224
1.33433
1.40736
1.47991
1.55005
1.61533
1.67264
1.71828
1.74805
1.7582
1.74499
1.69726
1.60881
-1.35111
-1.44657
-1.49465
-1.50301
-1.48543
-1.44725
-1.39351
-1.32932
-1.25893
-1.18565
-1.11193
-1.03953
-0.969622
-0.902939
-0.839884
-0.780622
-0.725152
-0.673372
-0.625112
-0.580163
-0.538295
-0.499273
-0.462862
-0.428834
-0.39697
-0.36706
-0.338914
-0.312357
-0.287229
-0.263392
-0.240721
-0.219102
-0.198427
-0.178596
-0.159514
-0.141102
-0.123289
-0.106017
-0.0892328
-0.0728824
-0.0569073
-0.0412441
-0.0258321
-0.0106226
0.00441754
0.0193134
0.0340942
0.0487994
0.0634748
0.0781632
0.0929003
0.107718
0.122652
0.13774
0.153021
0.168531
0.184316
0.200431
0.216932
0.233866
0.251272
0.2692
0.287723
0.306919
0.326863
0.347636
0.369333
0.392057
0.415904
0.440982
0.467428
0.495397
0.525042
0.556527
0.590039
0.625776
0.663948
0.704794
0.748567
0.795521
0.845914
0.899991
0.957984
1.02009
1.08646
1.15715
1.23208
1.31098
1.39331
1.47818
1.56418
1.64931
1.73081
1.80504
1.86738
1.91238
1.93472
1.92874
1.87989
1.78005
-1.53268
-1.64241
-1.69083
-1.68877
-1.65499
-1.5976
-1.52366
-1.43977
-1.35115
-1.26156
-1.17364
-1.0891
-1.00897
-0.933782
-0.863712
-0.79871
-0.738575
-0.683025
-0.631734
-0.584363
-0.540574
-0.500041
-0.462454
-0.427522
-0.394973
-0.36456
-0.336056
-0.309259
-0.283989
-0.260085
-0.237406
-0.215825
-0.195223
-0.175491
-0.15653
-0.138256
-0.120597
-0.103488
-0.086874
-0.0706963
-0.054893
-0.0393982
-0.0241506
-0.00910374
0.00577296
0.0205035
0.0351187
0.0496612
0.0641799
0.0787184
0.0933109
0.107987
0.122778
0.137724
0.152864
0.16824
0.183897
0.19989
0.216271
0.233084
0.250368
0.268176
0.286587
0.305684
0.325549
0.346262
0.367918
0.390621
0.414474
0.439597
0.466142
0.494277
0.524168
0.555996
0.58997
0.62632
0.665299
0.707191
0.752304
0.800956
0.853484
0.910236
0.971564
1.03781
1.1093
1.18625
1.26883
1.357
1.45046
1.54852
1.64996
1.75278
1.85406
1.94963
2.03389
2.0998
2.13991
2.14573
2.09755
1.98397
-1.75425
-1.88106
-1.92648
-1.90701
-1.84915
-1.76503
-1.66437
-1.55557
-1.44475
-1.33602
-1.23197
-1.13408
-1.04305
-0.959059
-0.881938
-0.811333
-0.74678
-0.68777
-0.633792
-0.584354
-0.538994
-0.497285
-0.458836
-0.423291
-0.390327
-0.359655
-0.331017
-0.304183
-0.278952
-0.255146
-0.23261
-0.211203
-0.190797
-0.171278
-0.152543
-0.134503
-0.117081
-0.100213
-0.083836
-0.0678913
-0.0523136
-0.0370364
-0.0220005
-0.00716226
0.00750625
0.0220291
0.0364395
0.0507833
0.0651109
0.0794652
0.0938771
0.108373
0.122984
0.137749
0.152713
0.167917
0.183409
0.199238
0.215452
0.232092
0.249198
0.266829
0.285069
0.304005
0.32372
0.344292
0.365815
0.388396
0.412147
0.4372
0.463718
0.491875
0.521847
0.553833
0.588068
0.624813
0.664358
0.707032
0.753191
0.803224
0.857556
0.916648
0.980987
1.05108
1.12742
1.21051
1.30078
1.39852
1.50381
1.61632
1.73517
1.85864
1.9838
2.10616
2.21913
2.31383
2.38001
2.405
2.36119
2.23132
-2.03152
-2.1778
-2.21331
-2.16495
-2.07121
-1.94995
-1.81421
-1.67421
-1.5368
-1.40603
-1.28411
-1.17196
-1.0697
-0.976942
-0.893051
-0.817259
-0.748772
-0.686812
-0.630655
-0.579639
-0.533168
-0.490708
-0.451784
-0.415975
-0.382909
-0.352259
-0.323738
-0.297091
-0.272099
-0.248571
-0.226337
-0.205248
-0.185169
-0.165981
-0.147578
-0.129868
-0.112771
-0.096218
-0.0801475
-0.0644965
-0.0491994
-0.0341909
-0.0194152
-0.00483255
0.00958349
0.0238579
0.0380262
0.0521365
0.0662391
0.0803742
0.0945692
0.108847
0.123239
0.137788
0.152538
0.167536
0.182823
0.198445
0.214442
0.230856
0.24773
0.265128
0.283137
0.301846
0.321334
0.341677
0.36297
0.385325
0.408863
0.433723
0.460071
0.488086
0.517956
0.549897
0.584167
0.621055
0.660881
0.704009
0.750852
0.801867
0.857574
0.918544
0.985403
1.05883
1.13957
1.22839
1.32608
1.43337
1.55083
1.67874
1.81681
1.9639
2.11752
2.2732
2.42361
2.55792
2.66248
2.71871
2.68671
2.53852
-2.38985
-2.55539
-2.56698
-2.47079
-2.32366
-2.1511
-1.96979
-1.79143
-1.62287
-1.46748
-1.32645
-1.19968
-1.08638
-0.985383
-0.895417
-0.815204
-0.743553
-0.679384
-0.621737
-0.569773
-0.522759
-0.480057
-0.441111
-0.40544
-0.372628
-0.342313
-0.314184
-0.287968
-0.263431
-0.24037
-0.218607
-0.197986
-0.178368
-0.159631
-0.141667
-0.124382
-0.107695
-0.0915356
-0.0758402
-0.0605449
-0.0455849
-0.0308979
-0.0164324
-0.00215213
0.0119682
0.0259548
0.0398453
0.0536882
0.0675317
0.0814122
0.095353
0.109376
0.123512
0.137807
0.15231
0.167064
0.182107
0.197475
0.213207
0.229343
0.245932
0.263043
0.28076
0.299171
0.31835
0.338372
0.359336
0.381359
0.404567
0.4291
0.455122
0.482819
0.512388
0.544062
0.578117
0.61486
0.654632
0.697834
0.74493
0.796448
0.852988
0.915229
0.983937
1.05998
1.14436
1.23816
1.34259
1.45892
1.58837
1.73205
1.89064
2.06406
2.25086
2.44729
2.64602
2.83466
2.99579
3.10298
3.09764
2.93198
-2.87279
-3.0483
-3.00772
-2.83262
-2.6065
-2.36397
-2.12462
-1.90034
-1.69659
-1.51484
-1.3544
-1.21357
-1.09023
-0.982174
-0.88735
-0.803892
-0.730169
-0.664777
-0.606519
-0.554381
-0.5075
-0.465143
-0.426686
-0.391599
-0.359428
-0.329788
-0.302347
-0.27682
-0.252963
-0.230568
-0.20945
-0.189451
-0.17043
-0.152264
-0.134845
-0.11808
-0.101888
-0.0861986
-0.0709474
-0.0560708
-0.0415058
-0.0271942
-0.0130894
0.00084189
0.0146243
0.0282851
0.0418627
0.0554043
0.0689543
0.0825443
0.0961939
0.109924
0.123769
0.137777
0.151998
0.16647
0.181225
0.196294
0.211712
0.227523
0.243778
0.260546
0.277909
0.295947
0.314732
0.334343
0.35488
0.376463
0.399216
0.423276
0.448807
0.475998
0.505058
0.536228
0.56979
0.606062
0.645405
0.688254
0.735113
0.786564
0.843279
0.906034
0.97573
1.05343
1.14037
1.23799
1.34795
1.47213
1.61259
1.77152
1.95096
2.15253
2.37671
2.62175
2.8817
3.14402
3.38823
3.57856
3.62942
3.45683
-3.55915
-3.70883
-3.55925
-3.25485
-2.91364
-2.57793
-2.26718
-1.99034
-1.749
-1.54092
-1.36241
-1.20943
-1.07811
-0.965007
-0.867174
-0.782114
-0.707754
-0.642377
-0.584571
-0.533165
-0.487191
-0.445839
-0.408436
-0.374415
-0.343303
-0.314696
-0.288253
-0.263684
-0.240742
-0.219215
-0.19892
-0.179696
-0.161406
-0.14393
-0.127162
-0.111012
-0.0953996
-0.0802562
-0.0655178
-0.0511223
-0.0370099
-0.0231274
-0.00943274
0.00410442
0.0175083
0.0308067
0.0440374
0.0572443
0.0704666
0.0837305
0.0970531
0.110456
0.123976
0.137665
0.151569
0.165721
0.180147
0.194871
0.209931
0.225371
0.241244
0.257613
0.274554
0.292144
0.310454
0.329564
0.349576
0.370606
0.392773
0.416208
0.441076
0.467569
0.495899
0.526307
0.559075
0.594524
0.633033
0.675056
0.721125
0.771859
0.827982
0.890351
0.959985
1.03811
1.12618
1.22597
1.33961
1.46963
1.61905
1.79131
1.9903
2.22003
2.48413
2.78465
3.11967
3.47967
3.84426
4.16967
4.3356
4.19446
-4.5922
-4.61259
-4.24408
-3.73214
-3.22784
-2.77292
-2.37909
-2.04636
-1.76846
-1.5371
-1.34424
-1.18281
-1.04691
-0.931732
-0.83342
-0.748883
-0.675656
-0.611767
-0.555634
-0.505978
-0.461759
-0.422126
-0.386377
-0.353933
-0.324312
-0.297109
-0.271982
-0.248644
-0.226851
-0.206396
-0.187098
-0.168802
-0.151376
-0.134706
-0.118692
-0.103248
-0.0882978
-0.0737743
-0.0596151
-0.045761
-0.0321568
-0.0187547
-0.00551727
0.00758323
0.0205705
0.0334722
0.0463237
0.0591637
0.0720249
0.0849286
0.0978907
0.110935
0.124101
0.137439
0.150992
0.164787
0.178843
0.193183
0.207843
0.22287
0.238312
0.254226
0.27068
0.287749
0.305505
0.324029
0.343417
0.363777
0.385223
0.40788
0.431914
0.457512
0.484881
0.514255
0.54591
0.580169
0.617414
0.658104
0.70278
0.752078
0.806755
0.867717
0.936062
1.01313
1.10055
1.20039
1.31516
1.44804
1.60298
1.78486
1.99966
2.25452
2.55757
2.91708
3.33926
3.82381
4.35828
4.89909
5.29298
5.29156
-6.23031
-5.85895
-5.07435
-4.24433
-3.51879
-2.91956
-2.4366
-2.05096
-1.74289
-1.49534
-1.29473
-1.13054
-0.994777
-0.881352
-0.78564
-0.704097
-0.633987
-0.573184
-0.520016
-0.473161
-0.431558
-0.394352
-0.360847
-0.330473
-0.302758
-0.277308
-0.253795
-0.231942
-0.211516
-0.192317
-0.174175
-0.156944
-0.140502
-0.124742
-0.109575
-0.0949196
-0.0807042
-0.0668649
-0.0533425
-0.0400822
-0.0270347
-0.0141578
-0.00141863
0.0112086
0.023747
0.0362225
0.0486662
0.0611102
0.0735805
0.0860948
0.0986692
0.11133
0.124118
0.137079
0.150251
0.163656
0.177308
0.191229
0.205457
0.220033
0.235
0.250407
0.266318
0.282804
0.299939
0.317797
0.336468
0.35605
0.376649
0.398389
0.421425
0.445939
0.472122
0.500198
0.530434
0.563144
0.598701
0.637552
0.680228
0.727361
0.779711
0.838193
0.903928
0.978308
1.06307
1.16044
1.27323
1.40509
1.56078
1.74651
1.97045
2.24329
2.57887
2.99447
3.51014
4.14515
4.90933
5.77866
6.60149
7.01008
-9.04824
-7.5729
-6.00231
-4.7181
-3.72011
-2.96647
-2.40407
-1.98113
-1.65812
-1.40727
-1.20916
-1.05014
-0.920559
-0.813496
-0.723912
-0.64808
-0.583197
-0.527132
-0.478237
-0.435226
-0.39708
-0.362986
-0.332285
-0.304442
-0.279016
-0.255639
-0.234008
-0.213867
-0.194998
-0.177218
-0.160371
-0.144325
-0.128971
-0.114213
-0.099972
-0.0861736
-0.0727526
-0.0596497
-0.0468108
-0.034187
-0.0217354
-0.00942004
0.00278839
0.0149136
0.0269771
0.0390018
0.051013
0.0630357
0.0750904
0.0871928
0.0993602
0.11162
0.12401
0.136573
0.149339
0.162326
0.175546
0.189021
0.202785
0.216876
0.231329
0.246185
0.261505
0.277357
0.29381
0.310932
0.328801
0.347505
0.367146
0.387839
0.409728
0.432977
0.457764
0.484296
0.512825
0.543645
0.577106
0.61363
0.653718
0.697972
0.747117
0.802033
0.863803
0.933788
1.01372
1.10583
1.21302
1.33915
1.48941
1.67091
1.89354
2.17123
2.52383
2.97968
3.57906
4.37499
5.42166
6.75928
8.38801
9.93051
-14.5397
-9.83281
-6.68377
-4.83423
-3.60581
-2.7651
-2.18622
-1.77559
-1.47383
-1.24533
-1.06784
-0.926898
-0.812837
-0.719004
-0.640693
-0.574491
-0.517874
-0.468938
-0.426224
-0.388599
-0.35517
-0.325226
-0.298194
-0.273609
-0.251086
-0.230306
-0.211005
-0.192959
-0.175981
-0.15991
-0.144612
-0.129975
-0.115906
-0.102326
-0.0891662
-0.0763628
-0.0638591
-0.0516034
-0.0395489
-0.0276546
-0.0158849
-0.00420965
0.00739586
0.0189524
0.030478
0.0419908
0.0535094
0.0650521
0.0766351
0.0882725
0.0999818
0.111789
0.123729
0.135836
0.148136
0.160643
0.173367
0.186329
0.199558
0.213083
0.226934
0.241145
0.255772
0.270877
0.286523
0.302764
0.319667
0.337313
0.355791
0.375205
0.395678
0.417356
0.440394
0.464978
0.491331
0.519717
0.550445
0.583889
0.620497
0.660804
0.70545
0.755216
0.811068
0.874218
0.946216
1.02907
1.12543
1.23885
1.3742
1.53836
1.74129
1.99783
2.33075
2.77647
3.39555
4.28403
5.57201
7.49488
10.7339
15.5511
-23.811
-12.0336
-6.40852
-4.12179
-2.91157
-2.1775
-1.71128
-1.39539
-1.16731
-0.994977
-0.860506
-0.752948
-0.665206
-0.592455
-0.531283
-0.479201
-0.434352
-0.395328
-0.361037
-0.33063
-0.303431
-0.278902
-0.256605
-0.236183
-0.217338
-0.199823
-0.183432
-0.167988
-0.153343
-0.13937
-0.125966
-0.113044
-0.100534
-0.0883758
-0.0765159
-0.0649051
-0.0534982
-0.0422539
-0.0311351
-0.0201095
-0.00914926
0.00176877
0.0126639
0.0235517
0.0344448
0.0453545
0.0562921
0.0672694
0.0782974
0.0893882
0.100558
0.111829
0.123233
0.134798
0.146545
0.158483
0.170621
0.182974
0.195563
0.208409
0.221533
0.234966
0.248754
0.262953
0.27761
0.292771
0.30849
0.324833
0.341873
0.359697
0.378403
0.398107
0.418942
0.441059
0.464642
0.489905
0.517102
0.546539
0.578576
0.613641
0.652246
0.695003
0.742665
0.79617
0.856706
0.925797
1.00543
1.09825
1.20787
1.33939
1.50023
1.70175
1.96246
2.31514
2.82326
3.60753
4.88586
7.26853
13.011
24.9114
0
0
0
0
0
0
0
0
0
0
0
0
0
0
0
0
0
0
0
0
0
0
0
0
0
0
0
0
0
0
0
0
0
0
0
0
0
0
0
0
0
0
0
0
0
0
0
0
0
0
0
0
0
0
0
0
0
0
0
0
0
0
0
0
0
0
0
0
0
0
0
0
0
0
0
0
0
0
0
0
0
0
0
0
0
0
0
0
0
0
0
0
0
0
0
0
0
0
0
0
)
;

boundaryField
{
    obstacleFixedWalls
    {
        type            zeroGradient;
    }
    obstacleFrontAndBack
    {
        type            empty;
    }
    movingWall
    {
        type            zeroGradient;
    }
    fixedWalls
    {
        type            zeroGradient;
    }
    frontAndBack
    {
        type            empty;
    }
}


// ************************************************************************* //
