/*--------------------------------*- C++ -*----------------------------------*\
  =========                 |
  \\      /  F ield         | OpenFOAM: The Open Source CFD Toolbox
   \\    /   O peration     | Website:  https://openfoam.org
    \\  /    A nd           | Version:  11
     \\/     M anipulation  |
\*---------------------------------------------------------------------------*/
FoamFile
{
    format      ascii;
    class       volScalarField;
    location    "2.5";
    object      p;
}
// * * * * * * * * * * * * * * * * * * * * * * * * * * * * * * * * * * * * * //

dimensions      [0 2 -2 0 0 0 0];

internalField   nonuniform List<scalar> 
10100
(
-1.14039e-08
0.00123785
0.00272849
0.00378818
0.00426443
0.00436639
0.00420699
0.00386671
0.00340803
0.00287761
0.00231144
0.00174328
0.00119883
0.000696483
0.000252699
-0.000116567
-0.000396427
-0.00057285
-0.000633746
-0.000569257
-0.000372948
-4.21283e-05
0.000426228
0.00103569
0.00178766
0.00268171
0.00371623
0.00488903
0.00619819
0.00764122
0.00921472
0.0109153
0.0127389
0.0146798
0.0167322
0.018892
0.0211553
0.0235178
0.0259751
0.0285216
0.0311492
0.0338482
0.0366108
0.0394318
0.0423066
0.0452267
0.048181
0.0511594
0.0541557
0.0571652
0.0601813
0.0631941
0.0661929
0.0691694
0.0721182
0.0750346
0.0779118
0.0807409
0.083512
0.0862173
0.0888509
0.091408
0.0938832
0.0962694
0.0985581
0.100741
0.102812
0.104764
0.106593
0.108292
0.109855
0.111274
0.112544
0.113657
0.114612
0.115407
0.116039
0.116509
0.116813
0.116952
0.116927
0.116741
0.116399
0.115909
0.115281
0.114526
0.113658
0.112691
0.111643
0.110532
0.109381
0.108215
0.107066
0.105967
0.104957
0.104078
0.103375
0.102895
0.102688
0.102743
0.0011453
0.00231031
0.00347073
0.00430289
0.00476372
0.00492876
0.00486807
0.00464465
0.0043101
0.00390398
0.00345981
0.00300629
0.00256874
0.00216735
0.00181801
0.00153601
0.00133497
0.00122732
0.00122508
0.00133744
0.00157091
0.00193051
0.00241909
0.00303852
0.00379067
0.0046758
0.00569288
0.00684159
0.00812036
0.00952452
0.0110501
0.0126961
0.01446
0.0163356
0.0183162
0.0203985
0.02258
0.0248569
0.0272243
0.029676
0.0322045
0.034801
0.0374587
0.0401733
0.0429397
0.0457493
0.0485911
0.051456
0.0543386
0.0572342
0.0601358
0.0630334
0.065917
0.0687795
0.0716162
0.0744224
0.0771909
0.0799126
0.0825782
0.0851804
0.087714
0.0901746
0.0925566
0.0948529
0.0970554
0.0991561
0.101149
0.103028
0.10479
0.106429
0.107939
0.109313
0.110545
0.111629
0.112563
0.113346
0.113977
0.114455
0.114779
0.11495
0.114968
0.114837
0.114562
0.114151
0.113613
0.11296
0.112205
0.111363
0.11045
0.109483
0.108484
0.107475
0.106486
0.105546
0.104686
0.103942
0.103345
0.102929
0.10274
0.102792
0.00306009
0.00385749
0.00458838
0.00515326
0.00550267
0.00564437
0.0056091
0.00543674
0.00516809
0.00483741
0.0044723
0.00409652
0.0037334
0.00340267
0.00312022
0.00290042
0.00275682
0.00270087
0.00274314
0.00289236
0.0031543
0.00353495
0.00403916
0.00466728
0.00541903
0.00629635
0.00730025
0.0084297
0.00968238
0.0110546
0.0125431
0.0141465
0.015862
0.0176835
0.0196052
0.0216249
0.0237406
0.0259485
0.0282431
0.0306178
0.0330655
0.0355789
0.0381521
0.0407807
0.0434588
0.0461779
0.0489279
0.051701
0.0544918
0.0572952
0.0601035
0.0629071
0.0656971
0.0684674
0.0712135
0.0739304
0.0766104
0.0792444
0.081824
0.0843425
0.0867952
0.0891774
0.0914836
0.0937067
0.0958389
0.0978727
0.0998024
0.101623
0.103332
0.104923
0.10639
0.107728
0.108929
0.109991
0.110909
0.111684
0.112314
0.1128
0.11314
0.113334
0.113386
0.113298
0.113076
0.112726
0.112259
0.111684
0.111016
0.110267
0.109453
0.10859
0.1077
0.106802
0.105923
0.105088
0.104325
0.103661
0.103123
0.102737
0.102546
0.102577
0.00508731
0.00552599
0.00592745
0.00624902
0.00644939
0.00651207
0.00644724
0.00627793
0.00603122
0.00573576
0.00541516
0.00508917
0.00477614
0.00449399
0.00425863
0.00408271
0.00397981
0.00396245
0.00403861
0.00421559
0.00450064
0.00489875
0.00541317
0.0060458
0.00679785
0.00767012
0.00866229
0.00977385
0.0110038
0.0123491
0.0138068
0.015375
0.0170498
0.0188252
0.0206968
0.0226638
0.0247249
0.0268753
0.029108
0.031417
0.0337967
0.0362408
0.0387432
0.0412986
0.0439013
0.0465437
0.0492168
0.0519128
0.0546259
0.0573507
0.0600797
0.0628042
0.0655159
0.0682088
0.0708783
0.0735192
0.076124
0.0786842
0.0811918
0.0836403
0.086025
0.0883412
0.0905833
0.0927445
0.0948173
0.096795
0.0986721
0.100445
0.102108
0.103659
0.105091
0.106398
0.107575
0.108617
0.109523
0.110292
0.110922
0.111414
0.111766
0.111981
0.11206
0.112007
0.111827
0.111526
0.111113
0.110599
0.109997
0.109318
0.108578
0.107792
0.106978
0.106156
0.10535
0.104583
0.103876
0.103253
0.102736
0.102349
0.102126
0.102089
0.00697521
0.00718272
0.00735301
0.00747983
0.00753308
0.00749858
0.00737989
0.0071878
0.00694008
0.00665811
0.00636131
0.0060672
0.00579029
0.00554497
0.00534649
0.00520716
0.0051376
0.00514966
0.00525321
0.0054544
0.00575831
0.00617
0.00669282
0.00732825
0.00807825
0.00894447
0.00992584
0.0110208
0.0122288
0.0135485
0.0149772
0.0165123
0.0181489
0.0198815
0.0217072
0.0236264
0.0256373
0.0277339
0.0299092
0.032158
0.0344757
0.036856
0.0392924
0.0417797
0.044313
0.0468855
0.0494882
0.052113
0.0547536
0.057405
0.0600609
0.062713
0.065353
0.0679745
0.0705727
0.0731428
0.0756781
0.0781707
0.0806124
0.0829967
0.0853187
0.0875738
0.0897568
0.0918612
0.0938801
0.0958068
0.097636
0.099364
0.100987
0.102501
0.103901
0.10518
0.106335
0.107361
0.108256
0.109018
0.109648
0.110145
0.110508
0.110741
0.110844
0.110822
0.110678
0.110418
0.110051
0.109589
0.109042
0.108421
0.107741
0.107015
0.10626
0.105496
0.104743
0.10402
0.103346
0.102741
0.102222
0.101811
0.101528
0.101384
0.00883748
0.00883687
0.00881909
0.00878212
0.00870018
0.00856389
0.00837558
0.00814286
0.00787679
0.00759215
0.00730379
0.00702499
0.00676973
0.00655074
0.00637884
0.0062662
0.00622413
0.00626106
0.00638499
0.0066039
0.00692318
0.00734594
0.00787449
0.00851078
0.00925753
0.0101165
0.0110863
0.0121653
0.0133535
0.0146499
0.0160511
0.0175541
0.0191548
0.0208486
0.0226333
0.024509
0.0264735
0.0285206
0.0306437
0.0328381
0.0350992
0.0374207
0.0397964
0.0422218
0.0446924
0.0472014
0.0497396
0.0522986
0.0548726
0.0574572
0.0600467
0.062633
0.0652074
0.0677632
0.0702959
0.0728013
0.0752735
0.0777047
0.0800865
0.0824121
0.0846765
0.0868758
0.0890054
0.0910591
0.0930299
0.0949111
0.0966974
0.0983853
0.0999715
0.101452
0.102823
0.104078
0.105213
0.106224
0.107109
0.107866
0.108495
0.108996
0.109369
0.109616
0.10974
0.109743
0.109628
0.109403
0.109075
0.108655
0.108152
0.107578
0.106945
0.106265
0.105555
0.104832
0.104113
0.103415
0.102754
0.102146
0.101607
0.101152
0.100789
0.100512
0.010696
0.0104923
0.0103047
0.0101214
0.00991486
0.00967727
0.00941051
0.00912494
0.00882697
0.00852427
0.00823005
0.00795521
0.0077093
0.00750345
0.00734838
0.00725415
0.00723045
0.00728516
0.00742523
0.00765751
0.00798681
0.00841616
0.0089481
0.00958453
0.0103274
0.0111779
0.0121353
0.0131991
0.0143697
0.0156447
0.0170202
0.0184934
0.0200615
0.0217205
0.0234683
0.0253046
0.0272273
0.0292303
0.0313068
0.033452
0.0356616
0.0379301
0.0402516
0.0426219
0.0450363
0.0474878
0.0499672
0.0524666
0.0549808
0.0575059
0.060036
0.0625628
0.0650774
0.0675736
0.0700474
0.0724951
0.0749112
0.0772874
0.0796152
0.0818877
0.0841004
0.08625
0.0883323
0.0903415
0.0922703
0.0941117
0.0958603
0.0975126
0.0990658
0.100517
0.101861
0.103095
0.104212
0.105211
0.106087
0.106839
0.107467
0.10797
0.108351
0.108611
0.108751
0.108773
0.108683
0.108485
0.108188
0.107802
0.107334
0.106796
0.106198
0.105551
0.104871
0.104173
0.103472
0.102783
0.102118
0.101491
0.100914
0.100402
0.0999427
0.0995187
0.0125475
0.0121459
0.0117962
0.0114769
0.0111503
0.0108137
0.0104686
0.0101209
0.00977922
0.00944841
0.00913585
0.00885202
0.00860563
0.00840393
0.00825573
0.00817062
0.00815744
0.00822328
0.00837399
0.00861485
0.00894984
0.00938223
0.00991496
0.0105496
0.0112874
0.0121293
0.013075
0.0141244
0.015278
0.016533
0.0178851
0.0193316
0.0208704
0.0224981
0.0242128
0.0260144
0.0279002
0.0298638
0.0318983
0.0339992
0.0361628
0.0383844
0.0406582
0.0429795
0.0453435
0.047743
0.0501694
0.0526156
0.0550768
0.0575491
0.0600263
0.0624995
0.0649603
0.067403
0.0698246
0.0722216
0.0745882
0.0769155
0.0791949
0.0814198
0.0835868
0.085693
0.0877346
0.0897054
0.0915979
0.0934046
0.09512
0.0967411
0.0982654
0.0996903
0.101012
0.102227
0.103329
0.104316
0.105184
0.105931
0.106558
0.107064
0.107451
0.10772
0.107872
0.10791
0.107838
0.107662
0.10739
0.10703
0.106589
0.106076
0.105502
0.104878
0.104216
0.10353
0.102834
0.102138
0.101456
0.100795
0.100169
0.0995871
0.0990227
0.0984443
0.0143832
0.0137882
0.0132828
0.0128329
0.0123899
0.0119548
0.0115303
0.0111177
0.010724
0.0103553
0.0100161
0.00971358
0.00945542
0.0092481
0.00909886
0.00901565
0.0090059
0.00907588
0.00923088
0.00947548
0.00981278
0.0102455
0.0107763
0.0114068
0.0121382
0.0129715
0.0139062
0.0149421
0.0160797
0.0173161
0.0186468
0.0200692
0.021582
0.0231823
0.0248682
0.0266392
0.0284924
0.0304207
0.0324176
0.0344794
0.0366031
0.0387839
0.0410157
0.0432934
0.0456121
0.0479653
0.0503451
0.0527447
0.0551593
0.0575848
0.0600146
0.06244
0.0648532
0.0672493
0.0696255
0.0719784
0.0743016
0.0765858
0.0788224
0.0810058
0.0831331
0.0852022
0.0872093
0.0891476
0.091009
0.0927857
0.0944725
0.0960665
0.0975659
0.0989685
0.100271
0.10147
0.10256
0.103537
0.104398
0.105141
0.105766
0.106274
0.106665
0.10694
0.107102
0.107152
0.107095
0.106935
0.106681
0.106339
0.105917
0.105422
0.104863
0.104251
0.103597
0.102913
0.102209
0.101497
0.100784
0.10008
0.0993937
0.0987339
0.098058
0.0973226
0.0161906
0.0154056
0.0147506
0.0141758
0.0136199
0.0130869
0.0125797
0.0120995
0.0116498
0.0112361
0.0108626
0.0105335
0.0102546
0.0100327
0.00987485
0.00978678
0.00977393
0.0098419
0.0099957
0.0102394
0.0105753
0.0110057
0.0115325
0.0121572
0.012881
0.0137053
0.0146294
0.015653
0.0167758
0.0179949
0.019306
0.0207071
0.0221975
0.0237743
0.0254354
0.0271795
0.0290034
0.0309006
0.0328649
0.0348933
0.0369828
0.0391282
0.0413231
0.0435621
0.0458409
0.0481538
0.0504933
0.0528527
0.0552269
0.0576111
0.059999
0.0623826
0.0647546
0.0671109
0.0694486
0.0717637
0.0740492
0.076296
0.0784958
0.0806437
0.0827376
0.0847758
0.086754
0.0886651
0.0905002
0.0922516
0.093914
0.0954851
0.0969638
0.0983483
0.0996355
0.100821
0.101901
0.102869
0.103724
0.104463
0.105086
0.105594
0.105988
0.106269
0.106438
0.106497
0.106451
0.106304
0.106062
0.105733
0.105322
0.104836
0.104285
0.103676
0.103021
0.102329
0.101609
0.100869
0.100118
0.0993606
0.0986069
0.097863
0.0970721
0.0961804
0.0179547
0.0169858
0.0161851
0.0154905
0.0148251
0.0141951
0.0136047
0.0130537
0.0125441
0.0120803
0.0116658
0.0113033
0.0109972
0.0107543
0.0105807
0.0104807
0.0104588
0.0105198
0.0106681
0.0109069
0.0112379
0.0116631
0.0121842
0.0128019
0.0135176
0.0143327
0.0152466
0.0162583
0.0173673
0.0185707
0.0198646
0.0212477
0.0227193
0.0242762
0.0259154
0.0276358
0.0294343
0.031305
0.0332419
0.0352421
0.0373025
0.0394173
0.0415799
0.0437854
0.04603
0.0483086
0.050614
0.0529391
0.0552783
0.0576268
0.0599787
0.0623266
0.0646642
0.0669873
0.0692927
0.071576
0.0738296
0.0760446
0.0782136
0.0803324
0.0823992
0.0844121
0.0863666
0.088255
0.0900683
0.0917985
0.0934408
0.0949933
0.0964556
0.097826
0.0991014
0.100277
0.101348
0.10231
0.103158
0.103893
0.104514
0.105023
0.105419
0.105703
0.105878
0.105944
0.105906
0.105766
0.105532
0.105208
0.104802
0.104319
0.103768
0.103156
0.102492
0.101784
0.101039
0.100265
0.0994662
0.0986495
0.0978224
0.0969903
0.096083
0.0950373
0.0196639
0.0185169
0.0175728
0.0167618
0.0159912
0.0152648
0.014591
0.0139677
0.0133957
0.0128774
0.0124159
0.0120143
0.0116766
0.0114078
0.0112123
0.0110942
0.0110582
0.0111083
0.0112477
0.0114782
0.0118013
0.0122187
0.0127323
0.0133425
0.0140501
0.0148562
0.0157598
0.0167599
0.0178563
0.0190462
0.020326
0.0216944
0.0231502
0.0246899
0.0263103
0.0280105
0.0297879
0.0316368
0.0335514
0.0355281
0.0375635
0.0396521
0.0417874
0.0439649
0.0461812
0.0484313
0.0507082
0.0530043
0.0553138
0.0576322
0.059954
0.0622728
0.0645825
0.0668787
0.0691578
0.0714147
0.0736421
0.0758314
0.0779757
0.0800714
0.0821168
0.0841097
0.0860452
0.0879152
0.0897107
0.0914238
0.0930502
0.0945886
0.0960387
0.097399
0.0986658
0.0998342
0.100898
0.101854
0.102697
0.103428
0.104047
0.104555
0.104952
0.10524
0.105419
0.10549
0.105456
0.10532
0.105088
0.104764
0.104356
0.10387
0.103313
0.102691
0.102012
0.101281
0.100504
0.0996876
0.0988366
0.097955
0.0970504
0.0961275
0.0951038
0.093908
0.0213031
0.0199869
0.0189039
0.0179771
0.0171034
0.0162833
0.0155254
0.0148289
0.0141924
0.0136165
0.0131043
0.0126598
0.0122864
0.0119867
0.0117644
0.0116242
0.0115706
0.0116066
0.0117334
0.0119527
0.0122657
0.0126741
0.0131793
0.0137815
0.0144806
0.0152774
0.0161709
0.0171605
0.0182462
0.0194253
0.0206938
0.0220502
0.0234928
0.0250181
0.0266231
0.0283071
0.0300679
0.0318997
0.033796
0.0357533
0.0377681
0.0398351
0.0419481
0.044103
0.0462965
0.0485238
0.0507773
0.0530495
0.0553347
0.0576287
0.0599268
0.0622229
0.064511
0.0667862
0.0690444
0.0712805
0.0734873
0.0756569
0.0777827
0.079861
0.0818904
0.0838683
0.0857892
0.087645
0.0894267
0.0911269
0.0927416
0.0942701
0.0957122
0.097066
0.0983275
0.0994907
0.10055
0.1015
0.102338
0.103065
0.103682
0.104189
0.104588
0.104877
0.105059
0.105132
0.1051
0.104963
0.104728
0.104401
0.103986
0.103491
0.102922
0.102284
0.101582
0.100822
0.100007
0.0991434
0.0982349
0.0972844
0.0962993
0.0952841
0.0941452
0.0928034
0.0228568
0.0213823
0.0201668
0.0191259
0.0181499
0.0172385
0.0163968
0.0156255
0.0149225
0.0142876
0.0137232
0.013233
0.0128193
0.0124845
0.0122326
0.0120682
0.0119945
0.0120128
0.012124
0.0123299
0.0126319
0.0130309
0.0135274
0.0141205
0.0148104
0.0155978
0.0164823
0.0174634
0.0185408
0.0197115
0.0209709
0.0223174
0.0237494
0.0252636
0.026857
0.0285291
0.0302775
0.032096
0.033978
0.0359199
0.0379185
0.0399688
0.0420648
0.0442023
0.0463782
0.0485875
0.0508227
0.0530763
0.0553427
0.0576185
0.0598991
0.0621788
0.0644512
0.0667109
0.0689538
0.0711746
0.0733669
0.0755228
0.0776359
0.0797026
0.0817211
0.0836886
0.0855994
0.0874452
0.0892172
0.0909085
0.0925158
0.0940387
0.0954767
0.0968275
0.0980862
0.0992462
0.100301
0.101247
0.102082
0.102806
0.103421
0.103927
0.104326
0.104616
0.104798
0.104871
0.104837
0.104696
0.104455
0.104119
0.103693
0.103184
0.102597
0.101937
0.101207
0.100411
0.0995531
0.0986374
0.0976673
0.0966448
0.0955772
0.0944689
0.0932164
0.0917335
0.0243131
0.0226901
0.0213492
0.0201977
0.0191205
0.0181184
0.0171944
0.0163477
0.0155771
0.0148823
0.0142645
0.0137258
0.0132688
0.0128967
0.0126139
0.0124233
0.0123266
0.0123245
0.0124184
0.0126102
0.0129008
0.0132897
0.0137764
0.0143597
0.0150401
0.0158192
0.0166964
0.017671
0.018742
0.019906
0.0211584
0.0224973
0.0239218
0.0254285
0.0270144
0.0286786
0.0304183
0.032227
0.0340985
0.0360292
0.0380163
0.040055
0.042139
0.0442641
0.0464272
0.0486235
0.0508455
0.0530859
0.0553396
0.0576033
0.0598727
0.0621418
0.0644041
0.0666539
0.0688869
0.0710984
0.0732819
0.07543
0.0775363
0.0795969
0.0816096
0.0835715
0.0854766
0.0873167
0.0890832
0.0907699
0.0923741
0.0938954
0.0953329
0.0966837
0.0979419
0.0991006
0.100154
0.101097
0.101929
0.10265
0.103264
0.103769
0.104167
0.104456
0.104637
0.104707
0.104668
0.10452
0.104269
0.10392
0.103479
0.102952
0.102342
0.101653
0.10089
0.100053
0.0991476
0.0981759
0.097141
0.096044
0.0948923
0.093691
0.0923273
0.090708
0.0256646
0.0238998
0.0224398
0.0211818
0.0200052
0.0189131
0.0179083
0.0169869
0.0161483
0.0153924
0.0147194
0.0141307
0.0136294
0.0132194
0.0129041
0.0126848
0.0125627
0.012539
0.0126155
0.0127933
0.0130717
0.0134491
0.0139248
0.0144981
0.0151702
0.0159425
0.0168143
0.0177838
0.0188497
0.0200085
0.0212558
0.0225902
0.0240107
0.0255137
0.0270956
0.0287551
0.0304894
0.0322921
0.0341571
0.0360812
0.0380618
0.0400936
0.0421705
0.044288
0.0464431
0.0486313
0.0508454
0.0530785
0.0553256
0.0575833
0.0598474
0.0621117
0.0643693
0.0666147
0.0688436
0.0710515
0.0732322
0.0753784
0.0774834
0.0795432
0.0815552
0.0835161
0.08542
0.0872586
0.0890241
0.0907107
0.0923159
0.0938394
0.0952798
0.0966331
0.0978931
0.0990526
0.100106
0.101048
0.101879
0.102599
0.103211
0.103715
0.104111
0.104399
0.104576
0.104641
0.104594
0.104436
0.104172
0.103807
0.103347
0.102796
0.102159
0.101437
0.100635
0.0997546
0.0987972
0.0977661
0.0966635
0.0954901
0.0942537
0.0929601
0.0914879
0.0897369
0.026906
0.0250033
0.0234285
0.0220692
0.0207957
0.0196147
0.0185294
0.0175344
0.0166279
0.0158098
0.0150804
0.0144415
0.013896
0.0134473
0.0130976
0.0128478
0.0126994
0.0126543
0.0127135
0.0128766
0.0131413
0.0135059
0.0139702
0.0145345
0.0151999
0.0159672
0.0168346
0.0177999
0.0188619
0.0200172
0.0212621
0.0225952
0.0240151
0.0255175
0.0270984
0.0287565
0.0304888
0.0322894
0.0341524
0.0360746
0.0380533
0.040083
0.0421574
0.044272
0.046424
0.0486094
0.0508215
0.0530531
0.0552995
0.0575572
0.0598218
0.0620868
0.0643452
0.0665917
0.0688222
0.0710323
0.0732159
0.0753657
0.0774749
0.079539
0.0815552
0.0835197
0.0854268
0.0872685
0.0890374
0.0907284
0.0923389
0.0938682
0.0953145
0.0966732
0.0979375
0.0991003
0.100156
0.1011
0.101932
0.102653
0.103264
0.103766
0.10416
0.104443
0.104615
0.104673
0.104616
0.104446
0.104166
0.103782
0.103299
0.102721
0.102052
0.101295
0.100451
0.0995219
0.0985098
0.0974167
0.0962444
0.0949934
0.0936721
0.0922873
0.0907093
0.0888307
0.0280329
0.0259949
0.0243078
0.0228513
0.0214843
0.0202154
0.0190494
0.0179813
0.0170073
0.0161269
0.0153411
0.0146519
0.0140619
0.0135733
0.0131878
0.0129071
0.0127331
0.012667
0.0127082
0.0128549
0.0131045
0.013456
0.0139101
0.014467
0.0151271
0.0158902
0.0167539
0.0177159
0.0187754
0.0199298
0.0211753
0.0225102
0.0239324
0.0254369
0.0270196
0.0286793
0.0304134
0.0322162
0.0340817
0.0360067
0.037988
0.0400202
0.0420967
0.0442132
0.0463675
0.0485558
0.0507716
0.0530079
0.0552595
0.0575227
0.0597932
0.0620643
0.0643292
0.0665824
0.0688202
0.0710382
0.0732303
0.0753889
0.0775073
0.0795807
0.0816058
0.0835787
0.0854934
0.0873429
0.0891201
0.09082
0.09244
0.0939789
0.0954343
0.0968013
0.0980729
0.099242
0.100303
0.101251
0.102086
0.102809
0.103421
0.103922
0.104313
0.104593
0.104758
0.104807
0.104738
0.104553
0.104255
0.10385
0.103341
0.102734
0.102031
0.101234
0.100345
0.0993652
0.098296
0.0971389
0.0958953
0.0945658
0.0931597
0.0916846
0.090003
0.0880002
0.0290404
0.0268703
0.0250726
0.0235203
0.0220626
0.0207074
0.0194612
0.01832
0.0172789
0.0163366
0.0154946
0.014755
0.0141197
0.0135904
0.0131691
0.0128582
0.0126592
0.0125715
0.012593
0.0127218
0.0129561
0.0132956
0.0137411
0.014292
0.0149475
0.0157069
0.0165675
0.0175277
0.0185872
0.0197434
0.0209924
0.0223317
0.0237585
0.0252677
0.0268553
0.0285202
0.0302603
0.0320696
0.0339422
0.0358743
0.0378627
0.0399019
0.0419853
0.0441092
0.0462714
0.0484686
0.0506941
0.0529407
0.0552031
0.0574774
0.0597592
0.062042
0.064319
0.0665848
0.0688355
0.0710669
0.0732728
0.0754456
0.0775782
0.0796655
0.0817041
0.0836899
0.0856172
0.0874793
0.0892697
0.0909834
0.0926173
0.0941697
0.0956377
0.0970163
0.0982986
0.0994772
0.100546
0.101502
0.102343
0.10307
0.103684
0.104186
0.104575
0.10485
0.105009
0.105048
0.104965
0.104764
0.104446
0.104017
0.103481
0.102842
0.102103
0.101264
0.100328
0.0992956
0.0981673
0.0969445
0.0956284
0.0942198
0.0927287
0.091164
0.08938
0.0872551
0.0299225
0.027624
0.0257175
0.0240697
0.0225227
0.0210831
0.0197582
0.0185436
0.0174353
0.0164317
0.0155335
0.0147431
0.0140621
0.0134924
0.0130362
0.0126956
0.0124709
0.0123602
0.0123608
0.0124714
0.0126914
0.0130205
0.0134588
0.0140044
0.0146557
0.0154119
0.0162708
0.0172315
0.0182939
0.0194549
0.0207099
0.0220558
0.0234896
0.0250065
0.0266025
0.0282767
0.030027
0.0318473
0.0337312
0.0356749
0.0376749
0.0397258
0.0418216
0.0439585
0.0461347
0.0483467
0.0505877
0.0528504
0.0551291
0.05742
0.0597186
0.0620188
0.0643137
0.066598
0.0688673
0.0711176
0.0733426
0.0755345
0.0776861
0.0797921
0.0818488
0.0838522
0.0857971
0.087677
0.0894858
0.091218
0.0928704
0.0944404
0.0959249
0.0973187
0.098615
0.0998065
0.100887
0.101853
0.102702
0.103435
0.104054
0.104558
0.104947
0.105219
0.10537
0.105398
0.105302
0.105082
0.104744
0.10429
0.103726
0.103054
0.102277
0.101395
0.100411
0.0993232
0.0981338
0.0968437
0.095454
0.0939655
0.092389
0.0907344
0.0888485
0.0866023
0.0306726
0.0282499
0.0262368
0.0244948
0.0228589
0.0213363
0.0199333
0.0186454
0.0174696
0.0164047
0.0154507
0.0146093
0.0138828
0.0132734
0.012783
0.0124124
0.0121607
0.0120256
0.0120052
0.0120989
0.0123062
0.0126263
0.0130579
0.0135984
0.0142461
0.0150006
0.0158603
0.0168245
0.0178925
0.0190608
0.020324
0.0216788
0.0231226
0.0246505
0.026259
0.027947
0.0297118
0.0315472
0.0334468
0.0354064
0.0374229
0.0394909
0.0416047
0.0437607
0.0459571
0.0481899
0.0504523
0.0527366
0.0550371
0.0573502
0.0596715
0.0619949
0.0643138
0.0666223
0.068916
0.0711905
0.0734398
0.0756559
0.0778314
0.0799607
0.0820403
0.0840663
0.0860338
0.0879369
0.089769
0.0915247
0.0932
0.0947919
0.0962969
0.0977096
0.0990232
0.10023
0.101325
0.102304
0.103164
0.103907
0.104533
0.105042
0.105432
0.105701
0.105845
0.105862
0.105751
0.105514
0.105154
0.104676
0.104083
0.103377
0.10256
0.101634
0.100599
0.0994552
0.0982031
0.0968441
0.0953793
0.0938096
0.0921468
0.0904017
0.0884132
0.0860458
0.0312859
0.0287419
0.0266255
0.0247911
0.0230663
0.0214603
0.0199794
0.0186187
0.0173756
0.0162492
0.0152395
0.0143477
0.0135761
0.0129274
0.0124026
0.0120011
0.0117213
0.0115619
0.0115217
0.0116002
0.0117963
0.012108
0.0125331
0.013069
0.0137146
0.0144699
0.0153334
0.0163038
0.01738
0.0185578
0.0198316
0.0211984
0.0226556
0.0241987
0.0258241
0.0275301
0.0293137
0.0311686
0.0330881
0.0350684
0.0371065
0.0391972
0.0413351
0.0435164
0.0457389
0.0479985
0.0502879
0.0525994
0.0549275
0.0572686
0.0596186
0.0619714
0.0643201
0.0666587
0.0689824
0.0712867
0.0735654
0.0758106
0.078015
0.0801727
0.0822801
0.0843338
0.0863293
0.0882606
0.0901211
0.091905
0.0936076
0.0952256
0.0967549
0.0981901
0.0995241
0.10075
0.101862
0.102856
0.10373
0.104486
0.105121
0.105636
0.106029
0.106296
0.106434
0.106441
0.106316
0.106061
0.105681
0.105178
0.104555
0.103815
0.102958
0.101986
0.100899
0.0996969
0.0983803
0.0969504
0.0954086
0.093756
0.0920054
0.0901685
0.0880764
0.0855872
0.0317603
0.0290961
0.0268784
0.024953
0.0231395
0.0214493
0.0198902
0.0184573
0.0171472
0.0159593
0.0148939
0.0139522
0.0131362
0.0124481
0.0118882
0.0114552
0.0111478
0.0109654
0.0109071
0.0109719
0.0111573
0.0114608
0.01188
0.0124128
0.0130587
0.0138177
0.0146879
0.0156673
0.016754
0.0179436
0.019231
0.0206133
0.0220882
0.023651
0.0252976
0.0270259
0.0288325
0.030711
0.0326552
0.0346613
0.0367265
0.0388459
0.0410139
0.0432266
0.0454811
0.0477731
0.0500951
0.0524395
0.0548009
0.0571761
0.0595609
0.0619492
0.0643338
0.0667081
0.0690674
0.0714069
0.0737203
0.0759999
0.0782383
0.0804296
0.0825703
0.0846571
0.0866857
0.0886504
0.0905443
0.0923609
0.0940952
0.0957432
0.0973005
0.0987615
0.100119
0.101366
0.102498
0.103511
0.104402
0.105172
0.10582
0.106343
0.10674
0.107006
0.107139
0.107137
0.106999
0.106728
0.106327
0.105799
0.105147
0.104371
0.103473
0.102454
0.101314
0.100052
0.0986685
0.0971655
0.0955443
0.0938068
0.0919665
0.0900362
0.0878394
0.0852278
0.0320946
0.02931
0.0269903
0.024974
0.0230726
0.021298
0.0196606
0.0181557
0.0167788
0.0155293
0.0144083
0.013417
0.012557
0.0118293
0.0112339
0.0107698
0.0104364
0.0102329
0.010158
0.0102097
0.0103849
0.0106807
0.0110956
0.0116279
0.0122771
0.0130428
0.0139223
0.0149129
0.0160124
0.0172168
0.0185214
0.0199236
0.0214205
0.0230073
0.0246792
0.0264337
0.0282674
0.0301742
0.0321479
0.0341852
0.0362832
0.0384372
0.0406414
0.0428911
0.0451832
0.047513
0.0498732
0.0522563
0.0546572
0.0570727
0.0594986
0.0619283
0.0643545
0.0667704
0.0691708
0.0715509
0.0739047
0.0762244
0.0785025
0.0807333
0.082913
0.0850384
0.0871056
0.0891087
0.0910407
0.0928945
0.0946647
0.0963466
0.0979356
0.0994257
0.10081
0.102082
0.103237
0.104271
0.105182
0.105968
0.10663
0.107163
0.107565
0.107833
0.107962
0.107953
0.107804
0.107517
0.107096
0.106543
0.10586
0.105049
0.104109
0.103041
0.101846
0.100522
0.0990701
0.0974915
0.0957887
0.0939639
0.0920321
0.0900069
0.0877046
0.08497
0.0322859
0.0293798
0.0269564
0.0248487
0.0228599
0.0210017
0.0192857
0.017708
0.0162643
0.0149536
0.0137771
0.0127365
0.0118325
0.0110654
0.0104351
0.00994133
0.00958366
0.00936069
0.00927009
0.00930921
0.00947493
0.00976493
0.0101781
0.0107129
0.0113685
0.0121434
0.0130344
0.0140387
0.0151539
0.0163766
0.0177025
0.0191287
0.020652
0.0222666
0.0239677
0.0257526
0.0276177
0.0295574
0.0315659
0.0336399
0.0357765
0.0379709
0.0402166
0.0425087
0.0448437
0.0472167
0.0496207
0.0520485
0.0544951
0.0569571
0.0594301
0.0619074
0.0643809
0.0668439
0.069291
0.0717177
0.0741177
0.0764835
0.0788076
0.0810841
0.083309
0.085479
0.0875902
0.0896368
0.0916116
0.0935072
0.0953175
0.0970374
0.0986619
0.100185
0.1016
0.1029
0.104081
0.105139
0.106072
0.106878
0.107554
0.108099
0.108509
0.108779
0.108907
0.108892
0.108733
0.108432
0.107991
0.107413
0.106699
0.105851
0.104869
0.103752
0.102499
0.101111
0.0995877
0.0979314
0.0961449
0.0942311
0.0922061
0.090085
0.0876766
0.0848185
0.0323294
0.029301
0.0267734
0.0245733
0.0224965
0.0205549
0.0187598
0.0171083
0.0155976
0.0142261
0.0129947
0.0119048
0.010957
0.0101512
0.00948747
0.00896585
0.00858548
0.00834407
0.00823849
0.00826598
0.00842398
0.00871077
0.00912529
0.00966573
0.0103301
0.0111165
0.0120213
0.0130419
0.0141764
0.0154215
0.0167729
0.0182272
0.0197804
0.0214268
0.023161
0.0249802
0.0268813
0.028859
0.0309077
0.0330241
0.0352049
0.0374448
0.0397371
0.0420766
0.0444596
0.0468813
0.049335
0.0518135
0.0543119
0.0568265
0.0593526
0.0618831
0.0644096
0.0669253
0.0694249
0.0719041
0.0743567
0.0767752
0.079152
0.0814807
0.0837572
0.0859781
0.0881391
0.0902345
0.0922569
0.0941989
0.0960537
0.0978161
0.0994803
0.10104
0.10249
0.103822
0.105033
0.106119
0.107076
0.107903
0.108597
0.109155
0.109574
0.10985
0.109979
0.10996
0.109791
0.109476
0.109016
0.108413
0.107668
0.106783
0.105757
0.104588
0.103278
0.101823
0.100227
0.0984909
0.0966192
0.0946149
0.0924958
0.0902782
0.0877631
0.0847804
0.0322213
0.0290699
0.0264378
0.0241441
0.0219775
0.0199513
0.0180766
0.0163513
0.0147732
0.0133412
0.0120553
0.0109164
0.00992511
0.00908165
0.00838617
0.00783816
0.00743605
0.00717689
0.00705737
0.00707507
0.00722803
0.00751469
0.00793356
0.00848205
0.00915752
0.00995747
0.0108788
0.011919
0.0130766
0.0143482
0.0157289
0.017215
0.0188018
0.0204834
0.0222546
0.0241126
0.0260546
0.0280754
0.0301698
0.032334
0.0345641
0.0368543
0.039198
0.0415899
0.0440261
0.0465021
0.0490113
0.0515466
0.0541029
0.056676
0.0592609
0.0618502
0.0644354
0.0670096
0.0695677
0.0721056
0.0746175
0.0770956
0.0795319
0.0819199
0.0842547
0.0865327
0.0887496
0.0908994
0.0929748
0.094968
0.0968723
0.0986819
0.100391
0.101993
0.103482
0.104851
0.106096
0.107212
0.108197
0.109048
0.109762
0.110337
0.110768
0.111051
0.111183
0.111161
0.110985
0.110656
0.110177
0.109549
0.108774
0.107851
0.10678
0.105559
0.104188
0.102667
0.100996
0.0991792
0.0972211
0.0951256
0.0929117
0.0905967
0.0879734
0.0848639
0.0319596
0.0286832
0.0259453
0.0235567
0.0212981
0.0191853
0.0172308
0.0154317
0.0137861
0.0122932
0.0109528
0.00976511
0.00873094
0.00785094
0.00712497
0.00655157
0.0061284
0.00585243
0.00572068
0.00573118
0.00588213
0.00617156
0.00659717
0.00715577
0.00784443
0.0086607
0.00960174
0.0106654
0.0118501
0.0131518
0.0145656
0.0160868
0.0177107
0.0194312
0.0212436
0.0231451
0.0251329
0.0272023
0.0293477
0.0315647
0.0338489
0.0361941
0.0385939
0.0410431
0.043538
0.0460741
0.0486447
0.0512428
0.053863
0.0565005
0.0591499
0.0618036
0.0644533
0.067092
0.0697149
0.0723181
0.0748959
0.0774406
0.0799435
0.0823975
0.0847973
0.0871389
0.0894178
0.091628
0.093762
0.095812
0.0977712
0.0996336
0.101393
0.103043
0.104576
0.105987
0.10727
0.108421
0.109437
0.110316
0.111054
0.111648
0.112094
0.112388
0.112524
0.112502
0.11232
0.111979
0.111482
0.11083
0.110024
0.109062
0.107946
0.106672
0.10524
0.10365
0.101905
0.100007
0.0979619
0.0957745
0.0934645
0.0910504
0.0883159
0.0850754
0.0315433
0.0281372
0.0252903
0.0228052
0.0204532
0.0182523
0.0162173
0.0143443
0.0126306
0.0110762
0.00968083
0.00844461
0.00736837
0.00645273
0.00569699
0.00509884
0.00465549
0.00436417
0.00422244
0.0042285
0.00438015
0.00467466
0.00510904
0.00567982
0.00638424
0.00722008
0.00818467
0.00927572
0.0104911
0.0118266
0.0132768
0.0148368
0.0165015
0.0182651
0.0201232
0.0220733
0.0241126
0.026236
0.0284375
0.0307121
0.0330549
0.0354598
0.0379207
0.0404328
0.0429921
0.0455941
0.0482321
0.050899
0.0535888
0.0562965
0.0590162
0.0617401
0.0644602
0.0671696
0.0698638
0.0725389
0.0751894
0.0778072
0.0803835
0.0829101
0.0853815
0.087793
0.0901402
0.0924169
0.0946157
0.0967286
0.0987487
0.10067
0.102485
0.104188
0.105772
0.10723
0.108557
0.109748
0.1108
0.11171
0.112475
0.113093
0.113557
0.113863
0.114008
0.113987
0.113801
0.11345
0.112936
0.112261
0.111424
0.110424
0.109262
0.107935
0.106442
0.104784
0.102962
0.100983
0.0988506
0.0965699
0.0941618
0.0916451
0.0887945
0.0854171
0.0309701
0.0274287
0.0244685
0.021885
0.019439
0.017149
0.0150318
0.0130835
0.0113009
0.00968406
0.00823311
0.0069486
0.00583102
0.0048803
0.0040951
0.00347274
0.00301046
0.00270577
0.00255647
0.00256048
0.00271494
0.00301644
0.00346165
0.00404722
0.00477063
0.00562975
0.00662179
0.00774405
0.0089938
0.0103666
0.0118568
0.0134593
0.015169
0.0169805
0.0188897
0.020894
0.0229903
0.0251729
0.0274354
0.0297723
0.0321785
0.0346484
0.037176
0.0397567
0.0423866
0.0450605
0.0477718
0.0505132
0.0532785
0.0560623
0.0588581
0.0616584
0.0644551
0.0672418
0.070014
0.0727677
0.0754973
0.0781947
0.0808506
0.0834564
0.0860057
0.0884936
0.0909155
0.0932651
0.095535
0.0977172
0.0998045
0.10179
0.103668
0.10543
0.10707
0.108581
0.109957
0.111194
0.112286
0.113233
0.11403
0.114673
0.115159
0.115481
0.115636
0.11562
0.115432
0.115073
0.114544
0.113846
0.112979
0.111942
0.110734
0.109353
0.107799
0.106072
0.104175
0.102114
0.0998924
0.0975161
0.095006
0.0923817
0.0894089
0.0858878
0.0302363
0.0265551
0.0234775
0.0207932
0.0182519
0.0158713
0.0136692
0.0116433
0.00979054
0.0081104
0.00660356
0.00527086
0.00411224
0.00312666
0.00231227
0.00166651
0.00118688
0.000870988
0.000716321
0.000720212
0.000879257
0.00118977
0.00164844
0.00225213
0.00299831
0.00388462
0.00490795
0.00606513
0.00735292
0.00876667
0.0103008
0.0119502
0.0137099
0.0155747
0.0175407
0.0196049
0.0217634
0.0240103
0.0263386
0.0287428
0.0312178
0.0337583
0.0363587
0.0390142
0.0417207
0.0444727
0.0472633
0.0500852
0.0529319
0.0557977
0.0586761
0.0615593
0.0644394
0.0673103
0.0701674
0.0730066
0.075822
0.0786052
0.0813467
0.0840376
0.0866712
0.089242
0.091745
0.0941741
0.0965216
0.0987796
0.100941
0.102997
0.104943
0.106771
0.108473
0.110043
0.111474
0.112761
0.1139
0.114887
0.115719
0.116394
0.116904
0.117246
0.117415
0.117406
0.117219
0.116854
0.116311
0.115592
0.114696
0.113621
0.112368
0.110933
0.109318
0.107521
0.105548
0.103402
0.101089
0.098613
0.0959959
0.0932583
0.0901568
0.0864854
0.0293377
0.0255134
0.0223152
0.0195262
0.0168864
0.0144124
0.012123
0.0100173
0.00809282
0.00634886
0.00478606
0.00340512
0.00220539
0.00118506
0.000342065
-0.00032589
-0.000821108
-0.00114623
-0.0013044
-0.00129886
-0.00113325
-0.000811161
-0.00033575
0.000289876
0.00106284
0.00198024
0.00303858
0.00423439
0.00556407
0.00702293
0.00860555
0.0103069
0.0121221
0.0140463
0.016075
0.0182046
0.0204306
0.0227466
0.025146
0.0276229
0.0301726
0.0327899
0.0354694
0.0382061
0.0409954
0.0438316
0.0467076
0.0496159
0.0525501
0.0555044
0.0584719
0.061445
0.0644159
0.0673783
0.0703275
0.0732591
0.0761667
0.0790418
0.0818749
0.0846569
0.0873809
0.0900411
0.092632
0.0951472
0.097579
0.0999192
0.10216
0.104294
0.106315
0.108214
0.109985
0.11162
0.113112
0.114454
0.115644
0.116677
0.117549
0.118258
0.118798
0.119163
0.119348
0.11935
0.119166
0.118797
0.118242
0.117503
0.116579
0.115467
0.114168
0.11268
0.111001
0.109134
0.107082
0.104849
0.10244
0.0998598
0.0971301
0.0942736
0.0910381
0.0872102
0.0282701
0.0242992
0.0209772
0.0180788
0.0153356
0.012765
0.0103863
0.00819909
0.00620166
0.0043934
0.0027745
0.00134503
0.000103877
-0.000950959
-0.00182159
-0.00251024
-0.00301939
-0.00335212
-0.00351213
-0.003503
-0.00332831
-0.00299148
-0.00249567
-0.00184419
-0.00104052
-8.82369e-05
0.00100884
0.0022471
0.00362281
0.00513138
0.00676769
0.00852673
0.0104035
0.0123929
0.0144901
0.0166905
0.0189891
0.0213795
0.0238554
0.0264111
0.0290418
0.0317424
0.0345075
0.0373318
0.0402101
0.0431365
0.0461038
0.0491048
0.0521329
0.0551821
0.0582458
0.0613163
0.0643855
0.0674469
0.0704955
0.0735262
0.0765326
0.0795059
0.0824366
0.0853159
0.0881367
0.0908929
0.0935785
0.0961867
0.0987096
0.101139
0.103466
0.105685
0.107786
0.109764
0.111609
0.113315
0.114873
0.116278
0.117523
0.118607
0.119524
0.120272
0.120845
0.121237
0.121442
0.121457
0.121279
0.120908
0.120344
0.119586
0.118634
0.117486
0.116141
0.114597
0.112855
0.110915
0.108781
0.106457
0.103948
0.101258
0.0984108
0.095431
0.0920568
0.0880667
0.0270294
0.0229066
0.0194563
0.0164441
0.0135928
0.0109224
0.00845282
0.00618289
0.00411133
0.00223792
0.000562248
-0.000916384
-0.00219929
-0.00328827
-0.00418542
-0.00489332
-0.00541496
-0.00575387
-0.00591398
-0.00589891
-0.00571209
-0.00535693
-0.00483692
-0.00415582
-0.00331772
-0.00232682
-0.00118716
9.76514e-05
0.0015239
0.00308725
0.00478286
0.00660556
0.00854984
0.0106101
0.012781
0.0150573
0.0174334
0.0199036
0.0224619
0.0251026
0.0278207
0.030611
0.0334682
0.0363864
0.03936
0.0423826
0.0454473
0.0485472
0.0516757
0.0548268
0.0579939
0.0611691
0.0643443
0.0675125
0.0706677
0.0738046
0.0769163
0.0799944
0.0830295
0.086013
0.0889375
0.0917967
0.0945842
0.0972926
0.0999138
0.102439
0.10486
0.107169
0.109359
0.111421
0.113348
0.115131
0.116762
0.118234
0.119542
0.120682
0.12165
0.122441
0.123052
0.123475
0.123704
0.123736
0.123567
0.123196
0.122624
0.121849
0.12087
0.119685
0.118293
0.116693
0.114885
0.11287
0.110651
0.108233
0.105619
0.102815
0.0998459
0.0967393
0.0932223
0.0890636
0.0256112
0.0213288
0.0177447
0.014615
0.0116525
0.00887945
0.00631662
0.00396231
0.00181519
-0.000124877
-0.00185867
-0.00338732
-0.00471214
-0.00583477
-0.00675748
-0.00748342
-0.00801623
-0.00835973
-0.00851782
-0.00849397
-0.00829157
-0.00791436
-0.00736638
-0.00665201
-0.00577587
-0.00474257
-0.00355621
-0.00222032
-0.00073854
0.000885051
0.00264574
0.00453787
0.00655511
0.00869133
0.0109407
0.0132976
0.0157566
0.0183123
0.0209589
0.0236908
0.0265025
0.0293888
0.0323441
0.0353624
0.0384374
0.0415623
0.0447307
0.0479358
0.0511715
0.0544316
0.0577094
0.0609969
0.0642858
0.0675682
0.0708375
0.0740877
0.0773118
0.0805017
0.0836486
0.0867437
0.0897795
0.0927492
0.095646
0.0984622
0.101189
0.103818
0.106341
0.108748
0.111033
0.113188
0.115203
0.11707
0.11878
0.120326
0.121703
0.122906
0.12393
0.124772
0.125425
0.125883
0.126141
0.126193
0.126036
0.125669
0.125091
0.124301
0.123295
0.122073
0.120634
0.118977
0.117101
0.115008
0.112701
0.110184
0.107462
0.104541
0.101448
0.0982112
0.0945461
0.0902108
0.02401
0.0195592
0.015835
0.0125845
0.00950827
0.00662947
0.00397032
0.00152922
-0.00069549
-0.00270423
-0.00449776
-0.00607716
-0.00744373
-0.00859937
-0.0095468
-0.0102897
-0.0108323
-0.0111784
-0.0113318
-0.011296
-0.0110745
-0.0106715
-0.0100919
-0.00934066
-0.00842274
-0.00734301
-0.00610547
-0.0047135
-0.00317074
-0.00148123
0.000350177
0.0023171
0.00441231
0.00662919
0.00896183
0.0114046
0.0139521
0.0165991
0.0193403
0.0221695
0.025081
0.0280693
0.0311288
0.0342532
0.0374357
0.0406692
0.0439474
0.0472643
0.0506141
0.0539904
0.0573863
0.0607935
0.0642032
0.0676071
0.0709979
0.0743687
0.0777127
0.0810221
0.0842884
0.087503
0.0906581
0.0937463
0.0967603
0.0996922
0.102533
0.105274
0.107906
0.11042
0.112808
0.115062
0.117173
0.119131
0.120929
0.122557
0.12401
0.125283
0.126371
0.127269
0.12797
0.12847
0.12876
0.128837
0.128697
0.128337
0.127756
0.126951
0.125919
0.124661
0.123173
0.121457
0.119512
0.117339
0.114941
0.112324
0.109492
0.106451
0.103231
0.099859
0.0960385
0.0915161
0.0222192
0.0175916
0.0137213
0.0103457
0.00715216
0.00416384
0.00140463
-0.00112636
-0.0034312
-0.00551067
-0.00736527
-0.00899576
-0.0104037
-0.0115917
-0.012563
-0.0133218
-0.0138723
-0.0142186
-0.0143643
-0.0143131
-0.014069
-0.0136368
-0.013022
-0.01223
-0.0112662
-0.0101355
-0.00884184
-0.00738836
-0.00577893
-0.00401785
-0.0021104
-6.37247e-05
0.00211427
0.00441676
0.00683796
0.00937228
0.0120143
0.014759
0.0176009
0.0205337
0.0235513
0.0266478
0.0298176
0.0330542
0.0363504
0.0396989
0.0430937
0.0465292
0.05
0.0534997
0.0570208
0.0605546
0.064092
0.0676244
0.0711438
0.074643
0.0781148
0.0815517
0.0849455
0.0882879
0.0915705
0.0947856
0.0979252
0.100981
0.103945
0.106806
0.109555
0.112184
0.114683
0.117045
0.11926
0.121318
0.123211
0.124929
0.126467
0.127817
0.128976
0.129937
0.130694
0.13124
0.13157
0.131677
0.131557
0.131207
0.130625
0.129807
0.128751
0.127456
0.125921
0.124146
0.12213
0.119875
0.117385
0.114665
0.111721
0.108557
0.105204
0.101691
0.0977053
0.092984
0.0202315
0.0154196
0.0113969
0.00789035
0.00457424
0.001472
-0.00139111
-0.00401542
-0.00640311
-0.008555
-0.0104714
-0.0121531
-0.013602
-0.0148216
-0.0158158
-0.016589
-0.0171454
-0.0174889
-0.0176236
-0.0175536
-0.0172835
-0.0168185
-0.0161648
-0.0153279
-0.0143136
-0.0131268
-0.0117714
-0.0102506
-0.0085688
-0.0067307
-0.00474214
-0.00261083
-0.000345044
0.00204849
0.0045642
0.00719638
0.00993946
0.0127883
0.0157373
0.0187801
0.02191
0.0251211
0.0284076
0.0317628
0.0351792
0.0386496
0.0421679
0.0457292
0.0493282
0.0529583
0.0566115
0.0602787
0.0639506
0.0676183
0.0712737
0.0749091
0.078517
0.0820898
0.0856196
0.0890981
0.0925169
0.0958676
0.0991419
0.102331
0.105426
0.108416
0.111291
0.114043
0.116662
0.11914
0.121467
0.123634
0.125631
0.127448
0.129078
0.130515
0.131752
0.132783
0.133602
0.134202
0.134576
0.134719
0.134624
0.134288
0.133707
0.132878
0.131799
0.130469
0.128886
0.127052
0.124965
0.122628
0.120044
0.117219
0.114158
0.110866
0.107374
0.10371
0.0995497
0.0946173
0.0180383
0.0130344
0.0088522
0.00520792
0.00176305
-0.00145783
-0.00442858
-0.00714949
-0.00962242
-0.011848
-0.0138265
-0.0155592
-0.0170488
-0.0182994
-0.0193153
-0.0201008
-0.0206604
-0.0209982
-0.0211185
-0.0210262
-0.0207264
-0.0202248
-0.0195278
-0.0186413
-0.017571
-0.0163224
-0.0148994
-0.0133055
-0.0115456
-0.00962509
-0.00755023
-0.00532903
-0.00296982
-0.000479118
0.00213759
0.00487434
0.00772523
0.0106849
0.0137478
0.016907
0.0201557
0.0234878
0.0268975
0.030378
0.0339217
0.0375212
0.0411707
0.0448654
0.0485998
0.0523671
0.0561591
0.0599662
0.0637794
0.0675896
0.0713885
0.075168
0.0789204
0.0826378
0.0863124
0.089936
0.0934998
0.0969951
0.100413
0.103745
0.106979
0.110107
0.113118
0.116001
0.118749
0.121352
0.123801
0.126085
0.128195
0.13012
0.131851
0.133382
0.134705
0.135814
0.136703
0.137363
0.137788
0.137971
0.137905
0.137586
0.13701
0.136173
0.135073
0.133709
0.13208
0.130186
0.128027
0.125607
0.122927
0.119994
0.116811
0.113385
0.109745
0.105922
0.101576
0.0964217
0.0156288
0.0104236
0.00607436
0.00228558
-0.00129401
-0.00463818
-0.00772015
-0.0105404
-0.0131005
-0.0154005
-0.0174414
-0.0192252
-0.0207551
-0.0220356
-0.0230713
-0.0238668
-0.0244266
-0.0247553
-0.0248578
-0.0247396
-0.024406
-0.0238633
-0.023118
-0.0221764
-0.0210444
-0.0197279
-0.0182312
-0.0165583
-0.0147148
-0.0127066
-0.0105398
-0.00822271
-0.00576367
-0.00316902
-0.000444316
0.00240402
0.0053697
0.00844726
0.0116308
0.0149132
0.0182872
0.021747
0.0252868
0.0288998
0.0325781
0.0363144
0.0401028
0.0439383
0.0478153
0.0517267
0.0556638
0.0596175
0.0635788
0.0675388
0.0714888
0.0754205
0.0793257
0.0831964
0.0870247
0.0908023
0.0945201
0.0981691
0.10174
0.105223
0.108607
0.111881
0.115036
0.11806
0.120946
0.123684
0.126264
0.128676
0.130908
0.132949
0.134791
0.136424
0.137842
0.139038
0.140003
0.140731
0.141213
0.141441
0.141408
0.14111
0.140542
0.139701
0.138583
0.137187
0.135513
0.133561
0.131331
0.128825
0.126046
0.123
0.119691
0.116122
0.112326
0.108336
0.103796
0.0984088
0.0129904
0.00757318
0.00304885
-0.000890361
-0.0046098
-0.00808177
-0.0112785
-0.0142005
-0.0168491
-0.0192244
-0.021328
-0.0231627
-0.0247322
-0.0260413
-0.0270945
-0.027897
-0.0284538
-0.02877
-0.0288511
-0.0287029
-0.0283311
-0.0277422
-0.0269432
-0.0259405
-0.0247407
-0.0233503
-0.0217739
-0.0200164
-0.0180837
-0.0159818
-0.013717
-0.0112974
-0.00873154
-0.00602574
-0.0031858
-0.000218658
0.00286893
0.00607135
0.00938254
0.0127949
0.0163011
0.0198954
0.0235724
0.0273253
0.031146
0.0350267
0.0389616
0.0429454
0.0469721
0.0510341
0.0551229
0.0592297
0.063346
0.067463
0.0715718
0.0756636
0.0797298
0.0837623
0.0877532
0.0916939
0.095575
0.0993867
0.103119
0.106762
0.110305
0.113736
0.117044
0.12022
0.123254
0.126137
0.128859
0.131408
0.133772
0.135939
0.1379
0.139646
0.141168
0.142459
0.143509
0.144312
0.144857
0.145136
0.145143
0.144871
0.144317
0.143475
0.142342
0.140918
0.139201
0.137191
0.134889
0.132297
0.129416
0.126252
0.122809
0.119091
0.115132
0.110967
0.106226
0.100595
0.0101098
0.0044696
-0.000237705
-0.00433287
-0.00819694
-0.0118012
-0.0151162
-0.0181423
-0.0208809
-0.0233325
-0.0254994
-0.0273847
-0.0289928
-0.0303283
-0.0313965
-0.032203
-0.0327534
-0.0330536
-0.0331092
-0.0329265
-0.0325114
-0.0318707
-0.031012
-0.0299422
-0.0286686
-0.0271982
-0.0255364
-0.0236884
-0.0216605
-0.0194587
-0.0170891
-0.01456
-0.0118801
-0.0090559
-0.00609348
-0.00300036
0.000216201
0.00355041
0.00699606
0.0105453
0.0141905
0.0179263
0.0217479
0.0256484
0.0296191
0.0336519
0.0377405
0.0418795
0.0460628
0.0502823
0.0545296
0.0587965
0.0630747
0.067356
0.0716311
0.0758907
0.080126
0.0843289
0.0884912
0.0926041
0.0966576
0.100641
0.104545
0.108357
0.112068
0.115665
0.119138
0.122476
0.12567
0.12871
0.131584
0.134281
0.136787
0.139091
0.141182
0.143051
0.144687
0.146082
0.147227
0.148112
0.148727
0.149065
0.149119
0.14888
0.148345
0.147508
0.146366
0.144916
0.143159
0.141093
0.138718
0.136037
0.133051
0.129765
0.126182
0.12231
0.118182
0.113837
0.108886
0.103
0.00697426
0.00110069
-0.00379746
-0.00805463
-0.0120686
-0.0158099
-0.019247
-0.0223798
-0.0252102
-0.0277395
-0.0299701
-0.0319055
-0.0335505
-0.0349103
-0.0359906
-0.0367978
-0.0373384
-0.0376185
-0.0376442
-0.0374219
-0.0369578
-0.0362593
-0.0353346
-0.0341914
-0.0328378
-0.0312814
-0.0295281
-0.0275833
-0.0254536
-0.0231449
-0.0206632
-0.0180173
-0.0152161
-0.0122663
-0.00917439
-0.00594826
-0.0025958
0.000876953
0.00446376
0.00815662
0.0119479
0.0158325
0.0198059
0.0238614
0.0279897
0.032182
0.0364314
0.0407327
0.0450794
0.0494636
0.0538768
0.058311
0.0627586
0.0672115
0.0716605
0.076096
0.0805088
0.0848906
0.0892332
0.0935273
0.0977622
0.101927
0.10601
0.110002
0.113891
0.117666
0.121314
0.124826
0.128192
0.1314
0.134438
0.137294
0.139955
0.142408
0.14464
0.146642
0.148403
0.149913
0.151161
0.152139
0.152834
0.15324
0.153348
0.15315
0.152641
0.151815
0.150668
0.149197
0.147401
0.14528
0.142833
0.140061
0.136967
0.133555
0.129831
0.125799
0.121498
0.116966
0.111793
0.105638
0.00357063
-0.0025465
-0.00764378
-0.0120701
-0.0162402
-0.0201233
-0.0236862
-0.0269287
-0.0298532
-0.0324613
-0.0347558
-0.0367404
-0.0384202
-0.0398016
-0.0408912
-0.0416958
-0.0422226
-0.0424781
-0.0424687
-0.0422008
-0.0416814
-0.0409186
-0.0399214
-0.0386983
-0.0372582
-0.0356094
-0.0337578
-0.0317091
-0.0294701
-0.0270468
-0.0244454
-0.0216749
-0.0187449
-0.0156624
-0.0124339
-0.00906782
-0.00557255
-0.00195437
0.00178045
0.00562398
0.00956865
0.0136094
0.0177422
0.02196
0.0262531
0.0306119
0.0350293
0.0394998
0.0440172
0.0485737
0.0531607
0.0577702
0.0623951
0.0670274
0.0716583
0.0762779
0.0808767
0.0854462
0.0899778
0.0944618
0.098887
0.103242
0.107515
0.111697
0.115775
0.119738
0.123574
0.127272
0.130821
0.134209
0.137424
0.140452
0.143279
0.145892
0.148278
0.150425
0.152322
0.153958
0.155321
0.156401
0.157188
0.157671
0.157842
0.157694
0.157218
0.156409
0.155262
0.153774
0.151944
0.149769
0.147249
0.144386
0.141182
0.137643
0.133773
0.129578
0.125097
0.120368
0.114962
0.10852
-0.000116254
-0.00648777
-0.0117933
-0.0163966
-0.0207293
-0.0247592
-0.0284518
-0.0318071
-0.0348275
-0.0375153
-0.0398731
-0.0419053
-0.0436177
-0.0450178
-0.0461131
-0.0469113
-0.0474197
-0.0476453
-0.0475946
-0.0472748
-0.0466933
-0.0458593
-0.0447827
-0.0434729
-0.0419392
-0.0401905
-0.038233
-0.0360724
-0.0337158
-0.0311697
-0.0284404
-0.0255374
-0.0224709
-0.0192482
-0.0158758
-0.0123627
-0.00871746
-0.00494661
-0.0010564
0.00294532
0.00705106
0.0112558
0.0155554
0.0199427
0.0244075
0.0289399
0.0335324
0.0381796
0.0428754
0.047612
0.0523807
0.0571738
0.0619843
0.0668045
0.0716257
0.0764379
0.0812315
0.0859974
0.0907267
0.0954093
0.100034
0.104588
0.109061
0.113443
0.117721
0.121885
0.125921
0.129817
0.133562
0.137143
0.140546
0.143758
0.146764
0.14955
0.152102
0.154407
0.156453
0.158227
0.159717
0.160911
0.161799
0.162371
0.162615
0.162524
0.16209
0.161305
0.160163
0.158662
0.156799
0.154572
0.151981
0.149027
0.145714
0.142045
0.138027
0.133663
0.128993
0.124056
0.118402
0.111656
-0.00410398
-0.010742
-0.0162654
-0.0210534
-0.0255552
-0.0297367
-0.0335626
-0.0370333
-0.0401513
-0.0429186
-0.0453386
-0.0474163
-0.0491587
-0.0505742
-0.0516713
-0.0524584
-0.052943
-0.0531324
-0.0530338
-0.052655
-0.0520044
-0.051092
-0.0499286
-0.0485244
-0.0468892
-0.0450324
-0.0429604
-0.0406792
-0.0381963
-0.0355186
-0.032653
-0.0296095
-0.0263986
-0.0230278
-0.0195041
-0.0158365
-0.0120338
-0.00810254
-0.00404903
0.000118842
0.00439361
0.00877025
0.0132442
0.0178081
0.0224515
0.0271644
0.0319393
0.0367708
0.0416528
0.0465772
0.0515357
0.0565206
0.0615251
0.0665419
0.0715622
0.0765759
0.0815729
0.086544
0.0914797
0.0963696
0.101202
0.105966
0.110649
0.115242
0.119733
0.124109
0.128357
0.132464
0.136417
0.140203
0.143808
0.147217
0.150416
0.153388
0.15612
0.158596
0.160803
0.162728
0.164358
0.165679
0.166681
0.167351
0.167679
0.167655
0.16727
0.166516
0.165386
0.163877
0.161985
0.159709
0.157049
0.154005
0.150581
0.146782
0.14261
0.138069
0.1332
0.128043
0.122127
0.115061
-0.00841147
-0.0153289
-0.0210801
-0.0260598
-0.0307363
-0.0350742
-0.0390371
-0.0426254
-0.0458417
-0.048688
-0.0511686
-0.0532896
-0.055059
-0.0564862
-0.0575806
-0.058351
-0.0588056
-0.0589521
-0.0587984
-0.0583533
-0.0576261
-0.0566275
-0.0553694
-0.0538624
-0.052117
-0.050143
-0.0479473
-0.0455362
-0.0429178
-0.0400995
-0.037089
-0.0338966
-0.0305333
-0.0270066
-0.0233239
-0.0194941
-0.0155262
-0.0114264
-0.0072014
-0.00285927
0.00159236
0.00614839
0.0108041
0.0155516
0.0203805
0.0252806
0.0302451
0.0352684
0.0403443
0.0454643
0.0506202
0.0558048
0.0610117
0.0662339
0.0714623
0.0766862
0.0818954
0.0870801
0.0922311
0.0973378
0.102389
0.107372
0.112277
0.117093
0.121808
0.126409
0.130881
0.135211
0.139386
0.143391
0.147211
0.150832
0.154237
0.15741
0.160335
0.162996
0.165379
0.16747
0.169254
0.170716
0.171845
0.172626
0.173048
0.173101
0.172774
0.172059
0.170948
0.169436
0.167521
0.165201
0.162474
0.159342
0.155808
0.151873
0.147541
0.142814
0.137735
0.132346
0.126156
0.118757
-0.0130577
-0.0202679
-0.0262561
-0.0314342
-0.0362912
-0.0407903
-0.0448934
-0.0486012
-0.0519162
-0.0548409
-0.0573804
-0.0595422
-0.0613354
-0.0627701
-0.0638564
-0.064604
-0.0650217
-0.0651182
-0.0649019
-0.0643827
-0.0635708
-0.0624777
-0.061116
-0.0594971
-0.0576321
-0.0555312
-0.0532018
-0.050651
-0.0478875
-0.0449195
-0.0417551
-0.0384054
-0.0348813
-0.0311908
-0.027341
-0.0233411
-0.0191998
-0.0149234
-0.0105188
-0.00599445
-0.00135852
0.00338391
0.00822813
0.0131662
0.0181873
0.0232816
0.0284425
0.0336648
0.0389418
0.044265
0.049626
0.0550181
0.0604356
0.0658715
0.0713165
0.0767595
0.0821894
0.0875967
0.0929722
0.0983057
0.103586
0.1088
0.113938
0.118989
0.123941
0.128779
0.133489
0.138056
0.142466
0.146704
0.150754
0.154601
0.158227
0.161616
0.164749
0.167612
0.170187
0.172459
0.174412
0.17603
0.177299
0.178205
0.178735
0.178876
0.178619
0.177952
0.176869
0.175363
0.173431
0.171072
0.168283
0.165064
0.161416
0.157342
0.152842
0.14792
0.142622
0.136993
0.130519
0.12277
-0.0180611
-0.0255772
-0.0318123
-0.0371958
-0.0422392
-0.0469044
-0.051151
-0.0549797
-0.0583937
-0.0613962
-0.0639931
-0.0661931
-0.0680063
-0.0694436
-0.0705159
-0.0712337
-0.0716072
-0.0716458
-0.071359
-0.0707573
-0.0698518
-0.068655
-0.0671801
-0.0654393
-0.0634443
-0.061206
-0.0587325
-0.0560318
-0.0531135
-0.0499861
-0.0466585
-0.0431424
-0.039449
-0.0355861
-0.0315608
-0.0273823
-0.0230593
-0.018598
-0.0140056
-0.00929144
-0.00446399
0.000471615
0.00551096
0.0106462
0.0158665
0.0211619
0.0265261
0.0319541
0.0374393
0.042973
0.0485468
0.0541543
0.0597903
0.0654481
0.071118
0.0767883
0.0824478
0.0880869
0.0936967
0.0992674
0.104787
0.110245
0.115628
0.120926
0.126127
0.131215
0.136176
0.140994
0.145653
0.150139
0.154434
0.158522
0.162386
0.166006
0.169366
0.172447
0.175231
0.177701
0.17984
0.18163
0.183055
0.184101
0.184752
0.184996
0.18482
0.184214
0.18317
0.18168
0.17974
0.177347
0.174499
0.171193
0.167431
0.163213
0.15854
0.153416
0.147892
0.142015
0.135244
0.127126
-0.0234414
-0.0312768
-0.0377689
-0.0433659
-0.0486022
-0.0534382
-0.0578315
-0.0617826
-0.065296
-0.0683756
-0.0710282
-0.0732631
-0.0750916
-0.0765256
-0.0775772
-0.0782578
-0.078579
-0.0785512
-0.0781848
-0.0774913
-0.0764825
-0.0751716
-0.0735728
-0.0716991
-0.0695631
-0.0671764
-0.0645481
-0.0616869
-0.0586033
-0.0553065
-0.051806
-0.0481139
-0.0442418
-0.0401972
-0.0359872
-0.031621
-0.0271073
-0.0224527
-0.0176645
-0.0127528
-0.00772646
-0.00259057
0.00265084
0.00799024
0.0134167
0.0189204
0.0244948
0.0301354
0.0358358
0.0415874
0.0473817
0.0532126
0.059075
0.0649624
0.070865
0.076771
0.0826689
0.0885493
0.0944036
0.100222
0.105994
0.111705
0.117346
0.122904
0.128366
0.133717
0.138942
0.144025
0.148949
0.153697
0.158253
0.162599
0.166716
0.170586
0.174189
0.177506
0.180518
0.183204
0.185546
0.187525
0.189124
0.190325
0.191114
0.191476
0.191397
0.190865
0.189872
0.188409
0.186469
0.18405
0.181145
0.177754
0.173875
0.16951
0.16466
0.15933
0.153574
0.147439
0.140356
0.131849
-0.0292204
-0.0373893
-0.0441499
-0.0499692
-0.055405
-0.0604165
-0.0649593
-0.0690346
-0.0726474
-0.075803
-0.0785087
-0.0807745
-0.0826125
-0.0840363
-0.0850593
-0.0856944
-0.0859543
-0.0858505
-0.0853946
-0.0845986
-0.0834754
-0.0820391
-0.0803048
-0.0782864
-0.0759976
-0.073451
-0.0706565
-0.0676238
-0.0643641
-0.0608874
-0.0572035
-0.0533251
-0.0492641
-0.0450279
-0.0406232
-0.0360595
-0.0313459
-0.0264891
-0.021497
-0.0163798
-0.0111467
-0.00580277
-0.000351723
0.00519924
0.0108393
0.0165584
0.0223504
0.0282108
0.0341336
0.0401104
0.0461329
0.052195
0.0582915
0.0644163
0.0705594
0.0767092
0.0828544
0.0889857
0.0950948
0.101172
0.107206
0.113184
0.119094
0.124924
0.130661
0.136288
0.141791
0.147153
0.152355
0.157382
0.162214
0.166835
0.171224
0.175361
0.179226
0.182797
0.186055
0.188976
0.19154
0.193727
0.195517
0.196893
0.197837
0.198333
0.198368
0.197926
0.196997
0.195572
0.193642
0.191202
0.188246
0.18477
0.180775
0.176262
0.171233
0.165693
0.159696
0.153292
0.145879
0.13696
-0.035423
-0.0439409
-0.050982
-0.0570326
-0.0626748
-0.067866
-0.0725612
-0.0767619
-0.080474
-0.0837034
-0.0864583
-0.0887495
-0.0905904
-0.0919961
-0.0929817
-0.0935619
-0.0937504
-0.09356
-0.093003
-0.0920927
-0.0908428
-0.0892686
-0.087386
-0.0852104
-0.0827564
-0.0800379
-0.0770654
-0.0738495
-0.0704024
-0.0667344
-0.0628561
-0.0587806
-0.0545198
-0.0500813
-0.0454718
-0.0407006
-0.0357774
-0.0307096
-0.0255051
-0.0201742
-0.0147262
-0.00916613
-0.00349745
0.00227276
0.00813381
0.0140758
0.0200927
0.0261803
0.032333
0.0385425
0.0448006
0.051101
0.0574391
0.0638087
0.0702002
0.076602
0.0830031
0.0893948
0.0957689
0.102116
0.108423
0.114679
0.12087
0.126985
0.133009
0.138926
0.144721
0.150376
0.155874
0.161195
0.166321
0.171234
0.175912
0.180336
0.184482
0.188328
0.19185
0.195026
0.197832
0.200247
0.202249
0.203818
0.204937
0.205587
0.205753
0.205417
0.204568
0.203192
0.201282
0.198828
0.195825
0.19227
0.188161
0.183501
0.17829
0.172534
0.166287
0.159598
0.151837
0.142485
-0.0420767
-0.0509602
-0.0582938
-0.0645845
-0.0704395
-0.0758149
-0.0806649
-0.0849919
-0.0888022
-0.0921021
-0.094901
-0.0972111
-0.0990472
-0.100426
-0.101365
-0.101879
-0.101985
-0.101696
-0.101025
-0.0999873
-0.0985971
-0.0968712
-0.0948269
-0.0924807
-0.0898484
-0.0869451
-0.083782
-0.0803707
-0.0767239
-0.0728528
-0.0687684
-0.0644842
-0.0600124
-0.0553606
-0.0505358
-0.0455473
-0.0404053
-0.0351174
-0.029692
-0.0241393
-0.0184683
-0.012684
-0.00678984
-0.000792799
0.00529658
0.0114687
0.0177178
0.0240402
0.0304302
0.0368796
0.0433799
0.0499254
0.0565119
0.0631336
0.0697811
0.0764431
0.0831088
0.08977
0.0964187
0.103045
0.109637
0.116182
0.122667
0.129079
0.135404
0.141626
0.147728
0.153692
0.159501
0.165133
0.170571
0.175795
0.180783
0.185513
0.189961
0.194102
0.197911
0.201362
0.204432
0.207097
0.209332
0.211118
0.212433
0.213258
0.213573
0.213362
0.212606
0.211294
0.209414
0.206956
0.203915
0.200286
0.196067
0.191261
0.185866
0.179886
0.173376
0.166388
0.158263
0.148457
-0.0492101
-0.0584767
-0.0661151
-0.0726541
-0.0787284
-0.0842926
-0.0892995
-0.0937527
-0.097659
-0.101025
-0.103862
-0.106184
-0.108006
-0.109349
-0.11023
-0.110667
-0.110678
-0.110276
-0.109478
-0.108297
-0.106752
-0.10486
-0.102639
-0.100108
-0.097283
-0.0941808
-0.0908135
-0.0871934
-0.0833338
-0.0792469
-0.0749439
-0.0704388
-0.0657443
-0.0608682
-0.0558177
-0.0506023
-0.0452322
-0.0397154
-0.0340605
-0.0282778
-0.022376
-0.0163599
-0.0102328
-0.0040017
0.00232311
0.00873238
0.0152208
0.021785
0.0284193
0.0351153
0.0418646
0.0486617
0.055503
0.0623836
0.0692947
0.0762249
0.0831638
0.0901032
0.0970359
0.103952
0.11084
0.117685
0.124476
0.131198
0.137838
0.144379
0.150803
0.157094
0.163231
0.169193
0.174963
0.180518
0.185836
0.190893
0.195665
0.200123
0.204241
0.207993
0.21135
0.214288
0.216782
0.218808
0.220343
0.221365
0.221851
0.221782
0.221139
0.219905
0.218069
0.21562
0.212551
0.208856
0.204532
0.19958
0.193996
0.187783
0.180999
0.173701
0.165197
0.154915
-0.0568528
-0.0665208
-0.0744768
-0.0812726
-0.0875728
-0.0933304
-0.0984961
-0.103075
-0.107074
-0.110501
-0.113369
-0.115694
-0.117494
-0.11879
-0.119601
-0.119949
-0.119849
-0.11932
-0.118377
-0.117039
-0.115322
-0.113247
-0.110834
-0.108102
-0.105069
-0.101753
-0.0981664
-0.0943227
-0.0902362
-0.0859195
-0.0813847
-0.0766461
-0.0717167
-0.066605
-0.0613182
-0.0558661
-0.0502585
-0.0445038
-0.0386108
-0.0325897
-0.0264493
-0.020194
-0.013827
-0.00735475
-0.00078751
0.00586581
0.0126003
0.0194129
0.026298
0.0332472
0.0402521
0.0473073
0.0544102
0.0615567
0.0687385
0.0759447
0.0831649
0.0903913
0.0976172
0.104833
0.112027
0.119184
0.126293
0.133339
0.140308
0.147182
0.153945
0.160579
0.167062
0.173374
0.179494
0.185401
0.191072
0.196479
0.201597
0.206397
0.21085
0.214926
0.218597
0.221836
0.224614
0.226907
0.228687
0.22993
0.23061
0.230705
0.230193
0.229057
0.227282
0.224857
0.221771
0.218019
0.213594
0.208495
0.202718
0.196264
0.189197
0.181579
0.172681
0.1619
-0.0650364
-0.0751249
-0.0834122
-0.0904743
-0.0970071
-0.102962
-0.108289
-0.112991
-0.117079
-0.120562
-0.123454
-0.125773
-0.12754
-0.128776
-0.129505
-0.129746
-0.129521
-0.128847
-0.127743
-0.126228
-0.124322
-0.122047
-0.119424
-0.116473
-0.113215
-0.109668
-0.105846
-0.101763
-0.0974336
-0.0928722
-0.0880915
-0.0831061
-0.0779294
-0.0725702
-0.0670362
-0.0613369
-0.0554821
-0.0494801
-0.0433398
-0.0370718
-0.0306848
-0.0241828
-0.0175685
-0.0108482
-0.00403152
0.00287267
0.00985974
0.0169269
0.024069
0.0312776
0.0385447
0.0458651
0.0532366
0.060656
0.0681157
0.0756053
0.0831148
0.0906367
0.0981646
0.10569
0.1132
0.12068
0.128119
0.135502
0.142813
0.150037
0.157154
0.164148
0.170995
0.177676
0.184168
0.190449
0.196493
0.202275
0.207764
0.212931
0.217745
0.222174
0.226187
0.229754
0.232846
0.235433
0.237486
0.238975
0.239875
0.240157
0.2398
0.238783
0.237089
0.234703
0.231614
0.227812
0.22329
0.218044
0.21207
0.205371
0.198016
0.190067
0.180756
0.16945
-0.0737955
-0.0843247
-0.0929583
-0.100297
-0.10707
-0.113227
-0.118714
-0.123539
-0.127711
-0.131243
-0.134151
-0.136454
-0.138174
-0.139337
-0.139967
-0.140086
-0.139716
-0.138878
-0.137593
-0.135882
-0.133767
-0.131272
-0.128419
-0.125231
-0.121729
-0.117932
-0.113856
-0.109516
-0.104928
-0.100106
-0.0950641
-0.0898179
-0.0843809
-0.078762
-0.072969
-0.0670115
-0.0608991
-0.05464
-0.0482433
-0.0417196
-0.0350776
-0.028321
-0.021452
-0.0144764
-0.00740358
-0.000242016
0.00700382
0.0143315
0.0217362
0.0292103
0.0367457
0.0443379
0.0519851
0.0596845
0.0674293
0.0752095
0.0830156
0.090841
0.0986797
0.106523
0.114359
0.122174
0.129954
0.137686
0.145354
0.152942
0.16043
0.1678
0.175031
0.1821
0.188984
0.195662
0.202104
0.208284
0.214171
0.219733
0.224936
0.229747
0.234132
0.238059
0.241494
0.244406
0.24676
0.248526
0.249672
0.25017
0.249993
0.249119
0.247526
0.245197
0.242117
0.238275
0.233661
0.228271
0.2221
0.215154
0.207504
0.199211
0.189466
0.177607
-0.0831695
-0.0941609
-0.103156
-0.110784
-0.117804
-0.124166
-0.129815
-0.134759
-0.139011
-0.142584
-0.145497
-0.147771
-0.149431
-0.150503
-0.151015
-0.150991
-0.150456
-0.149434
-0.147946
-0.146017
-0.143672
-0.140934
-0.13783
-0.134383
-0.130616
-0.126549
-0.1222
-0.117585
-0.11272
-0.107621
-0.102302
-0.0967805
-0.0910693
-0.0851779
-0.0791138
-0.0728864
-0.0665054
-0.0599792
-0.0533168
-0.0465287
-0.0396231
-0.0326038
-0.0254727
-0.0182351
-0.0108999
-0.00347515
0.00403502
0.0116286
0.0193014
0.0270462
0.0348556
0.0427255
0.0506545
0.0586405
0.066677
0.0747545
0.0828644
0.0910007
0.0991582
0.107329
0.115501
0.123659
0.131792
0.139886
0.147924
0.15589
0.163765
0.17153
0.179163
0.186641
0.19394
0.201037
0.207902
0.214507
0.22082
0.226805
0.232428
0.237652
0.242442
0.246762
0.250574
0.253842
0.256531
0.258605
0.26003
0.260774
0.260807
0.260101
0.258632
0.256379
0.253324
0.249453
0.244755
0.239226
0.232862
0.225667
0.217711
0.20906
0.19886
0.186421
-0.0932023
-0.104679
-0.114053
-0.12198
-0.129255
-0.135826
-0.141637
-0.146697
-0.151021
-0.154626
-0.157531
-0.15976
-0.161342
-0.162304
-0.162677
-0.162488
-0.161765
-0.160534
-0.15882
-0.156649
-0.154049
-0.151046
-0.147667
-0.143938
-0.139883
-0.135525
-0.130882
-0.125971
-0.120811
-0.115417
-0.109805
-0.103992
-0.0979918
-0.0918141
-0.085466
-0.0789568
-0.0722962
-0.0654925
-0.058555
-0.0514936
-0.0443164
-0.0370266
-0.0296263
-0.0221204
-0.0145172
-0.00682426
0.000955006
0.00881921
0.0167649
0.0247854
0.0328737
0.0410262
0.0492423
0.0575202
0.0658544
0.0742356
0.0826559
0.0911101
0.099594
0.1081
0.116616
0.125129
0.133626
0.142093
0.150515
0.158874
0.167152
0.175329
0.183384
0.191291
0.199028
0.206569
0.213884
0.220942
0.227709
0.23415
0.240225
0.245897
0.251126
0.255873
0.260097
0.263759
0.266819
0.269238
0.270977
0.272001
0.272275
0.271767
0.270447
0.268293
0.265281
0.261396
0.256627
0.250969
0.244415
0.236966
0.228695
0.219669
0.208995
0.195948
-0.103941
-0.115928
-0.125698
-0.133936
-0.141473
-0.148256
-0.154227
-0.159399
-0.163787
-0.167411
-0.170293
-0.17246
-0.173942
-0.174772
-0.174982
-0.174603
-0.173666
-0.172199
-0.170232
-0.167793
-0.164912
-0.161616
-0.157937
-0.153901
-0.149534
-0.144861
-0.139902
-0.134675
-0.129199
-0.123491
-0.117568
-0.111447
-0.105143
-0.0986643
-0.092019
-0.0852157
-0.0782639
-0.0711722
-0.0639497
-0.0566063
-0.0491493
-0.0415818
-0.0339056
-0.0261254
-0.0182492
-0.0102834
-0.00223084
0.00590815
0.0141309
0.0224314
0.0308032
0.0392428
0.0477503
0.0563249
0.0649617
0.0736524
0.0823893
0.0911682
0.0999857
0.108835
0.117704
0.126581
0.135452
0.144304
0.153122
0.161889
0.170586
0.179194
0.187689
0.196048
0.204246
0.212255
0.220047
0.227586
0.23484
0.241768
0.248331
0.254486
0.260192
0.265404
0.27008
0.274175
0.277646
0.28045
0.282544
0.283885
0.284435
0.284156
0.283016
0.280985
0.27804
0.274161
0.269337
0.263558
0.256817
0.24911
0.240514
0.231101
0.219933
0.206248
-0.115438
-0.127962
-0.138147
-0.146706
-0.154512
-0.16151
-0.16764
-0.172915
-0.177357
-0.180985
-0.183826
-0.185909
-0.187269
-0.187941
-0.18796
-0.187363
-0.186182
-0.184451
-0.182201
-0.179464
-0.176272
-0.172655
-0.168647
-0.164277
-0.159572
-0.15456
-0.14926
-0.143694
-0.137881
-0.13184
-0.125587
-0.11914
-0.112514
-0.10572
-0.0987628
-0.0916526
-0.0843979
-0.0770072
-0.0694897
-0.0618551
-0.0541104
-0.0462581
-0.0382998
-0.0302399
-0.0220855
-0.0138424
-0.00551243
0.00290511
0.0114086
0.0199928
0.0286518
0.0373826
0.0461856
0.055061
0.0640049
0.0730098
0.082069
0.0911789
0.100337
0.109537
0.118767
0.128016
0.137271
0.14652
0.155747
0.164936
0.174068
0.183123
0.19208
0.200912
0.209593
0.218097
0.226393
0.234445
0.242216
0.249667
0.256753
0.263429
0.26965
0.275369
0.280539
0.285111
0.289038
0.292271
0.294761
0.296461
0.297326
0.297313
0.296385
0.294509
0.291658
0.287809
0.282946
0.277058
0.270131
0.262163
0.253234
0.243423
0.23174
0.217385
-0.127745
-0.140837
-0.151456
-0.160348
-0.16843
-0.175645
-0.181929
-0.187301
-0.191782
-0.195398
-0.198176
-0.200152
-0.201362
-0.201846
-0.201645
-0.200797
-0.199341
-0.197312
-0.194745
-0.191676
-0.18814
-0.184171
-0.179802
-0.175068
-0.169997
-0.164617
-0.158952
-0.153023
-0.14685
-0.140454
-0.133851
-0.12706
-0.120096
-0.112968
-0.105685
-0.0982551
-0.0906856
-0.0829849
-0.0751624
-0.0672276
-0.0591873
-0.0510435
-0.0427972
-0.0344522
-0.0260149
-0.0174902
-0.00887876
-0.00017915
0.00860812
0.0174789
0.0264279
0.0354528
0.0445547
0.0537343
0.062989
0.0723123
0.0816984
0.0911445
0.100649
0.110205
0.119805
0.129434
0.139082
0.148738
0.158387
0.168011
0.177594
0.187116
0.196552
0.205878
0.215068
0.224093
0.232921
0.241517
0.24984
0.257848
0.265495
0.272733
0.279512
0.285782
0.291492
0.296589
0.301019
0.304728
0.307661
0.309765
0.310989
0.311284
0.310608
0.308923
0.306197
0.302404
0.297521
0.291534
0.284427
0.276197
0.266932
0.25671
0.244487
0.229426
-0.140924
-0.154613
-0.165688
-0.174927
-0.183292
-0.190723
-0.197158
-0.202615
-0.20712
-0.210703
-0.213394
-0.215234
-0.216264
-0.216527
-0.21607
-0.214936
-0.213166
-0.210801
-0.20788
-0.204442
-0.200525
-0.196167
-0.191405
-0.186274
-0.180805
-0.17503
-0.168972
-0.162653
-0.156097
-0.149323
-0.142349
-0.135194
-0.127873
-0.120397
-0.112773
-0.105009
-0.0971126
-0.0890915
-0.0809546
-0.0727112
-0.0643678
-0.055926
-0.0473862
-0.0387515
-0.030027
-0.0212167
-0.0123204
-0.00333571
0.0057378
0.014897
0.0241377
0.0334584
0.042861
0.0523473
0.0619154
0.0715601
0.0812764
0.0910626
0.100918
0.110837
0.120811
0.130828
0.140878
0.150951
0.161033
0.171107
0.181156
0.19116
0.201097
0.210939
0.220661
0.230234
0.239626
0.248797
0.257707
0.266311
0.274559
0.282401
0.289785
0.296654
0.302955
0.308627
0.313613
0.31785
0.321278
0.323837
0.325469
0.32612
0.325741
0.324288
0.321723
0.318014
0.313133
0.307062
0.299785
0.291298
0.281691
0.271043
0.258256
0.24245
-0.155037
-0.169357
-0.180911
-0.190511
-0.199165
-0.206813
-0.213392
-0.218921
-0.223433
-0.226958
-0.229534
-0.231205
-0.232019
-0.232024
-0.231271
-0.229808
-0.227683
-0.224939
-0.221621
-0.217772
-0.213434
-0.208649
-0.203455
-0.197892
-0.191992
-0.185789
-0.179308
-0.172574
-0.165608
-0.158432
-0.151065
-0.143526
-0.135831
-0.127989
-0.120009
-0.111897
-0.103662
-0.0953104
-0.0868505
-0.078291
-0.0696377
-0.0608918
-0.0520533
-0.0431244
-0.0341091
-0.0250102
-0.0158264
-0.00655441
0.00280708
0.0122559
0.0217891
0.0314062
0.0411101
0.0509039
0.0607867
0.0707544
0.0808031
0.090932
0.101141
0.111427
0.12178
0.132192
0.142652
0.153151
0.163677
0.174214
0.184744
0.195248
0.205704
0.216084
0.226364
0.236513
0.246497
0.256278
0.265812
0.275051
0.283944
0.292437
0.300473
0.307995
0.314939
0.321244
0.326841
0.331664
0.335645
0.338716
0.340813
0.341874
0.341843
0.340669
0.338305
0.334713
0.329861
0.323727
0.316294
0.307555
0.297599
0.28651
0.273131
0.25654
-0.170154
-0.185144
-0.197202
-0.207177
-0.216128
-0.223993
-0.230706
-0.236292
-0.240787
-0.244226
-0.246654
-0.24812
-0.248676
-0.248379
-0.247285
-0.245446
-0.242916
-0.239746
-0.235984
-0.231677
-0.226873
-0.221616
-0.215951
-0.209916
-0.20355
-0.196885
-0.189949
-0.182769
-0.175366
-0.167763
-0.15998
-0.152036
-0.143947
-0.135723
-0.127371
-0.118899
-0.110314
-0.101621
-0.0928301
-0.0839475
-0.0749781
-0.0659227
-0.0567806
-0.0475532
-0.0382438
-0.0288538
-0.0193807
-0.00982012
-0.000169722
0.00956939
0.0193952
0.0293086
0.0393137
0.0494148
0.0596123
0.0699034
0.0802853
0.0907583
0.101324
0.111979
0.122716
0.133527
0.144404
0.155339
0.166319
0.177329
0.188354
0.199375
0.210368
0.221309
0.232171
0.242924
0.253533
0.263957
0.274152
0.284069
0.293651
0.302844
0.311586
0.319814
0.327461
0.334457
0.340728
0.3462
0.350798
0.354446
0.357071
0.358603
0.358977
0.358133
0.356016
0.352581
0.347791
0.34162
0.334048
0.325061
0.314752
0.303206
0.289207
0.271787
-0.186353
-0.202055
-0.214645
-0.225012
-0.234267
-0.242345
-0.249181
-0.254805
-0.259256
-0.262576
-0.264816
-0.266033
-0.266285
-0.265636
-0.264146
-0.261878
-0.25889
-0.255239
-0.250979
-0.246163
-0.240843
-0.235068
-0.228885
-0.222338
-0.215465
-0.208301
-0.200877
-0.193219
-0.185351
-0.177294
-0.169071
-0.1607
-0.152198
-0.143575
-0.134837
-0.125991
-0.117044
-0.108001
-0.0988703
-0.0896576
-0.0803666
-0.0709967
-0.0615468
-0.0520175
-0.0424111
-0.0327279
-0.0229643
-0.0131148
-0.00317559
0.00685335
0.0169713
0.0271802
0.0374855
0.0478928
0.0584039
0.0690173
0.0797317
0.0905489
0.101471
0.112498
0.123622
0.134837
0.146136
0.157513
0.168956
0.180451
0.191984
0.203536
0.215086
0.226609
0.238077
0.249462
0.260726
0.27183
0.282726
0.293362
0.303682
0.313626
0.323129
0.332123
0.340534
0.348286
0.355299
0.36149
0.366776
0.371071
0.374295
0.376366
0.377208
0.376752
0.374935
0.371705
0.367017
0.360842
0.353149
0.34392
0.333252
0.321234
0.306586
0.288291
-0.20372
-0.220182
-0.233336
-0.24411
-0.253675
-0.261963
-0.268909
-0.274545
-0.27892
-0.282082
-0.284089
-0.285005
-0.284897
-0.283836
-0.281892
-0.279133
-0.275625
-0.271432
-0.266615
-0.261233
-0.255343
-0.248999
-0.242251
-0.235145
-0.227723
-0.220022
-0.212072
-0.203903
-0.195539
-0.187002
-0.178314
-0.169494
-0.160559
-0.151519
-0.142379
-0.133147
-0.123827
-0.114425
-0.104947
-0.0953974
-0.0857793
-0.076091
-0.06633
-0.0564964
-0.0465914
-0.0366141
-0.0265598
-0.0164218
-0.00619512
0.00412193
0.01453
0.0250324
0.0356357
0.0463467
0.057169
0.0681023
0.0791472
0.0903071
0.101586
0.112984
0.124497
0.136119
0.147844
0.159669
0.171582
0.183572
0.195624
0.207723
0.219848
0.231972
0.244071
0.256116
0.268068
0.279887
0.291524
0.302926
0.314033
0.324782
0.335105
0.344926
0.354169
0.362748
0.370576
0.377563
0.383615
0.388638
0.392538
0.395223
0.396606
0.396606
0.395153
0.392183
0.387646
0.3815
0.373707
0.364246
0.353217
0.340714
0.325385
0.306163
-0.22235
-0.239626
-0.253378
-0.264578
-0.274458
-0.28295
-0.289987
-0.295608
-0.299867
-0.302823
-0.304542
-0.305097
-0.304565
-0.303026
-0.300557
-0.297237
-0.29314
-0.288338
-0.282899
-0.276889
-0.27037
-0.2634
-0.256034
-0.248321
-0.240305
-0.232024
-0.223512
-0.214796
-0.205905
-0.196859
-0.187681
-0.17839
-0.169002
-0.159527
-0.149971
-0.14034
-0.130637
-0.120867
-0.111033
-0.101141
-0.0911914
-0.0811812
-0.0711073
-0.0609685
-0.0507647
-0.0404938
-0.0301499
-0.0197252
-0.00921334
0.00138895
0.0120839
0.0228761
0.0337736
0.0447846
0.055914
0.0671637
0.0785357
0.0900356
0.101669
0.113438
0.12534
0.137369
0.149524
0.1618
0.17419
0.186683
0.199266
0.211925
0.22464
0.237388
0.250141
0.262873
0.275546
0.288116
0.300536
0.31275
0.324696
0.336308
0.347512
0.358228
0.368374
0.377857
0.386582
0.39445
0.401355
0.407192
0.411854
0.415239
0.417245
0.417782
0.416766
0.414123
0.40979
0.403714
0.395849
0.386171
0.374783
0.361781
0.345737
0.325531
-0.242349
-0.2605
-0.274889
-0.286535
-0.296735
-0.305421
-0.312525
-0.318094
-0.322192
-0.324886
-0.326252
-0.326376
-0.325344
-0.323248
-0.320176
-0.316216
-0.311453
-0.305967
-0.299834
-0.293127
-0.285914
-0.278258
-0.270218
-0.261845
-0.253186
-0.244282
-0.235166
-0.225869
-0.216418
-0.206834
-0.197141
-0.187356
-0.177495
-0.167568
-0.157581
-0.147538
-0.137442
-0.127295
-0.1171
-0.10686
-0.0965746
-0.08624
-0.0758519
-0.065408
-0.0549067
-0.0443443
-0.0337136
-0.0230052
-0.0122115
-0.00132783
0.00964963
0.020727
0.0319137
0.0432194
0.054651
0.0662121
0.077907
0.0897433
0.101728
0.113866
0.126155
0.138592
0.151176
0.163907
0.176778
0.189781
0.202904
0.216136
0.229458
0.242847
0.256278
0.269724
0.283149
0.296507
0.309752
0.322827
0.335665
0.348198
0.360348
0.372032
0.383158
0.393629
0.403339
0.412178
0.420031
0.426779
0.432302
0.436484
0.43921
0.440376
0.439882
0.43764
0.433572
0.427614
0.419714
0.409841
0.398097
0.384581
0.367786
0.346532
-0.263836
-0.282931
-0.298
-0.310112
-0.320636
-0.329503
-0.336645
-0.342119
-0.345998
-0.348362
-0.3493
-0.348909
-0.347291
-0.344549
-0.340784
-0.336096
-0.33058
-0.324326
-0.317419
-0.30994
-0.301962
-0.293555
-0.284778
-0.275689
-0.266337
-0.256762
-0.247002
-0.237086
-0.227041
-0.21689
-0.206654
-0.196353
-0.186001
-0.175606
-0.165174
-0.154707
-0.144207
-0.133675
-0.123113
-0.112521
-0.101897
-0.0912373
-0.0805352
-0.0697873
-0.0589908
-0.0481402
-0.0372265
-0.026239
-0.0151683
-0.0040084
0.00724608
0.0186027
0.0300724
0.0416666
0.0533941
0.0652607
0.0772732
0.0894408
0.101773
0.114276
0.126948
0.139791
0.152805
0.165991
0.179347
0.192865
0.206537
0.220352
0.234294
0.248342
0.262473
0.276659
0.290866
0.305051
0.319163
0.333145
0.34693
0.360446
0.373612
0.386338
0.398527
0.410075
0.420865
0.430777
0.439682
0.447449
0.453944
0.459034
0.46259
0.464488
0.464613
0.462857
0.459128
0.45335
0.44546
0.435417
0.423323
0.409279
0.39169
0.369321
-0.286945
-0.307063
-0.322861
-0.33546
-0.346309
-0.355339
-0.362483
-0.367807
-0.371399
-0.373352
-0.373772
-0.372771
-0.370467
-0.366976
-0.362416
-0.3569
-0.350533
-0.343418
-0.335649
-0.327314
-0.318494
-0.309262
-0.299684
-0.289818
-0.279717
-0.269424
-0.258975
-0.248402
-0.23773
-0.226981
-0.216179
-0.205339
-0.194477
-0.183599
-0.172708
-0.161807
-0.150895
-0.139971
-0.129036
-0.11809
-0.107127
-0.0961424
-0.0851279
-0.0740788
-0.0629906
-0.0518564
-0.0406652
-0.0294045
-0.0180635
-0.0066343
0.00488989
0.0165182
0.0282632
0.0401382
0.052154
0.064319
0.0766419
0.0891344
0.101808
0.114669
0.127721
0.140965
0.154406
0.168047
0.181889
0.195925
0.210152
0.22456
0.239134
0.253857
0.268707
0.28366
0.29868
0.313725
0.328747
0.343687
0.358475
0.373038
0.387291
0.401139
0.414481
0.4272
0.439174
0.450269
0.460343
0.469251
0.476842
0.482966
0.487476
0.490227
0.491081
0.489912
0.48661
0.481086
0.473261
0.46308
0.450646
0.436059
0.417633
0.394069
-0.311827
-0.333058
-0.349639
-0.362749
-0.373923
-0.383091
-0.39019
-0.395299
-0.398522
-0.399969
-0.399766
-0.398043
-0.394935
-0.390579
-0.385107
-0.378648
-0.371321
-0.363241
-0.354511
-0.345228
-0.33548
-0.325345
-0.314894
-0.304188
-0.293281
-0.282218
-0.271036
-0.259765
-0.248432
-0.237058
-0.225662
-0.214264
-0.202874
-0.191498
-0.180138
-0.168793
-0.157462
-0.146142
-0.134832
-0.12353
-0.11223
-0.100922
-0.0895992
-0.0782536
-0.0668792
-0.0554674
-0.0440056
-0.0324794
-0.0208762
-0.00918638
0.00259835
0.0144889
0.0264998
0.0386464
0.0509417
0.0633962
0.0760209
0.0888296
0.101836
0.115048
0.128472
0.142112
0.155975
0.170069
0.184396
0.198952
0.213737
0.228744
0.243962
0.259374
0.274962
0.290704
0.306566
0.322509
0.338482
0.354428
0.370277
0.385953
0.401368
0.416424
0.431011
0.445007
0.458277
0.470675
0.482048
0.492232
0.501061
0.508362
0.513967
0.517706
0.519419
0.518958
0.516191
0.51101
0.503314
0.493035
0.480273
0.465131
0.44582
0.420969
-0.338654
-0.361104
-0.37853
-0.392174
-0.403667
-0.412941
-0.419937
-0.424751
-0.427506
-0.428335
-0.427384
-0.424807
-0.420762
-0.415404
-0.408887
-0.401355
-0.392945
-0.383782
-0.373983
-0.363651
-0.352882
-0.34176
-0.330359
-0.318745
-0.306972
-0.295086
-0.283124
-0.271117
-0.259088
-0.247059
-0.235049
-0.223072
-0.211138
-0.199251
-0.187412
-0.175617
-0.163862
-0.152144
-0.140458
-0.128802
-0.117166
-0.105541
-0.0939143
-0.0822787
-0.0706256
-0.0589443
-0.0472204
-0.0354377
-0.0235819
-0.0116418
0.000392899
0.0125349
0.0248008
0.0372083
0.0497725
0.062506
0.0754221
0.0885365
0.101865
0.115419
0.129206
0.143234
0.157514
0.172055
0.186863
0.201939
0.217284
0.232894
0.248762
0.264875
0.281218
0.297771
0.314503
0.331376
0.348342
0.365343
0.382312
0.399168
0.415824
0.432177
0.448109
0.463492
0.478179
0.492015
0.504829
0.516442
0.526665
0.535305
0.542165
0.547051
0.549775
0.550163
0.548058
0.543323
0.535836
0.525509
0.51244
0.49673
0.476479
0.450241
-0.367627
-0.391418
-0.409759
-0.42396
-0.435763
-0.4451
-0.45192
-0.45634
-0.458508
-0.458582
-0.456737
-0.453152
-0.448012
-0.441497
-0.433782
-0.425031
-0.415398
-0.405023
-0.394033
-0.382542
-0.370651
-0.358451
-0.34602
-0.333426
-0.320724
-0.307961
-0.295173
-0.282388
-0.269631
-0.256921
-0.244273
-0.2317
-0.219209
-0.206802
-0.194476
-0.182225
-0.170045
-0.157928
-0.14587
-0.133863
-0.121897
-0.109959
-0.0980375
-0.0861203
-0.0741977
-0.0622567
-0.0502811
-0.038253
-0.0261562
-0.0139776
-0.00170506
0.0106762
0.0231849
0.0358409
0.0486616
0.0616616
0.0748563
0.0882638
0.101902
0.115786
0.129925
0.144331
0.159019
0.174001
0.189285
0.204876
0.220779
0.236995
0.253518
0.270341
0.287452
0.304835
0.322462
0.340297
0.358296
0.376402
0.394548
0.412655
0.430632
0.448372
0.465755
0.482643
0.498881
0.5143
0.528713
0.541923
0.553718
0.563877
0.572178
0.578394
0.582309
0.583714
0.582419
0.578255
0.571072
0.560762
0.547414
0.531126
0.509872
0.482132
-0.398977
-0.424249
-0.443585
-0.458369
-0.470463
-0.479807
-0.486359
-0.490263
-0.491698
-0.490855
-0.48794
-0.483166
-0.476748
-0.468895
-0.459807
-0.449672
-0.438661
-0.426929
-0.414615
-0.401844
-0.388724
-0.37535
-0.361804
-0.348156
-0.334462
-0.320767
-0.307106
-0.293506
-0.279989
-0.266572
-0.253267
-0.240083
-0.227024
-0.214089
-0.201271
-0.188564
-0.175959
-0.163448
-0.151021
-0.138671
-0.126382
-0.114142
-0.101934
-0.0897455
-0.0775645
-0.0653757
-0.0531609
-0.0409004
-0.0285762
-0.0161731
-0.00367676
0.00892971
0.0216671
0.0345573
0.0476199
0.0608716
0.07433
0.0880159
0.10195
0.11615
0.130628
0.1454
0.160484
0.175896
0.191648
0.207748
0.224205
0.241024
0.258206
0.275744
0.293635
0.311864
0.330408
0.349236
0.368305
0.387563
0.406944
0.426371
0.445751
0.464977
0.483922
0.502442
0.520373
0.537533
0.55372
0.568713
0.582277
0.594163
0.604117
0.611878
0.617192
0.619811
0.619503
0.616061
0.609304
0.599092
0.585503
0.568628
0.546303
0.516927
-0.432972
-0.459893
-0.480313
-0.495702
-0.50806
-0.517336
-0.523504
-0.526742
-0.527267
-0.525309
-0.521115
-0.514938
-0.507028
-0.497629
-0.48697
-0.475263
-0.462699
-0.44945
-0.435669
-0.421488
-0.407024
-0.392376
-0.377628
-0.36285
-0.348099
-0.333418
-0.318839
-0.304388
-0.290083
-0.275936
-0.261957
-0.248151
-0.234516
-0.221048
-0.207739
-0.194577
-0.181551
-0.168651
-0.155864
-0.143179
-0.13058
-0.118048
-0.105566
-0.0931202
-0.0806943
-0.0682718
-0.0558323
-0.0433546
-0.0308185
-0.0182067
-0.00550242
0.00731331
0.0202633
0.0333714
0.0466591
0.0601457
0.0738511
0.0877987
0.102012
0.116512
0.131314
0.146437
0.161903
0.177733
0.193941
0.21054
0.227544
0.244962
0.2628
0.281057
0.299734
0.318822
0.338303
0.358149
0.378325
0.398781
0.419454
0.440269
0.461137
0.481946
0.50257
0.522857
0.542634
0.561707
0.579857
0.59684
0.612396
0.626246
0.638098
0.647653
0.654611
0.658675
0.659566
0.657033
0.65085
0.640839
0.62706
0.609593
0.586123
0.554952
-0.469928
-0.498691
-0.520299
-0.536313
-0.548893
-0.558003
-0.563639
-0.566023
-0.565419
-0.562109
-0.556386
-0.548553
-0.538903
-0.527719
-0.515261
-0.501771
-0.487461
-0.47252
-0.457113
-0.441385
-0.425456
-0.40943
-0.393391
-0.377408
-0.361536
-0.345817
-0.330279
-0.314944
-0.299825
-0.284931
-0.270265
-0.255827
-0.241612
-0.227612
-0.213814
-0.200204
-0.186766
-0.173486
-0.160351
-0.147344
-0.134446
-0.121638
-0.108898
-0.0962094
-0.0835548
-0.070915
-0.058268
-0.0455903
-0.0328597
-0.0200566
-0.00716207
0.00584507
0.0189895
0.032297
0.0457914
0.0594942
0.073428
0.0876189
0.102093
0.116875
0.131983
0.147441
0.163273
0.179504
0.196153
0.213238
0.230777
0.248786
0.267275
0.28625
0.305716
0.325672
0.346104
0.366992
0.388305
0.41
0.43202
0.454293
0.476731
0.499226
0.521648
0.543842
0.565629
0.586801
0.60712
0.626324
0.644123
0.660204
0.674236
0.685873
0.694761
0.700546
0.702895
0.701498
0.696073
0.686394
0.672493
0.654435
0.629735
0.596587
-0.510216
-0.541051
-0.563963
-0.580618
-0.593359
-0.602172
-0.607088
-0.608382
-0.606382
-0.601428
-0.593879
-0.584092
-0.572413
-0.559167
-0.544654
-0.529143
-0.512873
-0.496049
-0.47885
-0.461427
-0.443908
-0.426396
-0.408977
-0.391715
-0.374663
-0.357857
-0.341322
-0.325075
-0.309122
-0.293466
-0.278105
-0.263033
-0.24824
-0.233712
-0.219433
-0.205384
-0.191546
-0.177901
-0.164432
-0.151119
-0.13794
-0.124872
-0.111892
-0.0989801
-0.0861158
-0.0732782
-0.0604432
-0.0475851
-0.0346796
-0.0217049
-0.00863984
0.00453874
0.0178574
0.031344
0.0450245
0.0589229
0.0730646
0.0874781
0.102193
0.117236
0.13263
0.148402
0.164581
0.181194
0.198267
0.215822
0.233882
0.252469
0.2716
0.291287
0.31154
0.332366
0.353759
0.375705
0.398183
0.421156
0.444572
0.468368
0.49246
0.516742
0.541086
0.565336
0.589304
0.612772
0.635489
0.657167
0.67749
0.696108
0.712643
0.726696
0.737851
0.745691
0.749811
0.749828
0.74539
0.736208
0.722279
0.703643
0.677614
0.642274
-0.554278
-0.587459
-0.611806
-0.629108
-0.641922
-0.650267
-0.65422
-0.654128
-0.650399
-0.643452
-0.633719
-0.621626
-0.60758
-0.591956
-0.575097
-0.557303
-0.538837
-0.519924
-0.500754
-0.481484
-0.462246
-0.443142
-0.424254
-0.405643
-0.387354
-0.369419
-0.351856
-0.334673
-0.317872
-0.301447
-0.285389
-0.269686
-0.254321
-0.239276
-0.224529
-0.210057
-0.195835
-0.181843
-0.168059
-0.154461
-0.141021
-0.127715
-0.114516
-0.101402
-0.0883495
-0.075336
-0.062335
-0.0493185
-0.0362602
-0.0231357
-0.00992206
0.00340585
0.0168766
0.03052
0.0443643
0.0584359
0.0727629
0.0873765
0.102309
0.117591
0.133249
0.149313
0.165815
0.182789
0.200265
0.218269
0.236831
0.25598
0.275738
0.296124
0.317157
0.338851
0.361208
0.384225
0.407888
0.43217
0.457029
0.482409
0.508234
0.534405
0.560796
0.587251
0.613582
0.63956
0.664919
0.689353
0.712514
0.734013
0.753423
0.770281
0.784105
0.794398
0.800668
0.802442
0.799278
0.790808
0.776975
0.757788
0.730322
0.692534
-0.602647
-0.638501
-0.664433
-0.682371
-0.695131
-0.702778
-0.705455
-0.703605
-0.697736
-0.688367
-0.676023
-0.66121
-0.644406
-0.626044
-0.606511
-0.586142
-0.565225
-0.544003
-0.522674
-0.501402
-0.480314
-0.459512
-0.439071
-0.419045
-0.399472
-0.380372
-0.361756
-0.343623
-0.325966
-0.308772
-0.292023
-0.275699
-0.259777
-0.244232
-0.229036
-0.21416
-0.199577
-0.185261
-0.171186
-0.157325
-0.14365
-0.13013
-0.116736
-0.103445
-0.0902294
-0.0770647
-0.0639221
-0.0507716
-0.0375843
-0.0243342
-0.0109961
0.00245711
0.0160559
0.0298321
0.0438162
0.0580368
0.0725247
0.087314
0.10244
0.117936
0.133833
0.150162
0.166963
0.184272
0.202124
0.220553
0.239595
0.259284
0.279649
0.300717
0.322515
0.345067
0.368385
0.392475
0.417337
0.442953
0.469293
0.496312
0.523945
0.552102
0.580663
0.609479
0.638359
0.667071
0.69534
0.722837
0.749185
0.773955
0.796664
0.816784
0.833752
0.846976
0.855857
0.859813
0.858288
0.850807
0.837244
0.817549
0.788527
0.747985
-0.655968
-0.694888
-0.722573
-0.741113
-0.753636
-0.760278
-0.761273
-0.757193
-0.748675
-0.736364
-0.720896
-0.702876
-0.682861
-0.66135
-0.638778
-0.615515
-0.591874
-0.568109
-0.544429
-0.520994
-0.49793
-0.47533
-0.453259
-0.431761
-0.410862
-0.390572
-0.370889
-0.351801
-0.333291
-0.315336
-0.29791
-0.280984
-0.264526
-0.248504
-0.232884
-0.217632
-0.202715
-0.188103
-0.173766
-0.159672
-0.145788
-0.132082
-0.118523
-0.105082
-0.0917321
-0.0784437
-0.0651865
-0.0519284
-0.0386388
-0.0252893
-0.0118527
0.00170001
0.015401
0.0292841
0.0433818
0.0577253
0.0723477
0.087286
0.102579
0.118261
0.134368
0.150935
0.168004
0.185619
0.20382
0.222646
0.242139
0.262339
0.283285
0.30501
0.327552
0.350943
0.37521
0.40037
0.426433
0.453399
0.481249
0.509954
0.539461
0.569694
0.600547
0.631876
0.663498
0.695182
0.726642
0.757536
0.787459
0.815938
0.842435
0.866349
0.887022
0.903751
0.91581
0.922479
0.923057
0.916929
0.903868
0.883741
0.853029
0.809369
-0.715032
-0.757495
-0.787119
-0.806188
-0.818212
-0.823436
-0.822222
-0.815311
-0.803511
-0.787623
-0.768419
-0.746619
-0.722873
-0.697749
-0.671734
-0.645231
-0.618574
-0.592027
-0.565798
-0.540046
-0.514884
-0.490394
-0.466627
-0.443612
-0.421359
-0.399864
-0.37911
-0.359074
-0.339726
-0.32103
-0.302951
-0.28545
-0.268485
-0.252018
-0.236008
-0.220413
-0.205197
-0.190323
-0.175756
-0.161462
-0.147403
-0.133544
-0.11985
-0.106291
-0.0928367
-0.0794546
-0.0661123
-0.0527757
-0.0394123
-0.0259917
-0.0124846
0.00113977
0.0149152
0.0288773
0.0430605
0.0574985
0.0722271
0.0872857
0.102715
0.118554
0.134839
0.151612
0.168918
0.186806
0.205323
0.224511
0.244421
0.2651
0.286592
0.308942
0.332197
0.356402
0.381596
0.407809
0.435068
0.463386
0.492764
0.523188
0.554625
0.587017
0.620273
0.654266
0.688823
0.72372
0.758671
0.793322
0.827243
0.859923
0.890767
0.919092
0.944136
0.965063
0.980997
0.991045
0.99432
0.990023
0.977781
0.957349
0.924802
0.877579
-0.780821
-0.827405
-0.859169
-0.878631
-0.889784
-0.893031
-0.888918
-0.878413
-0.862542
-0.842302
-0.818631
-0.792383
-0.76431
-0.735054
-0.705153
-0.675041
-0.645065
-0.615491
-0.586522
-0.558303
-0.530934
-0.504476
-0.478962
-0.4544
-0.430781
-0.408081
-0.38627
-0.365306
-0.345146
-0.325743
-0.307046
-0.289006
-0.271575
-0.254703
-0.238342
-0.222445
-0.20697
-0.191874
-0.177117
-0.16266
-0.148462
-0.134486
-0.120694
-0.107051
-0.0935255
-0.0800824
-0.0666868
-0.0533031
-0.0398966
-0.026435
-0.0128873
0.000778924
0.014599
0.0286101
0.0428489
0.0573515
0.0721558
0.0873035
0.102837
0.118799
0.135229
0.152172
0.16968
0.187805
0.206598
0.226111
0.246397
0.267512
0.28951
0.312444
0.336374
0.361356
0.387444
0.414683
0.443116
0.472776
0.503683
0.535846
0.569254
0.603872
0.639632
0.676429
0.71411
0.752465
0.791215
0.830005
0.868387
0.905817
0.941642
0.975094
1.00529
1.03126
1.05193
1.06619
1.07293
1.0711
1.06012
1.03958
1.00504
0.953715
-0.854565
-0.905981
-0.940092
-0.959716
-0.969464
-0.969973
-0.962055
-0.946978
-0.926053
-0.900518
-0.871511
-0.840038
-0.806962
-0.773001
-0.738736
-0.704626
-0.671021
-0.638181
-0.60629
-0.575473
-0.545805
-0.517322
-0.49003
-0.463912
-0.438933
-0.41505
-0.392211
-0.370356
-0.349427
-0.32936
-0.310093
-0.291565
-0.273716
-0.256488
-0.239826
-0.223676
-0.207988
-0.192715
-0.177812
-0.163235
-0.148941
-0.134887
-0.121035
-0.107346
-0.0937856
-0.0803165
-0.0669019
-0.0535042
-0.0400872
-0.0266169
-0.0130606
0.000615587
0.0144484
0.0284768
0.0427395
0.0572746
0.0721221
0.0873251
0.102929
0.118977
0.135514
0.15259
0.170259
0.188579
0.207607
0.227399
0.248015
0.269518
0.291972
0.315441
0.339997
0.365709
0.392644
0.420867
0.450438
0.481411
0.513832
0.547735
0.583135
0.620026
0.658372
0.698098
0.739079
0.781131
0.823995
0.867322
0.910662
0.953444
0.994963
1.03437
1.07065
1.10267
1.12914
1.14868
1.15988
1.16136
1.15226
1.13191
1.09524
1.03914
-0.937832
-0.994953
-1.03161
-1.05101
-1.05859
-1.05532
-1.0424
-1.0215
-0.994292
-0.962318
-0.926945
-0.889352
-0.850516
-0.811224
-0.772091
-0.733585
-0.696047
-0.659714
-0.624742
-0.59122
-0.55919
-0.528651
-0.499577
-0.471918
-0.445612
-0.420589
-0.396771
-0.374082
-0.352441
-0.331772
-0.311997
-0.293041
-0.274835
-0.25731
-0.240405
-0.224057
-0.20821
-0.192812
-0.177813
-0.163163
-0.148817
-0.13473
-0.120859
-0.107165
-0.093608
-0.0801504
-0.066753
-0.0533766
-0.0399836
-0.0265387
-0.0130078
0.000644518
0.0144566
0.0284689
0.042722
0.0572556
0.0721111
0.0873331
0.102969
0.119065
0.135669
0.152836
0.170623
0.189093
0.208307
0.228326
0.249218
0.271055
0.293908
0.317853
0.342974
0.369355
0.397078
0.426226
0.45688
0.489121
0.523018
0.558636
0.596024
0.63521
0.676197
0.718951
0.763387
0.809361
0.856645
0.904917
0.953737
1.00252
1.05053
1.09684
1.1403
1.17959
1.21317
1.23935
1.25631
1.26224
1.25588
1.2362
1.19726
1.13558
-1.03264
-1.09656
-1.13592
-1.15448
-1.15877
-1.15029
-1.13078
-1.10245
-1.06743
-1.02764
-0.984692
-0.93996
-0.894526
-0.849233
-0.804713
-0.76142
-0.719664
-0.679642
-0.641462
-0.605166
-0.570746
-0.538157
-0.50733
-0.478179
-0.450606
-0.42451
-0.399789
-0.376342
-0.354069
-0.332874
-0.312665
-0.293356
-0.274864
-0.257113
-0.24003
-0.223548
-0.207603
-0.192137
-0.177095
-0.162425
-0.148076
-0.134002
-0.120158
-0.106501
-0.0929896
-0.079583
-0.0662408
-0.0529227
-0.0395902
-0.0262068
-0.012737
0.000856035
0.0146123
0.0285737
0.042782
0.057278
0.0721041
0.0873063
0.102934
0.119036
0.135665
0.152877
0.170735
0.189304
0.20865
0.22884
0.249948
0.272054
0.29524
0.319594
0.345209
0.372183
0.400618
0.430613
0.462277
0.495714
0.531024
0.568305
0.607645
0.649113
0.692763
0.738609
0.786622
0.836711
0.888702
0.942318
0.997153
1.05264
1.10802
1.16229
1.21421
1.26224
1.30457
1.3391
1.36352
1.37546
1.37308
1.35479
1.31352
1.24521
-1.14166
-1.21372
-1.25586
-1.27257
-1.27194
-1.25627
-1.22806
-1.19023
-1.14552
-1.09624
-1.04432
-0.99131
-0.938375
-0.88639
-0.83597
-0.787525
-0.741306
-0.697445
-0.655981
-0.616889
-0.580101
-0.545513
-0.513005
-0.482446
-0.453699
-0.42663
-0.401106
-0.377001
-0.354193
-0.332567
-0.312017
-0.292441
-0.273747
-0.255848
-0.238663
-0.222117
-0.206141
-0.19067
-0.175644
-0.161009
-0.146712
-0.132702
-0.118932
-0.105357
-0.0919338
-0.0786193
-0.065372
-0.0521511
-0.0389173
-0.025633
-0.0122616
0.00123567
0.0149
0.0287743
0.0429008
0.0573211
0.0720781
0.0872194
0.102796
0.118861
0.135469
0.152678
0.170555
0.189168
0.208586
0.228883
0.25014
0.272446
0.29589
0.320571
0.346595
0.374074
0.403126
0.433874
0.466451
0.500987
0.537616
0.576473
0.617688
0.661386
0.707672
0.756628
0.808291
0.862642
0.919585
0.978916
1.04029
1.1032
1.16688
1.23033
1.29218
1.35071
1.40378
1.44885
1.483
1.50308
1.50646
1.49069
1.44712
1.37093
-1.26845
-1.35036
-1.39511
-1.40836
-1.40042
-1.37481
-1.33508
-1.28512
-1.22837
-1.16764
-1.10516
-1.04262
-0.981234
-0.92187
-0.865075
-0.81117
-0.760312
-0.712531
-0.667775
-0.625933
-0.586856
-0.550375
-0.516307
-0.484469
-0.454681
-0.42677
-0.400571
-0.375932
-0.352708
-0.330765
-0.309981
-0.29024
-0.271439
-0.253481
-0.236277
-0.219744
-0.203808
-0.1884
-0.173455
-0.158915
-0.144725
-0.130832
-0.117186
-0.103741
-0.0904504
-0.0772705
-0.0641595
-0.051076
-0.0379805
-0.0248342
-0.011599
0.00176518
0.0153006
0.0290502
0.0430564
0.0573607
0.0720072
0.0870448
0.102527
0.118508
0.135046
0.152201
0.17004
0.188636
0.208062
0.228397
0.249731
0.272157
0.295775
0.320692
0.347025
0.374903
0.404461
0.435846
0.469212
0.50472
0.542539
0.582844
0.625817
0.671638
0.72048
0.772498
0.827815
0.886508
0.948583
1.01394
1.08235
1.15339
1.22636
1.30028
1.37374
1.44483
1.51111
1.56952
1.61637
1.64753
1.65924
1.64778
1.60222
1.51652
-1.41794
-1.51181
-1.55856
-1.56574
-1.54694
-1.50752
-1.45254
-1.3871
-1.31547
-1.241
-1.16618
-1.09278
-1.02202
-0.954642
-0.891077
-0.8315
-0.775922
-0.724239
-0.676275
-0.631809
-0.590598
-0.552392
-0.516941
-0.484001
-0.453346
-0.42476
-0.398046
-0.373023
-0.349524
-0.327396
-0.3065
-0.286709
-0.267906
-0.249987
-0.232854
-0.216419
-0.200601
-0.185327
-0.170531
-0.156149
-0.142125
-0.128405
-0.114935
-0.101668
-0.0885557
-0.0755545
-0.0626222
-0.0497177
-0.0368008
-0.0238319
-0.0107712
0.00242224
0.0157908
0.0293769
0.0432224
0.0573691
0.0718621
0.086752
0.102094
0.117944
0.13436
0.151404
0.169146
0.18766
0.207024
0.227325
0.248655
0.271115
0.294811
0.319859
0.346389
0.374545
0.40448
0.43636
0.470365
0.506686
0.545526
0.587109
0.631668
0.679446
0.730691
0.785644
0.844532
0.907551
0.974839
1.04645
1.1223
1.20211
1.28536
1.37113
1.45804
1.54411
1.62658
1.70185
1.76536
1.81167
1.83549
1.83118
1.78441
1.68723
-1.5971
-1.70547
-1.75271
-1.74956
-1.71463
-1.65603
-1.58083
-1.49567
-1.40578
-1.31497
-1.22591
-1.14034
-1.05933
-0.983432
-0.912843
-0.847526
-0.787288
-0.731846
-0.68087
-0.634007
-0.590904
-0.551217
-0.51462
-0.480809
-0.449503
-0.420446
-0.393407
-0.368177
-0.344566
-0.322403
-0.301533
-0.281818
-0.263131
-0.245356
-0.228391
-0.212142
-0.196525
-0.181462
-0.166884
-0.152727
-0.138931
-0.12544
-0.112199
-0.0991592
-0.0862723
-0.0734947
-0.0607847
-0.0481013
-0.0354039
-0.0226516
-0.00980371
0.00318093
0.0163438
0.0297264
0.0433696
0.057316
0.0716118
0.086309
0.101463
0.117131
0.133371
0.150246
0.167826
0.18619
0.20542
0.225607
0.246846
0.269244
0.292912
0.317977
0.344579
0.372876
0.403038
0.435249
0.469713
0.506651
0.546305
0.588945
0.634859
0.684357
0.737767
0.795431
0.857696
0.924899
0.997346
1.07528
1.15883
1.24797
1.34238
1.44138
1.54374
1.64749
1.74971
1.84628
1.93163
1.99878
2.04027
2.04765
2.00143
1.89038
-1.81621
-1.94189
-1.98631
-1.96585
-1.9069
-1.82159
-1.71969
-1.6096
-1.49749
-1.38751
-1.28229
-1.18335
-1.09142
-1.0067
-0.929056
-0.858133
-0.793477
-0.734581
-0.680928
-0.632012
-0.587355
-0.546512
-0.509077
-0.474679
-0.442986
-0.4137
-0.386556
-0.36132
-0.33778
-0.315749
-0.295058
-0.275556
-0.257108
-0.23959
-0.222896
-0.206927
-0.191597
-0.176825
-0.16254
-0.148675
-0.135169
-0.121964
-0.109005
-0.0962423
-0.0836283
-0.07112
-0.0586763
-0.0462563
-0.0338187
-0.021322
-0.00872517
0.00401202
0.0169295
0.0300673
0.0434661
0.0571692
0.0712239
0.0856829
0.100601
0.116034
0.13204
0.148683
0.166036
0.18418
0.2032
0.223188
0.244243
0.266474
0.29
0.314955
0.341492
0.369777
0.399996
0.432348
0.467062
0.504387
0.544605
0.588028
0.635
0.6859
0.741143
0.80118
0.866492
0.937578
1.01494
1.09907
1.19038
1.28915
1.39543
1.50892
1.62873
1.75312
1.87921
2.00254
2.11654
2.21238
2.27983
2.30627
2.26427
2.13674
-2.09101
-2.23644
-2.27112
-2.22187
-2.12711
-2.00469
-1.8677
-1.72641
-1.58769
-1.45566
-1.33256
-1.21934
-1.11616
-1.02266
-0.938221
-0.862099
-0.793502
-0.731652
-0.675817
-0.625324
-0.579559
-0.537972
-0.500074
-0.46543
-0.433658
-0.40442
-0.377422
-0.352404
-0.329137
-0.307419
-0.28707
-0.267928
-0.249849
-0.232708
-0.216391
-0.2008
-0.185846
-0.171446
-0.157528
-0.144024
-0.130871
-0.118009
-0.105386
-0.0929504
-0.0806573
-0.0684643
-0.0563307
-0.0442157
-0.0320775
-0.0198748
-0.00756743
0.00488309
0.0175147
0.0303663
0.0434785
0.0568957
0.0706656
0.0848399
0.0994716
0.114615
0.130328
0.146676
0.163734
0.181585
0.200314
0.220014
0.240785
0.262739
0.286001
0.310713
0.337034
0.365139
0.395223
0.427504
0.46223
0.49968
0.540166
0.584042
0.631706
0.683605
0.740243
0.802185
0.870053
0.944526
1.02634
1.11626
1.21505
1.32343
1.44197
1.57091
1.70997
1.85802
2.01257
2.16918
2.32057
2.45594
2.56165
2.61918
2.58883
2.44275
-2.44695
-2.61191
-2.62285
-2.52588
-2.37778
-2.2041
-2.02154
-1.84188
-1.67201
-1.51534
-1.3731
-1.24525
-1.13101
-1.02924
-0.938708
-0.85814
-0.786357
-0.722278
-0.664938
-0.613484
-0.567168
-0.525337
-0.487421
-0.452926
-0.421424
-0.392544
-0.365966
-0.341411
-0.318634
-0.297422
-0.277586
-0.258956
-0.241384
-0.224741
-0.208912
-0.193799
-0.179311
-0.165366
-0.15189
-0.138814
-0.126075
-0.113614
-0.101379
-0.0893213
-0.0773969
-0.0655648
-0.0537844
-0.0420147
-0.0302145
-0.0183437
-0.00636432
0.00575988
0.018065
0.0305893
0.043374
0.0564635
0.0699048
0.0837469
0.0980401
0.112838
0.128198
0.144188
0.160884
0.178367
0.196721
0.216038
0.236419
0.257981
0.280853
0.305179
0.331122
0.358863
0.388606
0.420583
0.455059
0.492335
0.532751
0.576695
0.624614
0.677022
0.734508
0.797743
0.867493
0.94463
1.03013
1.1251
1.2307
1.34819
1.47879
1.62357
1.78322
1.95764
2.14539
2.34276
2.54243
2.73204
2.89422
3.00256
2.99867
2.83486
-2.92764
-3.10286
-3.06178
-2.88599
-2.65896
-2.41533
-2.17475
-1.94916
-1.74408
-1.56103
-1.39937
-1.25742
-1.1331
-1.02425
-0.928816
-0.844965
-0.771073
-0.705737
-0.647757
-0.596105
-0.549905
-0.508411
-0.470984
-0.437081
-0.406235
-0.378051
-0.352188
-0.328354
-0.306296
-0.28579
-0.266643
-0.248682
-0.231756
-0.215735
-0.200506
-0.185971
-0.172039
-0.158631
-0.145671
-0.133091
-0.120826
-0.108821
-0.0970267
-0.0853961
-0.0738877
-0.0624607
-0.0510747
-0.0396892
-0.0282647
-0.0167635
-0.00515078
0.00660753
0.0185465
0.0307041
0.0431216
0.0558425
0.0689107
0.0823717
0.0962737
0.110669
0.125619
0.141189
0.157453
0.17449
0.192381
0.211218
0.231103
0.252156
0.274505
0.298294
0.323687
0.35087
0.380052
0.411476
0.445418
0.482191
0.522155
0.565732
0.613407
0.665749
0.723418
0.787187
0.857958
0.936786
1.0249
1.12374
1.23494
1.36037
1.50206
1.66217
1.84275
2.04539
2.27058
2.51657
2.77745
3.0407
3.28585
3.47718
3.52928
3.35825
-3.612
-3.76163
-3.61171
-3.30669
-2.96461
-2.62782
-2.31583
-2.03767
-1.79497
-1.58556
-1.40578
-1.25163
-1.11929
-1.00533
-0.906841
-0.821337
-0.746759
-0.681395
-0.623828
-0.572878
-0.527564
-0.487064
-0.450689
-0.417859
-0.388085
-0.360953
-0.336116
-0.313273
-0.292167
-0.272573
-0.254295
-0.237161
-0.22102
-0.205746
-0.191228
-0.17737
-0.164085
-0.151294
-0.138921
-0.1269
-0.115169
-0.103675
-0.0923722
-0.0812177
-0.0701708
-0.0591911
-0.0482388
-0.037275
-0.0262631
-0.0151693
-0.00396178
0.00739194
0.0189266
0.0306801
0.0426921
0.0550029
0.0676525
0.0806833
0.0941421
0.108082
0.122563
0.13765
0.153411
0.169921
0.187261
0.20552
0.224804
0.245227
0.266915
0.29001
0.314675
0.341098
0.369491
0.400098
0.433198
0.469112
0.508215
0.550945
0.597817
0.649436
0.706519
0.769918
0.840651
0.919934
1.00923
1.1103
1.22525
1.35659
1.50732
1.68087
1.88108
2.11198
2.37716
2.67868
3.01465
3.37556
3.74102
4.0673
4.23426
4.09436
-4.64339
-4.66393
-4.29519
-3.78268
-3.27753
-2.82152
-2.42643
-2.09234
-1.81303
-1.58028
-1.38609
-1.22342
-1.08642
-0.970322
-0.871282
-0.786236
-0.712733
-0.648806
-0.592871
-0.54364
-0.500061
-0.461269
-0.426547
-0.395298
-0.367027
-0.341319
-0.317823
-0.296244
-0.276326
-0.257849
-0.240619
-0.224467
-0.209249
-0.194843
-0.181145
-0.168061
-0.15551
-0.143412
-0.131695
-0.120295
-0.109153
-0.0982236
-0.0874627
-0.0768309
-0.0662885
-0.0557958
-0.0453141
-0.0348079
-0.0242451
-0.013596
-0.00283097
0.00808181
0.0191769
0.0304905
0.0420588
0.0539175
0.0661029
0.0786556
0.0916222
0.105055
0.119011
0.13355
0.148736
0.164639
0.18134
0.198928
0.217502
0.237171
0.258057
0.2803
0.304059
0.329518
0.356885
0.3864
0.41834
0.453025
0.490832
0.532204
0.577667
0.627844
0.683484
0.745487
0.814949
0.893205
0.981898
1.08305
1.1992
1.33348
1.48982
1.67307
1.8892
2.14533
2.44957
2.81017
3.23335
3.71883
4.25414
4.79574
5.19046
5.18997
-6.28026
-5.90919
-5.12442
-4.29384
-3.56742
-2.96706
-2.48279
-2.09572
-1.78616
-1.53714
-1.3351
-1.16959
-1.03263
-0.918191
-0.821669
-0.739543
-0.669094
-0.6082
-0.555189
-0.50873
-0.467751
-0.431379
-0.398901
-0.369728
-0.343376
-0.319441
-0.297585
-0.277524
-0.259013
-0.241839
-0.225818
-0.21079
-0.196619
-0.183191
-0.170409
-0.158185
-0.146442
-0.135103
-0.124101
-0.113375
-0.102873
-0.0925537
-0.0823778
-0.0723081
-0.0623059
-0.0523326
-0.0423529
-0.0323358
-0.0222544
-0.0120823
-0.00179105
0.00865105
0.0192771
0.0301194
0.0412091
0.0525775
0.0642588
0.076293
0.0887252
0.101605
0.114983
0.128914
0.143459
0.158685
0.17467
0.191497
0.20926
0.228062
0.248018
0.269262
0.291947
0.316248
0.342364
0.370526
0.400999
0.434095
0.470182
0.509692
0.553141
0.601148
0.654462
0.713996
0.78087
0.85647
0.942539
1.04128
1.1555
1.28883
1.446
1.6332
1.85857
2.13279
2.46967
2.88648
3.40323
4.03923
4.80428
5.67435
6.49787
6.9071
-9.09747
-7.62243
-6.05166
-4.76686
-3.76794
-3.0131
-2.44928
-2.0248
-1.70018
-1.44773
-1.24807
-1.0876
-0.956713
-0.848532
-0.758045
-0.68155
-0.616261
-0.560052
-0.511276
-0.468636
-0.431099
-0.397833
-0.368161
-0.341528
-0.317482
-0.295644
-0.275701
-0.257389
-0.24048
-0.224777
-0.210109
-0.196329
-0.183314
-0.170959
-0.159175
-0.147884
-0.137012
-0.126488
-0.11625
-0.106243
-0.096423
-0.0867525
-0.0771968
-0.0677204
-0.0582862
-0.0488588
-0.0394074
-0.0299067
-0.020334
-0.010665
-0.000871664
0.00907619
0.019208
0.0295507
0.0401306
0.0509763
0.0621212
0.0736034
0.0854644
0.0977477
0.1105
0.123771
0.137618
0.152106
0.167304
0.18329
0.200151
0.217981
0.236889
0.257
0.278457
0.30142
0.326077
0.35264
0.381361
0.41253
0.446492
0.483654
0.524504
0.569631
0.619747
0.675729
0.738662
0.809905
0.891182
0.984713
1.09339
1.22106
1.37287
1.55593
1.78009
2.05928
2.41332
2.8705
3.4711
4.26812
5.31572
6.65411
8.28344
9.82636
-14.5888
-9.88207
-6.73279
-4.88258
-3.65311
-2.81104
-2.23057
-1.81821
-1.51466
-1.28436
-1.10513
-0.962567
-0.847046
-0.751953
-0.672617
-0.605651
-0.548546
-0.499404
-0.456764
-0.419482
-0.386648
-0.35753
-0.331535
-0.308179
-0.287063
-0.267858
-0.250291
-0.234127
-0.219168
-0.205241
-0.192194
-0.179901
-0.168254
-0.157162
-0.146549
-0.136343
-0.12648
-0.116896
-0.107538
-0.0983583
-0.0893206
-0.0803926
-0.0715433
-0.0627399
-0.0539492
-0.0451408
-0.0362901
-0.027377
-0.0183821
-0.00928266
-5.26576e-05
0.00933436
0.0189022
0.0286724
0.0386677
0.0489147
0.0594448
0.0702918
0.0814913
0.0930811
0.105103
0.117603
0.130632
0.144249
0.158515
0.1735
0.189281
0.205943
0.223585
0.242317
0.262267
0.283578
0.306416
0.330972
0.357469
0.386162
0.41736
0.451423
0.488785
0.529964
0.575594
0.626452
0.683502
0.747954
0.821351
0.905691
1.00361
1.11864
1.25564
1.42147
1.62605
1.88421
2.21872
2.66596
3.28644
4.17619
5.46526
7.38902
10.6287
15.4462
-23.8603
-12.0829
-6.45759
-4.17006
-2.9586
-2.22293
-1.75485
-1.43694
-1.20676
-1.03235
-0.895878
-0.786452
-0.697029
-0.622826
-0.560466
-0.507487
-0.462047
-0.422742
-0.388476
-0.358385
-0.331775
-0.308082
-0.286846
-0.267689
-0.250299
-0.234416
-0.219824
-0.206335
-0.19379
-0.182048
-0.17099
-0.160512
-0.150529
-0.140968
-0.131766
-0.122865
-0.114211
-0.105753
-0.0974455
-0.0892531
-0.0811462
-0.0730987
-0.0650844
-0.0570754
-0.0490445
-0.0409679
-0.0328274
-0.0246081
-0.0162938
-0.00786481
0.000700871
0.00942408
0.0183225
0.0274127
0.0367139
0.0462498
0.0560474
0.0661344
0.0765398
0.0872953
0.0984373
0.110006
0.122046
0.134604
0.147734
0.161495
0.175952
0.19118
0.207258
0.224281
0.242355
0.2616
0.282155
0.304175
0.327844
0.353372
0.381009
0.411047
0.443833
0.479783
0.519396
0.563284
0.612195
0.667064
0.729071
0.799729
0.881013
0.975554
1.08695
1.22026
1.3829
1.58622
1.84872
2.20313
2.71292
3.49872
4.77841
7.16217
12.9054
24.8061
0
0
0
0
0
0
0
0
0
0
0
0
0
0
0
0
0
0
0
0
0
0
0
0
0
0
0
0
0
0
0
0
0
0
0
0
0
0
0
0
0
0
0
0
0
0
0
0
0
0
0
0
0
0
0
0
0
0
0
0
0
0
0
0
0
0
0
0
0
0
0
0
0
0
0
0
0
0
0
0
0
0
0
0
0
0
0
0
0
0
0
0
0
0
0
0
0
0
0
0
)
;

boundaryField
{
    obstacleFixedWalls
    {
        type            zeroGradient;
    }
    obstacleFrontAndBack
    {
        type            empty;
    }
    movingWall
    {
        type            zeroGradient;
    }
    fixedWalls
    {
        type            zeroGradient;
    }
    frontAndBack
    {
        type            empty;
    }
}


// ************************************************************************* //
