/*--------------------------------*- C++ -*----------------------------------*\
  =========                 |
  \\      /  F ield         | OpenFOAM: The Open Source CFD Toolbox
   \\    /   O peration     | Website:  https://openfoam.org
    \\  /    A nd           | Version:  11
     \\/     M anipulation  |
\*---------------------------------------------------------------------------*/
FoamFile
{
    format      ascii;
    class       volScalarField;
    location    "2.1";
    object      p;
}
// * * * * * * * * * * * * * * * * * * * * * * * * * * * * * * * * * * * * * //

dimensions      [0 2 -2 0 0 0 0];

internalField   nonuniform List<scalar> 
10100
(
-1.39158e-07
0.00101541
0.00220133
0.00301215
0.00333433
0.00335403
0.00317083
0.00285244
0.00245353
0.0020148
0.0015652
0.00113418
0.000738048
0.000385742
8.99996e-05
-0.000132092
-0.000264544
-0.000295693
-0.000219614
-3.18166e-05
0.000273152
0.000700449
0.00125621
0.00194514
0.00276756
0.00372207
0.00480769
0.00602358
0.00736796
0.00883675
0.0104259
0.0121348
0.0139649
0.0159148
0.0179806
0.0201565
0.0224365
0.024815
0.0272888
0.0298537
0.0325003
0.0352162
0.037992
0.0408234
0.0437059
0.0466288
0.0495769
0.0525389
0.0555111
0.0584934
0.0614818
0.0644659
0.0674327
0.0703737
0.0732868
0.0761719
0.0790257
0.0818389
0.0845992
0.0872961
0.089923
0.0924769
0.0949545
0.0973495
0.0996527
0.101855
0.103948
0.105928
0.107792
0.109537
0.11116
0.112656
0.114021
0.115248
0.116331
0.117264
0.118042
0.118662
0.119121
0.119419
0.119553
0.119526
0.119342
0.119005
0.118527
0.117916
0.117186
0.116351
0.115427
0.114432
0.113387
0.112316
0.111248
0.110214
0.109253
0.108406
0.107723
0.107256
0.107057
0.107105
0.000979451
0.00197179
0.00292066
0.00357912
0.00392212
0.00402062
0.00393758
0.00373082
0.00344477
0.00311025
0.00275773
0.00241276
0.00209766
0.00182664
0.00160885
0.00145659
0.00138335
0.00140201
0.00152272
0.00174985
0.00208623
0.00253702
0.0031077
0.00380277
0.00462478
0.00557217
0.0066424
0.00783614
0.0091527
0.0105864
0.0121332
0.0137955
0.0155747
0.0174667
0.0194661
0.0215695
0.0237738
0.0260739
0.0284648
0.0309405
0.0334919
0.0361083
0.0387828
0.0415119
0.0442904
0.0471059
0.049944
0.0527954
0.0556584
0.0585335
0.0614157
0.0642933
0.0671533
0.0699886
0.0727987
0.0755838
0.0783399
0.0810564
0.0837204
0.0863219
0.0888558
0.0913198
0.093711
0.0960228
0.0982459
0.100371
0.102391
0.104303
0.106105
0.107793
0.109365
0.110817
0.112142
0.113336
0.114393
0.115308
0.116078
0.116701
0.117173
0.117494
0.117663
0.117681
0.117554
0.117286
0.116889
0.116371
0.115747
0.115029
0.114233
0.113378
0.112481
0.111565
0.110655
0.10978
0.10897
0.108261
0.107687
0.107285
0.107101
0.107145
0.0026549
0.00335809
0.00397017
0.00442838
0.00469904
0.00479322
0.00474317
0.0045863
0.0043605
0.00409206
0.00380337
0.00351573
0.0032533
0.00303413
0.00286887
0.00276608
0.00273623
0.00279093
0.00294201
0.00319598
0.00355417
0.00402121
0.00460392
0.00530449
0.0061238
0.00706388
0.00812407
0.00930155
0.0105935
0.0119969
0.0135111
0.0151379
0.0168765
0.0187211
0.0206667
0.0227118
0.0248554
0.0270925
0.0294165
0.0318198
0.0342941
0.0368314
0.0394262
0.0420744
0.0447686
0.0474964
0.0502453
0.0530083
0.0557847
0.058574
0.0613695
0.0641592
0.0669315
0.0696812
0.0724084
0.0751128
0.0777891
0.0804261
0.0830113
0.0855355
0.0879946
0.0903864
0.0927077
0.0949519
0.0971097
0.0991724
0.101134
0.102991
0.104743
0.106386
0.107918
0.109333
0.110628
0.111796
0.112834
0.113737
0.114502
0.115127
0.115611
0.115951
0.116147
0.116201
0.116116
0.115902
0.115566
0.11512
0.114575
0.113945
0.113244
0.11249
0.111699
0.110893
0.110091
0.10932
0.108607
0.107979
0.107466
0.107095
0.106908
0.106928
0.00448497
0.00488908
0.00523284
0.00549821
0.00565527
0.00569046
0.00561884
0.00546553
0.00525606
0.00501704
0.00476543
0.00451697
0.00428874
0.00409986
0.00396567
0.003894
0.00389442
0.00397719
0.00414897
0.0044176
0.00479059
0.00527112
0.00586119
0.00656371
0.00738182
0.00831681
0.00936667
0.0105287
0.0118006
0.0131803
0.0146676
0.0162647
0.0179692
0.019774
0.0216748
0.0236725
0.0257668
0.0279514
0.0302177
0.0325588
0.0349691
0.0374422
0.0399717
0.0425514
0.0451734
0.047827
0.0505019
0.0531924
0.0558969
0.0586136
0.0613353
0.0640507
0.06675
0.0694287
0.0720867
0.0747231
0.0773316
0.0799012
0.0824198
0.0848794
0.087276
0.0896073
0.0918694
0.094056
0.0961587
0.0981696
0.100083
0.101896
0.103606
0.105211
0.106709
0.108095
0.109365
0.110513
0.111536
0.112429
0.11319
0.113818
0.11431
0.114665
0.114882
0.114964
0.114914
0.11474
0.114452
0.114061
0.113577
0.113013
0.112383
0.111702
0.110987
0.110254
0.109524
0.108818
0.10816
0.107573
0.107083
0.106712
0.106491
0.106444
0.00624256
0.00644336
0.00659032
0.00669411
0.00672823
0.00668388
0.00656889
0.00639467
0.00618014
0.00594755
0.00571296
0.00549068
0.00529064
0.00512581
0.00501338
0.00496503
0.00498767
0.00509001
0.0052797
0.00556226
0.00594403
0.00643135
0.00702697
0.00773126
0.0085464
0.00947443
0.0105132
0.0116597
0.0129125
0.0142708
0.0157344
0.0173035
0.0189744
0.0207411
0.0226012
0.024557
0.0266065
0.0287417
0.0309538
0.0332384
0.0355915
0.0380067
0.0404757
0.0429916
0.0455474
0.0481344
0.050743
0.0533674
0.0560053
0.0586547
0.0613089
0.0639573
0.0665905
0.0692043
0.0717983
0.0743714
0.0769174
0.0794251
0.0818832
0.0842834
0.086622
0.0888968
0.091104
0.0932375
0.0952899
0.097254
0.099124
0.100896
0.102569
0.10414
0.105607
0.106967
0.108215
0.109346
0.110356
0.111241
0.112
0.112629
0.113128
0.113495
0.11373
0.113835
0.113814
0.113675
0.113427
0.11308
0.112646
0.112135
0.111562
0.110938
0.11028
0.109603
0.108923
0.10826
0.107634
0.107065
0.106573
0.106179
0.1059
0.105747
0.00800936
0.00801664
0.00799518
0.0079545
0.00786926
0.00773421
0.00755772
0.00734737
0.00711486
0.00687507
0.00664257
0.00642842
0.00624472
0.00610118
0.00600579
0.00597129
0.00600972
0.00612724
0.00632877
0.00662144
0.00701161
0.00750361
0.00810017
0.00880325
0.00961521
0.0105362
0.0115628
0.0126929
0.013928
0.0152676
0.0167094
0.0182513
0.0198901
0.021622
0.023446
0.0253633
0.0273706
0.0294598
0.0316233
0.0338577
0.0361594
0.038521
0.0409341
0.0433921
0.045889
0.0484165
0.0509651
0.0535289
0.056106
0.0586948
0.0612889
0.0638774
0.0664509
0.0690052
0.0715404
0.0740556
0.076545
0.0789974
0.0814008
0.083747
0.0860323
0.0882551
0.0904125
0.0924989
0.094507
0.0964293
0.0982603
0.0999963
0.101635
0.103176
0.104617
0.105955
0.107185
0.108302
0.109301
0.11018
0.110935
0.111565
0.112069
0.112445
0.112694
0.112818
0.112822
0.112711
0.112496
0.112186
0.11179
0.11132
0.110789
0.110208
0.10959
0.10895
0.108303
0.107664
0.107051
0.106479
0.105967
0.105531
0.105172
0.10489
0.00979286
0.00960221
0.00942242
0.00924709
0.00904832
0.00881836
0.00856535
0.00830622
0.00804529
0.00778658
0.00754457
0.00732898
0.00714845
0.00701271
0.00692912
0.00690541
0.00695165
0.00707627
0.00728573
0.00758598
0.00798123
0.00847478
0.00907053
0.00977146
0.0105788
0.0114913
0.0125056
0.0136215
0.0148411
0.016163
0.0175833
0.0190997
0.0207103
0.0224117
0.0242029
0.0260844
0.0280533
0.0301013
0.0322216
0.0344109
0.0366658
0.0389791
0.0413424
0.0437493
0.0461936
0.0486672
0.0511614
0.053671
0.0561946
0.0587303
0.0612712
0.0638063
0.0663259
0.0688267
0.0713093
0.0737735
0.0762129
0.0786159
0.0809705
0.0832683
0.085506
0.0876828
0.0897967
0.0918425
0.0938128
0.0956993
0.097496
0.0991997
0.100809
0.102324
0.103744
0.105064
0.10628
0.107386
0.108377
0.10925
0.110001
0.110631
0.111138
0.111521
0.111781
0.111921
0.111944
0.111857
0.111667
0.111384
0.111017
0.110576
0.110074
0.109522
0.10893
0.108312
0.10768
0.107049
0.106431
0.105841
0.105292
0.104798
0.104345
0.103921
0.0115807
0.0111923
0.010854
0.0105491
0.0102373
0.00991382
0.00958534
0.00926394
0.00895987
0.00867508
0.00841423
0.00818713
0.00800178
0.00786392
0.00778104
0.00776103
0.00781137
0.00793935
0.00815172
0.00845411
0.0088502
0.00934354
0.00993795
0.0106352
0.0114359
0.0123389
0.0133422
0.0144459
0.0156514
0.0169564
0.0183565
0.0198499
0.0214353
0.0231096
0.0248714
0.0267211
0.0286557
0.030667
0.0327482
0.0348967
0.0371098
0.0393806
0.0417003
0.0440616
0.0464582
0.048883
0.0513287
0.053791
0.0562684
0.058758
0.0612517
0.0637384
0.0662097
0.0686631
0.0711
0.0735198
0.0759155
0.0782748
0.0805856
0.0828403
0.0850363
0.0871737
0.089251
0.091263
0.0932014
0.0950575
0.0968248
0.0985009
0.100086
0.10158
0.102982
0.104289
0.105495
0.106593
0.107577
0.108444
0.109192
0.10982
0.110328
0.110717
0.110986
0.111138
0.111177
0.111107
0.110936
0.110672
0.110324
0.109903
0.10942
0.108884
0.108306
0.107696
0.107067
0.106429
0.105793
0.10517
0.104571
0.104008
0.103453
0.102878
0.0133579
0.0127736
0.0122787
0.0118426
0.0114175
0.0110006
0.0105978
0.0102126
0.00985483
0.00953197
0.00924567
0.00900054
0.00880096
0.00865192
0.00856177
0.00853847
0.00858771
0.00871483
0.00892558
0.0092257
0.00961932
0.0101101
0.0107012
0.0113933
0.0121864
0.0130802
0.0140733
0.0151658
0.0163584
0.0176481
0.0190298
0.0205024
0.0220655
0.0237163
0.0254527
0.0272745
0.0291782
0.0311562
0.0332024
0.0353152
0.0374923
0.0397262
0.0420071
0.0443271
0.0466807
0.0490623
0.0514663
0.0538884
0.056326
0.0587748
0.0612262
0.0636699
0.0660986
0.068511
0.0709087
0.0732902
0.0756476
0.0779682
0.0802402
0.082457
0.0846175
0.0867224
0.0887701
0.0907546
0.0926668
0.0944972
0.0962399
0.0978931
0.0994582
0.100936
0.102326
0.103624
0.104822
0.105914
0.106893
0.107755
0.108499
0.109124
0.109633
0.110026
0.110303
0.110465
0.110514
0.110457
0.110298
0.110045
0.109709
0.109299
0.108825
0.108296
0.107722
0.107111
0.106473
0.105817
0.105152
0.104484
0.103825
0.103185
0.102521
0.101794
0.0151041
0.0143253
0.0136793
0.0131162
0.0125773
0.012065
0.0115828
0.011134
0.010722
0.0103533
0.0100325
0.00976117
0.00953974
0.00937358
0.00927098
0.00923814
0.0092797
0.00940049
0.00960571
0.00990058
0.0102891
0.0107747
0.0113601
0.0120455
0.0128308
0.013716
0.0147
0.0157823
0.0169628
0.018238
0.0196033
0.0210581
0.0226027
0.0242337
0.0259482
0.0277448
0.0296207
0.0315693
0.0335856
0.0356683
0.0378146
0.040016
0.0422618
0.0445447
0.0468607
0.0492059
0.051575
0.0539632
0.0563662
0.0587786
0.0611925
0.0635988
0.0659914
0.0683693
0.0707337
0.0730822
0.075406
0.0776926
0.079931
0.0821158
0.0842472
0.0863261
0.0883505
0.0903134
0.0922044
0.0940139
0.0957365
0.0973719
0.0989221
0.100389
0.10177
0.103062
0.104255
0.105342
0.106316
0.107174
0.107914
0.108539
0.109048
0.109444
0.109727
0.109895
0.109952
0.109902
0.10975
0.109504
0.109173
0.108766
0.108294
0.107764
0.107185
0.106563
0.105907
0.105223
0.104519
0.103799
0.103072
0.102349
0.101571
0.100693
0.0167975
0.0158294
0.0150361
0.0143523
0.0137025
0.0130941
0.0125307
0.0120141
0.0115467
0.0111305
0.0107685
0.0104618
0.0102125
0.0100258
0.00990652
0.00985846
0.00988646
0.00999602
0.0101921
0.0104791
0.0108601
0.0113381
0.0119158
0.0125933
0.013371
0.0142489
0.0152247
0.016297
0.0174657
0.0187278
0.0200793
0.0215202
0.02305
0.0246642
0.0263589
0.0281331
0.0299849
0.0319091
0.033901
0.0359586
0.0380782
0.0402505
0.0424652
0.044716
0.0470007
0.0493162
0.051657
0.0540163
0.0563889
0.0587694
0.061151
0.0635261
0.0658893
0.0682392
0.0705758
0.0728959
0.0751906
0.077448
0.0796582
0.0818174
0.0839261
0.0859853
0.0879919
0.0899379
0.0918122
0.0936053
0.0953128
0.0969352
0.0984755
0.099935
0.101312
0.1026
0.10379
0.104873
0.105843
0.106697
0.107435
0.108059
0.10857
0.108969
0.109255
0.109427
0.109488
0.109441
0.109291
0.109047
0.108716
0.108307
0.10783
0.107292
0.106701
0.106061
0.105378
0.104658
0.103906
0.103126
0.102326
0.101515
0.100623
0.0995935
0.0184273
0.0172723
0.0163318
0.0155319
0.0147781
0.0140743
0.0134296
0.0128432
0.0123175
0.0118512
0.0114435
0.0110971
0.0108166
0.0106051
0.0104638
0.0103956
0.0104064
0.010502
0.0106861
0.0109621
0.0113326
0.011801
0.0123701
0.0130403
0.013811
0.0146817
0.0156491
0.0167115
0.0178696
0.0191212
0.0204626
0.0218928
0.0234102
0.0250095
0.0266867
0.0284419
0.0302746
0.0321798
0.0341521
0.0361885
0.0382845
0.0404314
0.0426199
0.0448449
0.0471049
0.049397
0.0517144
0.0540492
0.0563958
0.0587494
0.0611047
0.0634552
0.0657954
0.0681233
0.0704373
0.0727337
0.075004
0.0772374
0.0794255
0.0815653
0.0836576
0.0857026
0.0876961
0.0896291
0.0914905
0.0932715
0.0949685
0.0965828
0.0981174
0.0995735
0.100948
0.102234
0.103421
0.104502
0.105469
0.10632
0.107056
0.10768
0.108193
0.108595
0.108883
0.109057
0.109118
0.10907
0.108919
0.108673
0.108337
0.107922
0.107435
0.106884
0.106273
0.105608
0.104892
0.104129
0.103323
0.102477
0.101599
0.100696
0.0996902
0.0985126
0.0199773
0.018644
0.0175592
0.0166417
0.0157867
0.0149924
0.0142674
0.0136112
0.0130234
0.0125025
0.0120476
0.0116616
0.0113475
0.0111057
0.010937
0.0108461
0.0108385
0.0109182
0.0110873
0.0113488
0.0117067
0.0121651
0.0127266
0.01339
0.0141537
0.0150163
0.0159749
0.0170287
0.0181789
0.0194233
0.0207574
0.0221788
0.0236853
0.0252717
0.0269347
0.0286756
0.0304943
0.0323851
0.0343414
0.0363596
0.0384356
0.0405618
0.04273
0.0449357
0.0471773
0.0494511
0.0517494
0.054064
0.0563894
0.0587221
0.0610578
0.0633903
0.0657138
0.0680249
0.0703213
0.0725989
0.0748501
0.0770654
0.0792377
0.0813643
0.0834457
0.0854811
0.0874651
0.0893884
0.0912404
0.0930131
0.0947039
0.0963143
0.097847
0.0993021
0.100676
0.101961
0.103146
0.104224
0.105188
0.106038
0.106774
0.107398
0.107913
0.108316
0.108605
0.108779
0.108839
0.108787
0.108632
0.108378
0.108035
0.107609
0.107108
0.106538
0.105903
0.105207
0.104452
0.103641
0.102775
0.101858
0.100898
0.0999037
0.098784
0.0974628
0.0214275
0.0199298
0.0187082
0.0176741
0.0167165
0.0158351
0.0150317
0.0143053
0.0136534
0.013076
0.0125739
0.0121477
0.0117965
0.0115203
0.0113225
0.0112083
0.0111808
0.0112416
0.0113925
0.0116383
0.0119841
0.0124337
0.0129879
0.0136441
0.0143998
0.0152541
0.0162052
0.0172529
0.0183984
0.0196382
0.0209662
0.0223799
0.0238772
0.0254539
0.0271073
0.0288388
0.0306476
0.0325272
0.0344704
0.0364738
0.0385343
0.0406456
0.0427997
0.0449921
0.0472204
0.0494803
0.0517638
0.054063
0.056373
0.0586913
0.0610141
0.0633351
0.0656476
0.0679471
0.0702308
0.0724949
0.0747329
0.0769365
0.0790993
0.0812185
0.0832937
0.085323
0.0873006
0.0892172
0.0910628
0.0928309
0.0945192
0.0961293
0.0976628
0.0991189
0.100493
0.101777
0.10296
0.104035
0.104997
0.105845
0.106581
0.107207
0.107723
0.108126
0.108415
0.108587
0.108643
0.108587
0.108423
0.10816
0.107805
0.107364
0.106846
0.106253
0.105589
0.104857
0.104058
0.103194
0.102265
0.101274
0.100231
0.0991451
0.0979148
0.0964554
0.0227618
0.0211126
0.0197643
0.0186192
0.0175604
0.0165903
0.0157097
0.0149135
0.0141985
0.0135654
0.013015
0.0125455
0.0121545
0.0118437
0.0116176
0.0114791
0.0114286
0.0114672
0.0115992
0.0118309
0.0121666
0.0126079
0.013154
0.0138017
0.0145492
0.0153968
0.0163433
0.0173879
0.0185307
0.0197669
0.0210898
0.0224973
0.0239886
0.0255597
0.0272079
0.0289339
0.0307359
0.032607
0.0345403
0.0365332
0.0385837
0.0406859
0.0428318
0.0450158
0.0472352
0.0494854
0.0517589
0.0540483
0.0563494
0.0586599
0.0609762
0.0632915
0.0655983
0.0678914
0.0701678
0.0724243
0.0746553
0.0768538
0.0790133
0.0811305
0.0832036
0.08523
0.0872039
0.0891165
0.0909592
0.092726
0.0944152
0.0960278
0.0975644
0.0990231
0.100398
0.101681
0.102863
0.103935
0.104894
0.105741
0.106477
0.107103
0.10762
0.108023
0.10831
0.108479
0.108529
0.108465
0.108292
0.108016
0.107645
0.107187
0.106648
0.106029
0.105334
0.104561
0.103714
0.102794
0.1018
0.100734
0.0996078
0.0984311
0.0970939
0.0955023
0.0239714
0.0221801
0.0207128
0.0194627
0.0183079
0.0172494
0.0162913
0.015426
0.0146499
0.0139619
0.0133612
0.0128462
0.0124157
0.0120718
0.0118171
0.0116514
0.0115753
0.0115917
0.0117069
0.0119266
0.012253
0.0126852
0.0132219
0.013861
0.0146022
0.0154462
0.0163909
0.0174343
0.0185751
0.0198081
0.0211276
0.022532
0.0240211
0.0255908
0.0272374
0.0289605
0.0307582
0.0326238
0.0345513
0.0365388
0.0385849
0.0406835
0.0428259
0.0450058
0.0472204
0.0494656
0.0517346
0.0540205
0.0563192
0.0586284
0.0609441
0.0632591
0.0655654
0.0678574
0.0701322
0.0723873
0.0746181
0.0768179
0.0789801
0.0811002
0.0831753
0.0852022
0.0871754
0.0890875
0.0909307
0.0926997
0.0943929
0.0960105
0.0975522
0.0990148
0.100392
0.101675
0.102854
0.103924
0.10488
0.105725
0.10646
0.107087
0.107604
0.108008
0.108292
0.108456
0.108498
0.108423
0.108238
0.107948
0.107559
0.107081
0.106517
0.10587
0.10514
0.104325
0.103428
0.102448
0.101388
0.100247
0.0990389
0.097774
0.0963344
0.094617
0.0250515
0.0231243
0.0215434
0.020194
0.018947
0.0178041
0.0167683
0.0158344
0.014998
0.0142553
0.0136041
0.013044
0.0125752
0.0121982
0.0119126
0.0117178
0.0116163
0.0116136
0.0117147
0.0119232
0.0122389
0.0126606
0.0131882
0.013821
0.0145591
0.0154021
0.0163464
0.0173889
0.018528
0.0197595
0.0210784
0.0224836
0.0239744
0.0255458
0.027193
0.0289155
0.0307116
0.0325756
0.0345021
0.0364897
0.0385365
0.040636
0.0427787
0.0449585
0.0471727
0.0494183
0.051689
0.0539779
0.0562806
0.0585944
0.060915
0.0632348
0.0655457
0.0678421
0.0701215
0.0723819
0.0746192
0.0768267
0.078997
0.0811247
0.083206
0.0852373
0.0872139
0.0891294
0.0909771
0.0927521
0.0944525
0.0960778
0.0976265
0.0990945
0.100475
0.101758
0.102936
0.104004
0.104958
0.105802
0.106536
0.107163
0.10768
0.108082
0.108364
0.10852
0.108553
0.108465
0.108264
0.107957
0.107551
0.10705
0.106461
0.105783
0.105015
0.104157
0.103208
0.102169
0.101041
0.0998265
0.0985379
0.0971877
0.0956498
0.0938125
0.0259965
0.0239403
0.0222503
0.0208057
0.0194686
0.0182441
0.0171327
0.0161312
0.0152344
0.0144372
0.0137366
0.0131328
0.012626
0.0122144
0.0118961
0.0116728
0.0115491
0.0115301
0.0116181
0.0118141
0.0121178
0.0125295
0.0130503
0.01368
0.0144174
0.0152605
0.0162045
0.0172462
0.0183852
0.0196179
0.0209399
0.0223495
0.0238449
0.0254199
0.0270697
0.0287941
0.0305922
0.0324592
0.0343899
0.0363823
0.0384341
0.040538
0.0426848
0.0448687
0.0470879
0.0493399
0.0516186
0.0539167
0.0562293
0.0585531
0.0608836
0.0632134
0.0655345
0.0678412
0.0701315
0.0724038
0.074654
0.0768749
0.0790586
0.0811985
0.0832904
0.0853308
0.0873155
0.089239
0.0910955
0.0928805
0.0945917
0.0962277
0.0977858
0.0992611
0.100646
0.101932
0.10311
0.104177
0.105131
0.105974
0.10671
0.107337
0.107853
0.108252
0.108528
0.108676
0.108697
0.108595
0.108378
0.108053
0.107626
0.107104
0.106487
0.105777
0.104971
0.104067
0.103066
0.101967
0.100773
0.0994852
0.0981181
0.0966852
0.0950526
0.0931004
0.0267999
0.0246223
0.0228288
0.0212906
0.0198657
0.0185608
0.0173771
0.0163096
0.0153524
0.0145007
0.013752
0.0131056
0.0125599
0.0121121
0.0117623
0.0115135
0.0113705
0.0113358
0.0114093
0.0115916
0.0118839
0.0122879
0.0128052
0.013434
0.0141713
0.0150141
0.0159577
0.0170002
0.0181419
0.0193796
0.0207081
0.0221246
0.0236263
0.0252067
0.0268616
0.0285915
0.0303963
0.0322713
0.0342107
0.036212
0.0382721
0.0403839
0.0425387
0.0447318
0.0469618
0.0492264
0.0515191
0.0538322
0.0561598
0.0584987
0.0608442
0.0631895
0.0655264
0.0678496
0.070157
0.0724471
0.0747158
0.0769555
0.0791573
0.0813143
0.0834217
0.0854763
0.0874744
0.0894111
0.0912812
0.0930805
0.0948062
0.096456
0.0980264
0.0995117
0.100904
0.102195
0.103376
0.104444
0.1054
0.106246
0.106983
0.107611
0.108126
0.108521
0.108789
0.108928
0.108936
0.10882
0.108586
0.108242
0.107795
0.107249
0.106605
0.105862
0.105016
0.104067
0.103013
0.101855
0.100594
0.0992351
0.0977913
0.0962776
0.0945526
0.0924891
0.0274569
0.0251638
0.0232713
0.0216427
0.0201327
0.0187492
0.0174956
0.0163632
0.015346
0.0144405
0.0136444
0.0129551
0.0123696
0.0118865
0.0115077
0.0112364
0.0110747
0.0110227
0.0110803
0.0112494
0.0115327
0.0119323
0.0124479
0.013076
0.0138127
0.014655
0.0155998
0.0166461
0.0177943
0.0190403
0.0203777
0.0218028
0.0233124
0.0249007
0.0265644
0.0283046
0.0301212
0.0320087
0.0339609
0.0359743
0.038046
0.0401696
0.0423375
0.0445454
0.0467924
0.0490757
0.0513882
0.0537213
0.056069
0.0584277
0.0607936
0.0631599
0.0655186
0.0678643
0.0701946
0.0725078
0.0747997
0.0770625
0.079287
0.0814656
0.0835937
0.0856679
0.087685
0.0896405
0.0915295
0.0933478
0.095092
0.0967591
0.0983448
0.0998429
0.101246
0.102545
0.103733
0.104808
0.105768
0.106618
0.107359
0.107989
0.108503
0.108893
0.109154
0.109281
0.109277
0.109146
0.108896
0.108534
0.108067
0.107497
0.106825
0.106047
0.105162
0.104167
0.10306
0.101842
0.100516
0.0990852
0.0975657
0.0959721
0.0941558
0.0919833
0.0279654
0.0255605
0.0235719
0.0218585
0.0202665
0.0188067
0.017483
0.0162861
0.0152101
0.0142515
0.0134076
0.0126749
0.0120501
0.0115336
0.011128
0.0108346
0.0106529
0.0105823
0.0106243
0.0107826
0.0110599
0.0114568
0.0119709
0.0125977
0.0133337
0.0141772
0.0151263
0.0161803
0.0173383
0.018595
0.0199431
0.0213787
0.0228988
0.0244988
0.0261762
0.027932
0.0297652
0.0316695
0.0336379
0.0356669
0.0377543
0.0398948
0.0420815
0.0443105
0.0465807
0.0488884
0.0512257
0.0535837
0.0559563
0.0583404
0.0607324
0.0631256
0.0655123
0.0678862
0.0702445
0.0725854
0.0749047
0.0771946
0.079446
0.081651
0.0838047
0.0859039
0.0879456
0.0899256
0.0918389
0.0936809
0.0954479
0.0971358
0.0987401
0.100254
0.101672
0.102984
0.104184
0.105268
0.106238
0.107096
0.107841
0.108474
0.108987
0.109373
0.109626
0.109743
0.109727
0.109582
0.109317
0.108937
0.108449
0.107855
0.107154
0.106343
0.105417
0.104374
0.103213
0.101935
0.100542
0.0990402
0.0974446
0.095771
0.0938634
0.0915834
0.0283252
0.0258116
0.0237299
0.0219357
0.0202648
0.0187298
0.0173353
0.0160743
0.0149405
0.0139292
0.0130367
0.0122599
0.0115972
0.0110491
0.010617
0.0102999
0.0100965
0.0100077
0.0100364
0.0101867
0.0104598
0.010854
0.0113659
0.0119915
0.0127286
0.0135769
0.0145345
0.0155997
0.0167701
0.0180394
0.0194
0.0208487
0.0223834
0.0240005
0.0256973
0.027474
0.0293283
0.0312531
0.0332413
0.0352903
0.0373987
0.0395621
0.0417741
0.0440308
0.04633
0.0486674
0.0510346
0.0534225
0.0558254
0.0582407
0.0606649
0.0630916
0.0655121
0.0679197
0.0703109
0.0726837
0.0750343
0.0773552
0.0796376
0.0818736
0.084058
0.0861876
0.0882594
0.0902691
0.0922118
0.0940822
0.0958759
0.0975886
0.0992151
0.10075
0.102185
0.103514
0.10473
0.10583
0.106813
0.107681
0.108434
0.10907
0.109583
0.109967
0.110214
0.110322
0.110294
0.110136
0.109856
0.109459
0.10895
0.10833
0.107599
0.106752
0.105784
0.104692
0.103475
0.102135
0.100675
0.0990999
0.0974271
0.0956726
0.0936736
0.0912873
0.028538
0.025919
0.0237473
0.0218725
0.0201242
0.0185148
0.0170502
0.0157254
0.0145335
0.0134686
0.0125268
0.0117063
0.0110066
0.0104272
0.00996723
0.00962467
0.00939955
0.00929435
0.00931251
0.0094565
0.00972545
0.0101164
0.0106263
0.0112527
0.0119947
0.012852
0.0138219
0.0149009
0.0160856
0.0173692
0.0187452
0.0202113
0.0217661
0.0234061
0.025128
0.0269305
0.02881
0.0307593
0.0327721
0.0348466
0.0369825
0.0391756
0.0414199
0.0437105
0.0460445
0.0484168
0.050819
0.0532422
0.0556813
0.0581342
0.0605974
0.0630638
0.065524
0.0679705
0.0703993
0.0728083
0.0751943
0.0775504
0.0798683
0.08214
0.0843601
0.0865253
0.0886325
0.0906773
0.0926542
0.0945573
0.0963817
0.0981227
0.0997756
0.101335
0.102793
0.104144
0.10538
0.106498
0.107498
0.108379
0.109142
0.109783
0.110298
0.110679
0.110922
0.111023
0.110985
0.110815
0.110519
0.110105
0.109574
0.108928
0.108165
0.10728
0.106266
0.105122
0.103847
0.102443
0.100913
0.0992628
0.097511
0.0956746
0.0935843
0.0910929
0.0286057
0.0258842
0.0236238
0.0216681
0.0198425
0.0181592
0.0166258
0.0152365
0.0139845
0.0128645
0.0118731
0.0110093
0.0102726
0.00966063
0.00917104
0.00880275
0.00855752
0.00843849
0.00844777
0.00858562
0.00884989
0.00923784
0.00974787
0.0103788
0.0111301
0.0120004
0.0129852
0.01408
0.0152809
0.0165817
0.0179773
0.0194663
0.0210472
0.0227159
0.0244678
0.0263002
0.028209
0.0301875
0.0322305
0.0343373
0.0365076
0.0387375
0.0410205
0.043351
0.0457252
0.0481377
0.0505803
0.0530449
0.0555267
0.058024
0.0605328
0.0630453
0.0655512
0.0680419
0.0705134
0.0729636
0.0753899
0.0777861
0.0801442
0.0824566
0.0847176
0.0869237
0.0890715
0.0911564
0.0931722
0.0951124
0.0969715
0.0987449
0.100428
0.102016
0.103502
0.104878
0.106138
0.107278
0.108297
0.109194
0.109968
0.110617
0.111135
0.111517
0.111756
0.111852
0.111805
0.111624
0.111314
0.110881
0.110327
0.109654
0.108856
0.107928
0.106866
0.105667
0.10433
0.102859
0.101257
0.0995293
0.0976971
0.0957781
0.0935969
0.0910014
0.0285293
0.0257066
0.0233576
0.0213222
0.0194186
0.0176614
0.0160585
0.0146028
0.0132886
0.0121123
0.0110713
0.0101645
0.00938953
0.00874319
0.00822349
0.00783088
0.0075679
0.00743669
0.00743726
0.0075684
0.00782818
0.00821521
0.0087291
0.00936898
0.0101334
0.0110192
0.0120206
0.013133
0.0143526
0.0156748
0.0170954
0.018613
0.0202256
0.0219276
0.0237134
0.0255796
0.0275222
0.0295354
0.0316151
0.0337611
0.0359728
0.0382461
0.0405737
0.0429496
0.0453692
0.0478274
0.0503164
0.0528287
0.0553601
0.0579085
0.0604695
0.0630342
0.0655914
0.0681321
0.0706518
0.073149
0.0756215
0.0780637
0.0804679
0.0828264
0.0851337
0.087386
0.0895795
0.0917092
0.0937685
0.0957503
0.0976487
0.0994589
0.101177
0.102797
0.104315
0.105721
0.107009
0.108173
0.109213
0.110128
0.110917
0.111576
0.1121
0.112484
0.112722
0.112813
0.112759
0.112567
0.112243
0.111791
0.111213
0.110509
0.109674
0.108702
0.107588
0.10633
0.104929
0.103387
0.10171
0.0999041
0.0979906
0.0959891
0.0937174
0.0910177
0.0283094
0.0253842
0.0229471
0.0208329
0.0188508
0.0170177
0.0153424
0.0138184
0.0124413
0.0112085
0.0101181
0.00916755
0.00835293
0.00767137
0.00712254
0.00670774
0.00642865
0.00628548
0.00627673
0.0064012
0.00665822
0.0070477
0.00756946
0.00822175
0.0090015
0.00990408
0.0109236
0.0120558
0.013298
0.0146464
0.0160974
0.0176489
0.0192974
0.0210362
0.0228594
0.0247634
0.0267448
0.0287988
0.0309221
0.0331141
0.0353737
0.037696
0.0400736
0.0425
0.0449706
0.0474802
0.0500217
0.0525883
0.0551758
0.0577817
0.0604008
0.0630233
0.0656374
0.0682337
0.0708078
0.0733584
0.0758838
0.0783787
0.0808355
0.0832465
0.085606
0.08791
0.0901544
0.0923339
0.0944415
0.09647
0.0984129
0.100265
0.102023
0.103681
0.105234
0.106673
0.107992
0.109185
0.11025
0.111185
0.11199
0.112662
0.113195
0.113583
0.113821
0.113909
0.11385
0.113648
0.11331
0.112838
0.112236
0.111499
0.110624
0.109604
0.108436
0.107117
0.105648
0.104035
0.102281
0.100396
0.0984012
0.0963171
0.0939542
0.0911487
0.0279461
0.0249162
0.0223904
0.0201962
0.0181343
0.0162223
0.0144718
0.0128788
0.0114391
0.0101502
0.00900959
0.00801372
0.00715859
0.0064425
0.0058663
0.0054308
0.00513586
0.00498012
0.00496194
0.00508117
0.00533843
0.00573395
0.00626662
0.00693319
0.00772927
0.00864976
0.00968938
0.0108449
0.0121143
0.0134941
0.0149802
0.0165693
0.0182566
0.0200351
0.0218992
0.0238456
0.0258716
0.0279728
0.030146
0.03239
0.0347028
0.0370793
0.0395118
0.0419939
0.044521
0.047088
0.0496884
0.0523156
0.0549654
0.0576346
0.0603171
0.0630027
0.0656793
0.0683373
0.0709725
0.0735838
0.0761695
0.0787244
0.0812409
0.0837111
0.0861292
0.0884909
0.090792
0.0930268
0.0951881
0.0972685
0.0992614
0.101162
0.102964
0.104665
0.106258
0.107735
0.109089
0.110314
0.111407
0.112366
0.113191
0.113878
0.114421
0.114816
0.115057
0.115144
0.11508
0.114871
0.114518
0.114027
0.113398
0.112627
0.11171
0.110641
0.109416
0.108034
0.106498
0.104812
0.102982
0.101017
0.0989398
0.096772
0.0943158
0.0914003
0.0274384
0.0243017
0.0216841
0.0194064
0.0172624
0.0152698
0.0134436
0.0117817
0.0102795
0.00893383
0.00774141
0.00669884
0.00580336
0.00505432
0.00445222
0.00399634
0.00368491
0.00351628
0.00348983
0.00360652
0.00386731
0.0042716
0.00481676
0.00549838
0.00631163
0.00725183
0.00831476
0.00949796
0.0107994
0.0122149
0.0137396
0.015369
0.0170975
0.0189188
0.0208279
0.0228222
0.0248988
0.0270533
0.0292821
0.0315833
0.0339543
0.0363895
0.0388818
0.041425
0.0440145
0.0466452
0.0493107
0.0520046
0.0547223
0.05746
0.0602109
0.0629648
0.0657095
0.0684358
0.0711394
0.0738192
0.0764731
0.0790958
0.0816793
0.0842155
0.0866986
0.0891243
0.0914882
0.0937844
0.0960054
0.0981435
0.100192
0.102146
0.103999
0.105748
0.107386
0.108905
0.110298
0.111559
0.112685
0.113673
0.114521
0.115225
0.115782
0.116186
0.116433
0.116522
0.116456
0.116238
0.115873
0.115362
0.114704
0.113899
0.112939
0.111819
0.110537
0.109092
0.107488
0.105729
0.103823
0.101777
0.0996164
0.0973618
0.0948075
0.0917759
0.0267828
0.0235366
0.0208228
0.018458
0.0162298
0.014157
0.0122559
0.0105246
0.00895884
0.00755474
0.00630902
0.00521954
0.00428489
0.00350434
0.0028768
0.00239995
0.00207159
0.00189092
0.0018585
0.00197562
0.00224242
0.00265686
0.00321511
0.00391238
0.00474435
0.00570719
0.00679754
0.00801298
0.00935056
0.0108052
0.0123711
0.014043
0.0158158
0.017684
0.0196435
0.0216917
0.023825
0.0260387
0.0283285
0.0306918
0.0331256
0.0356246
0.0381821
0.0407923
0.0434505
0.0461514
0.0488882
0.0516544
0.0544453
0.0572563
0.0600806
0.0629078
0.0657265
0.0685276
0.071307
0.0740629
0.0767928
0.0794909
0.0821486
0.0847578
0.0873124
0.0898083
0.0922412
0.094605
0.096892
0.0990942
0.101204
0.103217
0.105127
0.10693
0.108618
0.110185
0.111623
0.112925
0.114088
0.115108
0.115983
0.11671
0.117283
0.1177
0.117955
0.118049
0.117981
0.117757
0.117379
0.116847
0.116162
0.115321
0.114318
0.113148
0.111809
0.110301
0.108629
0.106797
0.104813
0.102684
0.100436
0.0980896
0.0954307
0.0922754
0.0259748
0.0226148
0.0198019
0.017348
0.0150345
0.0128818
0.0109053
0.00910278
0.00747097
0.00600658
0.00470708
0.00357153
0.00259888
0.00178709
0.00113346
0.000635059
0.000290354
9.96795e-05
6.39993e-05
0.00018388
0.000458056
0.000883252
0.00145519
0.00216965
0.00302325
0.00401283
0.00513517
0.00638706
0.00776421
0.00926056
0.0108701
0.0125878
0.0144093
0.01633
0.0183462
0.0204545
0.0226506
0.0249289
0.0272848
0.0297152
0.032217
0.0347852
0.0374139
0.0400976
0.0428313
0.0456088
0.048423
0.0512671
0.0541363
0.0570257
0.0599286
0.0628348
0.0657335
0.0686162
0.0714785
0.074318
0.0771314
0.0799119
0.0826508
0.0853397
0.0879725
0.090545
0.0930531
0.0954907
0.0978501
0.100123
0.102301
0.104379
0.106351
0.108213
0.109958
0.111579
0.113066
0.114414
0.115619
0.116676
0.117582
0.118334
0.118929
0.119362
0.119629
0.119729
0.119662
0.119433
0.119042
0.118491
0.117778
0.116901
0.115855
0.114635
0.113239
0.111668
0.109927
0.10802
0.105955
0.10374
0.101399
0.0989541
0.0961834
0.0928965
0.0250118
0.0215328
0.0186191
0.0160753
0.0136751
0.0114401
0.00938531
0.00750881
0.0058086
0.00428266
0.00292969
0.00174894
0.00073834
-0.000105659
-0.000786364
-0.00130609
-0.00166536
-0.00186343
-0.00189999
-0.00177584
-0.00149347
-0.00105665
-0.000469253
0.000265526
0.00114504
0.00216615
0.00332495
0.00461696
0.00603661
0.00757749
0.00923409
0.0110023
0.0128782
0.0148579
0.0169373
0.0191121
0.0213766
0.0237249
0.0261519
0.0286546
0.0312298
0.0338734
0.0365799
0.039344
0.0421598
0.0450203
0.0479178
0.0508454
0.0537982
0.0567717
0.059759
0.0627506
0.0657361
0.0687074
0.0716599
0.0745902
0.0774939
0.0803636
0.0831901
0.0859652
0.0886827
0.0913384
0.093928
0.0964456
0.0988835
0.101233
0.103485
0.105635
0.107675
0.109602
0.11141
0.113089
0.114632
0.116031
0.117281
0.118379
0.119321
0.120104
0.120724
0.121177
0.121458
0.121567
0.121504
0.121271
0.120868
0.120298
0.119559
0.118647
0.117557
0.116287
0.114833
0.113197
0.111385
0.1094
0.10725
0.104942
0.102502
0.0999524
0.0970631
0.0936375
0.0238934
0.0202899
0.0172724
0.014637
0.012147
0.00982477
0.00768772
0.00573494
0.0039651
0.00237737
0.000971204
-0.00025489
-0.00130455
-0.00218198
-0.00288991
-0.00342953
-0.00380086
-0.00400389
-0.00403964
-0.0039102
-0.00361853
-0.00316809
-0.0025619
-0.00180234
-0.000891999
0.000165193
0.0013642
0.00269939
0.00416452
0.0057536
0.00746214
0.0092867
0.0112237
0.013269
0.015418
0.017665
0.0200034
0.0224269
0.0249305
0.0275112
0.0301661
0.0328917
0.035683
0.0385344
0.0414388
0.0443883
0.0473747
0.0503914
0.0534338
0.0564973
0.0595755
0.0626593
0.0657386
0.0688056
0.0718551
0.0748829
0.0778834
0.0808484
0.0837687
0.086636
0.0894445
0.0921899
0.0948676
0.0974717
0.0999943
0.102426
0.10476
0.106987
0.109102
0.1111
0.112976
0.114719
0.116322
0.117777
0.119079
0.120223
0.121206
0.122024
0.122674
0.123151
0.12345
0.123571
0.123513
0.123277
0.122865
0.122277
0.121511
0.120563
0.11943
0.118108
0.116594
0.114892
0.113004
0.110937
0.108696
0.10629
0.103745
0.101085
0.0980713
0.0945007
0.0226192
0.0188841
0.0157574
0.0130256
0.0104408
0.00802683
0.00580466
0.00377429
0.0019345
0.000285007
-0.00117492
-0.0024478
-0.00353799
-0.00444924
-0.00518318
-0.00574037
-0.00612137
-0.00632756
-0.00636135
-0.0062254
-0.00592238
-0.00545492
-0.00482542
-0.00403615
-0.00309045
-0.0019935
-0.000751335
0.000629916
0.00214411
0.00378616
0.00555258
0.00744011
0.00944478
0.011562
0.0137863
0.0161109
0.0185285
0.0210326
0.0236186
0.0262834
0.0290248
0.0318394
0.0347225
0.0376676
0.0406667
0.0437109
0.046792
0.0499038
0.053042
0.0562022
0.0593781
0.0625609
0.0657409
0.0689101
0.0720629
0.0751943
0.0782977
0.081364
0.084384
0.0873497
0.0902555
0.0930973
0.0958703
0.098568
0.101182
0.103704
0.106125
0.108437
0.110634
0.11271
0.114659
0.116473
0.118142
0.119659
0.121017
0.122213
0.123241
0.1241
0.124784
0.125288
0.125608
0.125743
0.125693
0.125458
0.125037
0.124432
0.12364
0.122657
0.121479
0.120103
0.118527
0.116754
0.114787
0.112633
0.110297
0.107787
0.105132
0.102357
0.0992154
0.0954935
0.0211851
0.0173103
0.0140662
0.0112313
0.00854699
0.00603884
0.00372999
0.00162091
-0.000289545
-0.00200183
-0.00351736
-0.00483907
-0.00597073
-0.00691496
-0.0076728
-0.00824524
-0.00863422
-0.00884246
-0.00887306
-0.00872852
-0.00841074
-0.00792177
-0.00726403
-0.0064405
-0.00545573
-0.00431604
-0.00302786
-0.00159705
-2.91206e-05
0.00167169
0.00350238
0.00545935
0.0075378
0.00973243
0.0120371
0.0144444
0.0169462
0.0195361
0.0222102
0.0249657
0.0278002
0.0307107
0.033692
0.0367368
0.039836
0.0429804
0.0461622
0.0493755
0.0526164
0.0558805
0.0591614
0.0624503
0.0657378
0.0690157
0.072278
0.0755189
0.0787309
0.0819047
0.0850309
0.0881018
0.0911121
0.0940575
0.0969332
0.0997322
0.102446
0.105066
0.107581
0.109985
0.112271
0.114433
0.116463
0.118353
0.120094
0.121678
0.123099
0.124352
0.125432
0.126335
0.127056
0.127592
0.127937
0.128091
0.128051
0.127818
0.127392
0.12677
0.125952
0.124933
0.123709
0.122277
0.120636
0.118789
0.116739
0.114494
0.112059
0.109443
0.106675
0.103783
0.100507
0.0966268
0.0195831
0.0155598
0.0121905
0.0092463
0.00645935
0.0038556
0.00145846
-0.000731323
-0.0027145
-0.00449195
-0.0060655
-0.00743749
-0.00861033
-0.00958583
-0.0103655
-0.0109516
-0.0113476
-0.0115569
-0.0115823
-0.0114259
-0.011089
-0.0105736
-0.00988317
-0.00902168
-0.00799481
-0.00680947
-0.00547176
-0.00398678
-0.00235944
-0.000593578
0.00130765
0.00333986
0.00549733
0.00777421
0.0101639
0.0126582
0.0152489
0.0179302
0.0206983
0.0235508
0.026485
0.0294975
0.0325826
0.0357324
0.0389371
0.0421875
0.0454762
0.0487979
0.0521489
0.0555246
0.0589182
0.0623207
0.0657228
0.0691163
0.0724944
0.0758507
0.0791774
0.082465
0.0857044
0.0888881
0.0920106
0.0950675
0.0980537
0.100962
0.103784
0.106509
0.109127
0.111631
0.114013
0.116267
0.118385
0.120359
0.122179
0.123838
0.125328
0.126643
0.127779
0.128732
0.129496
0.130068
0.130443
0.130618
0.130593
0.130365
0.129934
0.129297
0.128453
0.127397
0.126126
0.124636
0.122928
0.121004
0.11887
0.116531
0.113995
0.111271
0.108388
0.105374
0.10196
0.0979115
0.017803
0.0136234
0.0101228
0.00706523
0.00417293
0.00147117
-0.00101702
-0.00329043
-0.00534932
-0.00719463
-0.00882777
-0.0102499
-0.0114624
-0.0124672
-0.0132672
-0.0138663
-0.0142685
-0.0144771
-0.0144945
-0.0143221
-0.0139615
-0.0134156
-0.0126889
-0.0117865
-0.0107148
-0.00948039
-0.0080887
-0.00654409
-0.00485124
-0.00301425
-0.00103684
0.00107566
0.00331677
0.00568023
0.00815915
0.0107451
0.01343
0.0162083
0.0190768
0.0220328
0.025073
0.0281933
0.0313877
0.0346479
0.0379639
0.0413265
0.044729
0.0481665
0.0516354
0.0551304
0.0586443
0.062168
0.065692
0.0692078
0.0727083
0.0761864
0.079634
0.083042
0.0864018
0.089706
0.092949
0.0961258
0.0992308
0.102257
0.105194
0.108033
0.110762
0.113373
0.115858
0.118212
0.120427
0.122492
0.124399
0.126138
0.127704
0.129088
0.130287
0.131295
0.132108
0.132721
0.133131
0.133333
0.133325
0.133105
0.132671
0.13202
0.13115
0.130057
0.128738
0.127189
0.125413
0.123411
0.121191
0.118759
0.116121
0.113287
0.110286
0.107145
0.103583
0.0993556
0.0158364
0.0114933
0.00785701
0.0046825
0.00168075
-0.0011235
-0.00370663
-0.00606685
-0.00820422
-0.0101191
-0.0118118
-0.0132825
-0.0145328
-0.0155658
-0.0163856
-0.0169969
-0.017404
-0.0176094
-0.017615
-0.0174225
-0.0170343
-0.0164545
-0.0156889
-0.0147431
-0.0136232
-0.0123354
-0.0108845
-0.00927444
-0.00751022
-0.00559657
-0.00353797
-0.00134056
0.000988603
0.00344309
0.00601598
0.00869889
0.0114839
0.0143659
0.0173416
0.0204077
0.0235602
0.0267942
0.0301037
0.0334801
0.0369138
0.0403959
0.0439198
0.0474811
0.0510757
0.054698
0.0583401
0.0619922
0.065645
0.0692899
0.0729194
0.0765259
0.0801013
0.0836368
0.0871244
0.0905571
0.0939288
0.097234
0.100466
0.103618
0.106679
0.109639
0.112486
0.115212
0.117809
0.120271
0.122589
0.124753
0.126754
0.128583
0.130231
0.131692
0.13296
0.134031
0.134899
0.13556
0.136009
0.136242
0.136255
0.136045
0.13561
0.134947
0.134052
0.132922
0.131554
0.129947
0.128102
0.126024
0.123718
0.121192
0.118451
0.115503
0.112378
0.109103
0.105383
0.100963
0.0136778
0.00916392
0.00538661
0.00209006
-0.00102726
-0.00393962
-0.00662173
-0.00907159
-0.0112892
-0.013274
-0.0150253
-0.0165432
-0.0178303
-0.0188911
-0.0197305
-0.0203532
-0.0207628
-0.0209616
-0.0209517
-0.0207354
-0.0203166
-0.0197003
-0.018893
-0.0179003
-0.0167279
-0.0153815
-0.0138654
-0.012184
-0.0103428
-0.00834736
-0.00620277
-0.00391578
-0.0014938
0.00105682
0.00372932
0.00651544
0.00940747
0.0124003
0.0154902
0.018673
0.0219439
0.0252978
0.0287285
0.0322279
0.0357865
0.0393956
0.043049
0.0467424
0.0504712
0.0542288
0.0580066
0.0617948
0.0655836
0.0693646
0.07313
0.0768721
0.0805828
0.0842538
0.0878773
0.0914466
0.0949554
0.0983975
0.101766
0.105051
0.108244
0.111333
0.114306
0.117154
0.11987
0.122447
0.124876
0.127148
0.129252
0.131177
0.132916
0.134461
0.135806
0.136946
0.137875
0.13859
0.139083
0.139351
0.139389
0.139194
0.13876
0.138086
0.137167
0.136002
0.134588
0.132923
0.131011
0.128857
0.126465
0.123842
0.120994
0.117927
0.11467
0.11125
0.10736
0.102735
0.0113232
0.00662919
0.00270291
-0.00072299
-0.00396255
-0.00698799
-0.00977244
-0.0123141
-0.0146128
-0.0166673
-0.0184765
-0.0200413
-0.0213656
-0.0224545
-0.0233131
-0.0239452
-0.0243543
-0.0245429
-0.0245139
-0.0242709
-0.0238187
-0.0231632
-0.0223106
-0.0212664
-0.0200358
-0.0186245
-0.017037
-0.0152782
-0.0133546
-0.0112723
-0.00903664
-0.00665492
-0.00413461
-0.00148181
0.00129698
0.00419349
0.00719989
0.0103107
0.0135215
0.0168272
0.0202226
0.0237026
0.0272613
0.0308908
0.0345817
0.0383257
0.0421168
0.0459505
0.0498213
0.0537221
0.0576435
0.0615752
0.0655076
0.0694321
0.0733412
0.077227
0.0810815
0.0848967
0.088665
0.0923797
0.0960341
0.0996214
0.103134
0.106561
0.109893
0.113118
0.116225
0.119203
0.122046
0.124747
0.127295
0.129682
0.131896
0.133926
0.135764
0.1374
0.13883
0.140047
0.141045
0.141819
0.142363
0.142671
0.142738
0.142559
0.14213
0.141448
0.140508
0.13931
0.137851
0.136131
0.134153
0.131922
0.129441
0.126718
0.123756
0.120562
0.117163
0.113589
0.10952
0.104679
0.00876499
0.00387924
-0.00020602
-0.00376907
-0.00713627
-0.0102783
-0.0131678
-0.015803
-0.0181835
-0.0203077
-0.0221752
-0.0237879
-0.02515
-0.0262669
-0.0271429
-0.0277816
-0.0281867
-0.0283617
-0.0283106
-0.0280383
-0.0275498
-0.0268512
-0.0259485
-0.0248469
-0.0235518
-0.0220692
-0.020404
-0.0185621
-0.0165507
-0.014376
-0.0120439
-0.00956159
-0.0069366
-0.00417465
-0.00128215
0.0017323
0.00486038
0.00809604
0.0114341
0.0148688
0.0183948
0.0220073
0.0257009
0.0294677
0.0332986
0.0371852
0.0411217
0.0451032
0.0491236
0.0531748
0.0572467
0.0613292
0.0654126
0.0694886
0.0735496
0.0775879
0.0815955
0.0855643
0.0894869
0.093356
0.0971647
0.100905
0.10457
0.108148
0.111627
0.114997
0.118244
0.121361
0.12434
0.127172
0.129848
0.132359
0.134692
0.136836
0.138781
0.140518
0.14204
0.143342
0.144416
0.145256
0.145856
0.14621
0.146311
0.146153
0.145733
0.145045
0.144089
0.142861
0.14136
0.139586
0.137542
0.135231
0.132658
0.129828
0.126745
0.123414
0.119866
0.116129
0.111871
0.106804
0.00599078
0.000900779
-0.00335321
-0.00705985
-0.0105587
-0.0138205
-0.0168176
-0.0195482
-0.0220116
-0.0242067
-0.0261338
-0.0277954
-0.0291956
-0.030339
-0.0312295
-0.0318713
-0.032269
-0.0324274
-0.0323514
-0.0320466
-0.031518
-0.0307714
-0.0298127
-0.0286472
-0.027281
-0.0257207
-0.023972
-0.0220415
-0.0199367
-0.0176641
-0.0152294
-0.01264
-0.00990331
-0.00702474
-0.00401096
-0.000871274
0.00238529
0.00575216
0.00922368
0.0127937
0.0164566
0.0202084
0.0240439
0.0279555
0.0319337
0.0359703
0.0400595
0.0441958
0.0483723
0.0525801
0.0568089
0.0610486
0.0652903
0.0695258
0.0737474
0.0779471
0.0821171
0.0862491
0.0903355
0.0943685
0.0983405
0.102243
0.106068
0.109804
0.11344
0.116963
0.120361
0.123626
0.12675
0.129723
0.132538
0.135182
0.137643
0.139911
0.141972
0.143819
0.145443
0.146838
0.147995
0.148909
0.149572
0.149978
0.150118
0.149987
0.14958
0.148893
0.147923
0.146669
0.145128
0.143301
0.141189
0.138796
0.136125
0.133182
0.129971
0.126496
0.12279
0.118885
0.114431
0.109128
0.0029867
-0.00231907
-0.00674972
-0.0106051
-0.0142399
-0.0176254
-0.0207335
-0.0235622
-0.0261107
-0.0283787
-0.0303671
-0.0320781
-0.0335152
-0.0346823
-0.0355841
-0.0362255
-0.0366127
-0.0367516
-0.0366477
-0.0363064
-0.0357326
-0.034932
-0.0339106
-0.0326744
-0.0312305
-0.0295864
-0.0277485
-0.0257236
-0.0235196
-0.0211429
-0.0185991
-0.0158956
-0.0130396
-0.0100369
-0.00689468
-0.00362305
-0.000231771
0.00327233
0.00688343
0.0105951
0.0144019
0.0182999
0.0222844
0.0263479
0.0304807
0.0346745
0.038923
0.0432205
0.0475593
0.0519296
0.0563212
0.0607246
0.0651316
0.0695343
0.073925
0.0782953
0.082637
0.0869417
0.0912014
0.0954077
0.0995521
0.103626
0.10762
0.111524
0.115326
0.119012
0.122571
0.125995
0.129274
0.132401
0.135364
0.138152
0.140753
0.143153
0.145342
0.147308
0.149044
0.15054
0.15179
0.152786
0.15352
0.153984
0.154171
0.154073
0.153685
0.153004
0.152026
0.150749
0.14917
0.14729
0.145108
0.142628
0.139856
0.136794
0.133449
0.129825
0.125956
0.121876
0.117219
0.111667
-0.000258587
-0.00579024
-0.0104045
-0.0144142
-0.018191
-0.0217059
-0.0249294
-0.0278596
-0.0304963
-0.0328397
-0.0348905
-0.0366503
-0.038122
-0.03931
-0.0402197
-0.0408579
-0.0412318
-0.041348
-0.0412121
-0.0408291
-0.0402039
-0.0393423
-0.0382513
-0.0369376
-0.0354096
-0.0336754
-0.031742
-0.0296165
-0.0273067
-0.0248189
-0.0221585
-0.0193331
-0.0163504
-0.0132164
-0.00993903
-0.00652922
-0.00299718
0.000650275
0.00440734
0.00826747
0.0122251
0.0162764
0.0204173
0.0246398
0.0289342
0.0332918
0.037706
0.0421707
0.0466776
0.0512165
0.0557773
0.0603513
0.0649309
0.0695089
0.0740773
0.0786272
0.0831498
0.0876364
0.0920786
0.0964675
0.100794
0.105048
0.109221
0.113303
0.11728
0.121141
0.124873
0.128466
0.131913
0.135204
0.138327
0.141271
0.144022
0.146567
0.148893
0.150989
0.152845
0.154454
0.155805
0.156893
0.157707
0.158239
0.15848
0.158423
0.158062
0.157393
0.156411
0.155114
0.153499
0.151564
0.149311
0.146743
0.143864
0.140681
0.137198
0.13342
0.129384
0.125123
0.120252
0.114438
-0.00375441
-0.00952217
-0.0143282
-0.0185
-0.0224265
-0.0260771
-0.0294209
-0.0324566
-0.0351847
-0.0376053
-0.0397186
-0.0415255
-0.0430292
-0.0442352
-0.0451504
-0.0457828
-0.0461403
-0.0462297
-0.0460564
-0.0456253
-0.0449417
-0.044012
-0.0428442
-0.0414464
-0.0398276
-0.0379968
-0.035961
-0.0337274
-0.0313041
-0.0286971
-0.025912
-0.0229569
-0.01984
-0.0165679
-0.0131489
-0.00959466
-0.00591539
-0.00211781
0.00179232
0.00580822
0.00992412
0.0141364
0.018441
0.0228298
0.0272927
0.0318205
0.0364066
0.0410444
0.0457254
0.0504394
0.0551765
0.0599286
0.0646891
0.0694508
0.0742053
0.0789435
0.0836558
0.0883334
0.0929671
0.0975476
0.102065
0.106509
0.110872
0.115141
0.119304
0.12335
0.127267
0.131043
0.134669
0.138136
0.141431
0.144541
0.147454
0.150154
0.152629
0.154866
0.156855
0.158586
0.16005
0.161239
0.162143
0.162752
0.163057
0.16305
0.162723
0.162072
0.161092
0.159778
0.158128
0.156139
0.153814
0.151155
0.148169
0.144862
0.141238
0.137304
0.133094
0.128642
0.123544
0.11745
-0.00751243
-0.0135284
-0.0185368
-0.0228802
-0.0269642
-0.0307566
-0.0342256
-0.0373705
-0.0401923
-0.0426906
-0.044865
-0.0467169
-0.0482502
-0.0494718
-0.0503901
-0.0510137
-0.0513507
-0.0514079
-0.0511906
-0.0507044
-0.049955
-0.0489501
-0.0476988
-0.04621
-0.0444935
-0.0425587
-0.0404127
-0.0380629
-0.0355175
-0.0327827
-0.0298645
-0.0267717
-0.0235133
-0.0200963
-0.0165292
-0.0128236
-0.00898989
-0.00503447
-0.000963255
0.0032166
0.00749901
0.0118804
0.0163564
0.0209189
0.0255573
0.0302621
0.0350263
0.0398434
0.044705
0.049601
0.0545221
0.0594607
0.0644104
0.0693643
0.0743134
0.079248
0.0841584
0.0890353
0.0938693
0.0986502
0.103368
0.108012
0.112573
0.117041
0.121402
0.125645
0.129758
0.133729
0.137547
0.141202
0.14468
0.14797
0.151055
0.153922
0.156557
0.158947
0.16108
0.162946
0.164534
0.165837
0.166841
0.167538
0.167917
0.167968
0.167683
0.167056
0.166081
0.164753
0.16307
0.161029
0.158632
0.155884
0.15279
0.149357
0.145589
0.141491
0.137097
0.132442
0.127102
0.120713
-0.0115495
-0.0178279
-0.0230508
-0.0275752
-0.0318238
-0.0357633
-0.0393615
-0.0426185
-0.0455351
-0.0481103
-0.0503443
-0.0522391
-0.0538001
-0.0550352
-0.0559537
-0.0565643
-0.0568753
-0.0568936
-0.0566251
-0.0560762
-0.0552539
-0.0541668
-0.052825
-0.0512382
-0.0494166
-0.0473699
-0.0451052
-0.0426302
-0.0399537
-0.0370823
-0.0340226
-0.0307844
-0.0273772
-0.0238081
-0.0200858
-0.0162215
-0.0122253
-0.0081036
-0.00386263
0.000489909
0.00494749
0.00950627
0.0141618
0.0189056
0.0237266
0.028615
0.0335641
0.0385676
0.0436169
0.0487025
0.0538154
0.0589487
0.0640962
0.0692505
0.0744023
0.0795413
0.0846576
0.0897419
0.0947844
0.0997745
0.104702
0.109555
0.114326
0.119003
0.123574
0.128026
0.132348
0.136526
0.14055
0.144405
0.14808
0.151561
0.154832
0.157878
0.160686
0.163241
0.165531
0.167544
0.16927
0.170697
0.171814
0.172609
0.173071
0.173189
0.172954
0.172357
0.171392
0.170055
0.168341
0.166251
0.163785
0.160948
0.157746
0.154185
0.150266
0.145995
0.141406
0.136535
0.130939
0.124239
-0.0158859
-0.0224416
-0.0278906
-0.0326039
-0.037023
-0.0411146
-0.0448457
-0.0482167
-0.0512284
-0.0538799
-0.0561723
-0.0581088
-0.059696
-0.0609423
-0.061857
-0.0624493
-0.0627277
-0.0626997
-0.0623725
-0.0617534
-0.0608509
-0.0596745
-0.0582349
-0.0565423
-0.0546073
-0.0524397
-0.0500471
-0.0474376
-0.0446208
-0.041604
-0.0383947
-0.0350033
-0.0314399
-0.0277113
-0.0238259
-0.0197948
-0.0156277
-0.0113312
-0.00691174
-0.00237792
0.0022632
0.00700748
0.0118502
0.0167824
0.0217927
0.0268715
0.0320125
0.0372096
0.0424546
0.0477379
0.0530509
0.058387
0.0637403
0.0691031
0.0744654
0.0798166
0.0851466
0.0904461
0.0957055
0.100914
0.10606
0.111133
0.116125
0.121023
0.125816
0.130491
0.135035
0.139434
0.143676
0.147746
0.15163
0.155316
0.158786
0.162026
0.16502
0.167755
0.170216
0.17239
0.174266
0.175831
0.177073
0.177978
0.178534
0.178727
0.178549
0.177989
0.177041
0.175699
0.173961
0.171825
0.169294
0.16637
0.163058
0.159363
0.155287
0.150832
0.146036
0.140938
0.135074
0.128049
-0.0205408
-0.0273882
-0.0330731
-0.0379821
-0.0425777
-0.0468262
-0.0506938
-0.0541808
-0.0572883
-0.0600164
-0.0623671
-0.0643447
-0.0659563
-0.0672105
-0.0681166
-0.0686841
-0.0689225
-0.0688408
-0.0684472
-0.0677507
-0.0667604
-0.0654868
-0.0639412
-0.062134
-0.0600761
-0.0577778
-0.0552475
-0.0524938
-0.0495274
-0.0463564
-0.0429892
-0.0394367
-0.035709
-0.0318129
-0.0277562
-0.0235497
-0.0192032
-0.0147233
-0.0101172
-0.00539409
-0.000561895
0.00437498
0.00941161
0.0145387
0.0197447
0.0250203
0.03036
0.0357582
0.041207
0.0466965
0.0522179
0.0577649
0.0633318
0.0689108
0.0744916
0.080063
0.0856148
0.0911379
0.0966228
0.102059
0.107434
0.112738
0.117962
0.123094
0.128123
0.133034
0.137813
0.142447
0.146921
0.151219
0.155328
0.159232
0.162917
0.166365
0.169562
0.172492
0.175139
0.177489
0.17953
0.181247
0.182627
0.183654
0.184314
0.184593
0.184481
0.183967
0.183044
0.181706
0.17995
0.177775
0.175181
0.17217
0.168746
0.164912
0.160669
0.15602
0.151008
0.145674
0.139532
0.132167
-0.025531
-0.0326834
-0.0386136
-0.0437254
-0.0485041
-0.0529152
-0.0569232
-0.0605287
-0.0637339
-0.0665398
-0.0689492
-0.0709671
-0.0726003
-0.0738577
-0.074749
-0.0752847
-0.0754757
-0.0753325
-0.0748649
-0.0740829
-0.0729965
-0.0716168
-0.0699555
-0.0680235
-0.0658323
-0.063393
-0.0607145
-0.0578068
-0.0546813
-0.051347
-0.0478131
-0.0440908
-0.0401902
-0.0361177
-0.0318807
-0.0274901
-0.0229557
-0.0182841
-0.0134833
-0.00856342
-0.00353327
0.0016025
0.00683906
0.0121671
0.017575
0.0230538
0.0285989
0.0342056
0.0398662
0.0455702
0.0513084
0.0570744
0.0628626
0.0686656
0.0744729
0.0802728
0.0860549
0.0918103
0.0975299
0.103203
0.108819
0.114366
0.119834
0.125212
0.130488
0.135648
0.140677
0.145559
0.150279
0.154821
0.159168
0.163307
0.167222
0.170895
0.174311
0.177452
0.180303
0.182846
0.185067
0.186951
0.188483
0.189646
0.190423
0.190801
0.190766
0.190309
0.189422
0.188098
0.186333
0.184124
0.181469
0.178371
0.17483
0.17085
0.166434
0.161585
0.156349
0.150771
0.144338
0.136614
-0.0308729
-0.0383441
-0.0445301
-0.0498538
-0.0548235
-0.0594035
-0.0635565
-0.067284
-0.0705892
-0.0734741
-0.0759419
-0.0779975
-0.0796479
-0.0809024
-0.0817718
-0.0822682
-0.0824041
-0.0821913
-0.0816411
-0.0807645
-0.0795722
-0.078076
-0.076288
-0.0742199
-0.0718841
-0.0692928
-0.0664557
-0.0633838
-0.0600894
-0.0565823
-0.052872
-0.0489702
-0.044887
-0.0406284
-0.0362015
-0.0316173
-0.026886
-0.0220144
-0.0170109
-0.0118869
-0.00665185
-0.00131082
0.00413176
0.00966702
0.0152835
0.0209726
0.0267303
0.0325529
0.0384328
0.0443593
0.0503224
0.0563153
0.0623326
0.0683673
0.074409
0.0804457
0.0864669
0.0924638
0.098428
0.104349
0.110216
0.116017
0.121741
0.127378
0.132915
0.138336
0.143627
0.148771
0.15375
0.158549
0.163151
0.167541
0.171703
0.175618
0.17927
0.182641
0.185712
0.188465
0.190885
0.192953
0.194652
0.195965
0.196875
0.197366
0.197424
0.197038
0.196199
0.194899
0.193132
0.190893
0.188181
0.184993
0.181334
0.177204
0.17261
0.167555
0.162089
0.156257
0.149517
0.141412
-0.0365871
-0.0443929
-0.0508478
-0.056394
-0.0615636
-0.0663192
-0.0706223
-0.0744754
-0.0778825
-0.0808463
-0.0833701
-0.085459
-0.0871204
-0.0883648
-0.0892046
-0.0896536
-0.0897259
-0.0894346
-0.088792
-0.0878101
-0.0865005
-0.0848755
-0.0829486
-0.0807324
-0.0782403
-0.0754856
-0.072479
-0.0692324
-0.0657588
-0.0620685
-0.0581713
-0.0540791
-0.0498023
-0.0453468
-0.0407195
-0.0359317
-0.030994
-0.0259137
-0.0206995
-0.0153634
-0.00991607
-0.00436261
0.00129298
0.00704259
0.0128752
0.0187825
0.0247608
0.0308069
0.0369134
0.0430696
0.0492651
0.0554926
0.0617467
0.0680207
0.0743043
0.080586
0.086855
0.0931028
0.0993213
0.105501
0.11163
0.117696
0.123689
0.129596
0.135405
0.1411
0.146665
0.152084
0.157338
0.162409
0.167281
0.171939
0.176364
0.18054
0.184447
0.188065
0.191375
0.194358
0.196993
0.199263
0.201147
0.202629
0.203688
0.204309
0.204476
0.204175
0.203397
0.202131
0.20037
0.198107
0.195338
0.192062
0.188282
0.184002
0.179226
0.173961
0.168255
0.162154
0.155088
0.146578
-0.0427003
-0.050859
-0.0575975
-0.0633778
-0.0687562
-0.073694
-0.0781519
-0.0821333
-0.0856429
-0.0886836
-0.0912591
-0.0933751
-0.0950404
-0.096267
-0.0970691
-0.0974621
-0.0974613
-0.0970812
-0.0963349
-0.0952354
-0.0937955
-0.0920287
-0.0899497
-0.0875726
-0.084912
-0.0819821
-0.0787946
-0.0753618
-0.0716976
-0.0678127
-0.0637167
-0.0594222
-0.0549399
-0.0502759
-0.0454371
-0.0404352
-0.0352811
-0.0299829
-0.0245496
-0.0189936
-0.013326
-0.00755206
-0.00167548
0.00429647
0.0103534
0.0164872
0.0226941
0.0289712
0.0353114
0.0417041
0.0481386
0.0546076
0.0611055
0.0676259
0.074159
0.0806934
0.0872186
0.0937265
0.100209
0.106658
0.11306
0.119403
0.125676
0.131866
0.137959
0.143941
0.149794
0.155502
0.161044
0.166403
0.171563
0.176505
0.181213
0.185667
0.189848
0.193734
0.197303
0.200534
0.203404
0.205894
0.207984
0.209653
0.210881
0.21165
0.211942
0.211743
0.211038
0.209817
0.208069
0.205787
0.202965
0.199604
0.195705
0.191274
0.186314
0.180831
0.174873
0.168487
0.161074
0.152135
-0.0492434
-0.0577747
-0.0648119
-0.0708371
-0.0764326
-0.0815587
-0.0861753
-0.0902866
-0.0938977
-0.0970118
-0.0996334
-0.10177
-0.103432
-0.104633
-0.105388
-0.105716
-0.105632
-0.105151
-0.104288
-0.103058
-0.101473
-0.0995508
-0.0973061
-0.0947548
-0.0919128
-0.0887951
-0.0854141
-0.0817828
-0.0779153
-0.0738227
-0.0695151
-0.0650053
-0.0603049
-0.0554204
-0.0503588
-0.0451319
-0.0397515
-0.0342261
-0.0285651
-0.0227812
-0.0168853
-0.0108827
-0.00477678
0.00142578
0.00771498
0.0140829
0.0205259
0.0270411
0.0336217
0.0402569
0.0469364
0.0536527
0.0604008
0.0671743
0.0739641
0.0807589
0.0875488
0.0943261
0.101083
0.107811
0.114497
0.121129
0.127693
0.134178
0.140569
0.14685
0.153006
0.159018
0.164865
0.17053
0.175994
0.181241
0.18625
0.191003
0.195478
0.199653
0.203502
0.207001
0.210128
0.21286
0.215176
0.217053
0.218471
0.219407
0.219843
0.21976
0.219142
0.217977
0.216252
0.213959
0.211092
0.20765
0.203636
0.199054
0.193906
0.188193
0.181968
0.175281
0.167504
0.158114
-0.0562469
-0.0651712
-0.0725215
-0.0788014
-0.0846217
-0.0899419
-0.0947204
-0.0989619
-0.102672
-0.105856
-0.108518
-0.110668
-0.112319
-0.113487
-0.114187
-0.114438
-0.114259
-0.113664
-0.112671
-0.111295
-0.109551
-0.107458
-0.105034
-0.102294
-0.0992566
-0.0959375
-0.0923494
-0.0885056
-0.0844207
-0.0801064
-0.0755732
-0.0708346
-0.065903
-0.0607856
-0.0554898
-0.0500276
-0.044411
-0.0386493
-0.0327522
-0.0267321
-0.0205999
-0.0143606
-0.00801712
-0.00157601
0.00495292
0.0115619
0.0182474
0.0250069
0.0318337
0.0387173
0.0456473
0.0526164
0.0596203
0.0666533
0.0737068
0.0807701
0.0878333
0.0948891
0.101931
0.108948
0.115929
0.12286
0.129729
0.136521
0.143223
0.149819
0.156292
0.162624
0.168795
0.174784
0.180572
0.186142
0.191475
0.196548
0.201339
0.205824
0.209974
0.213765
0.217172
0.22017
0.222735
0.224845
0.226473
0.227598
0.228196
0.228247
0.227732
0.226637
0.224947
0.222654
0.219751
0.216236
0.212111
0.207376
0.202032
0.19608
0.189575
0.182574
0.174416
0.164553
-0.0637395
-0.0730768
-0.0807542
-0.0872985
-0.0933516
-0.0988717
-0.103815
-0.108187
-0.111995
-0.115243
-0.117941
-0.120099
-0.121732
-0.122856
-0.12349
-0.123653
-0.123364
-0.12264
-0.121501
-0.119963
-0.118046
-0.115767
-0.113147
-0.110204
-0.106956
-0.10342
-0.0996097
-0.095538
-0.0912203
-0.0866691
-0.0818958
-0.0769146
-0.0717387
-0.0663761
-0.0608348
-0.0551269
-0.0492647
-0.0432578
-0.0371157
-0.030851
-0.024474
-0.0179897
-0.0114008
-0.00471345
0.00206235
0.00891883
0.0158529
0.0228623
0.0299411
0.0370788
0.0442648
0.0514924
0.0587578
0.0660567
0.0733812
0.080721
0.0880662
0.0954098
0.102745
0.110063
0.11735
0.124592
0.131776
0.138889
0.145915
0.152841
0.159648
0.166318
0.172829
0.179161
0.185294
0.191209
0.196886
0.202301
0.207432
0.21225
0.216727
0.220834
0.224546
0.227835
0.230676
0.233042
0.234906
0.236241
0.237023
0.237227
0.236834
0.235824
0.234186
0.231907
0.22898
0.2254
0.221166
0.216276
0.210729
0.204528
0.197734
0.190408
0.181853
0.171491
-0.0717493
-0.0815202
-0.0895396
-0.0963595
-0.102654
-0.10838
-0.113492
-0.117995
-0.121897
-0.125208
-0.127935
-0.130094
-0.131699
-0.132768
-0.133323
-0.133382
-0.132967
-0.132099
-0.130796
-0.12908
-0.126971
-0.124489
-0.121657
-0.118494
-0.115019
-0.11125
-0.1072
-0.102884
-0.0983173
-0.0935135
-0.0884852
-0.0832475
-0.0778143
-0.0721944
-0.0663962
-0.0604322
-0.0543149
-0.0480534
-0.0416574
-0.0351388
-0.028508
-0.0217701
-0.0149274
-0.00798617
-0.000956202
0.00615473
0.0133437
0.0206091
0.0279455
0.035343
0.0427911
0.0502832
0.0578167
0.0653882
0.0729911
0.0806152
0.0882509
0.0958911
0.103529
0.111157
0.11876
0.126324
0.133836
0.141282
0.148648
0.155918
0.163075
0.170099
0.17697
0.183664
0.190162
0.196443
0.202487
0.208268
0.213761
0.218938
0.223767
0.228218
0.232261
0.23587
0.239013
0.241663
0.243788
0.245359
0.246348
0.246728
0.246477
0.245575
0.244007
0.241758
0.238819
0.235181
0.230839
0.225792
0.220038
0.213583
0.206494
0.198831
0.189858
0.178966
-0.0803086
-0.0905353
-0.0989135
-0.106022
-0.112568
-0.118507
-0.12379
-0.128424
-0.13242
-0.135788
-0.138539
-0.140688
-0.142253
-0.143254
-0.143713
-0.143651
-0.143092
-0.142059
-0.140574
-0.138661
-0.136341
-0.133638
-0.130576
-0.127174
-0.123453
-0.119432
-0.115125
-0.110546
-0.105713
-0.10064
-0.0953421
-0.0898338
-0.0841303
-0.078241
-0.0721746
-0.0659438
-0.0595611
-0.0530353
-0.0463756
-0.0395937
-0.0326998
-0.0256991
-0.0185943
-0.0113913
-0.00409969
0.00327293
0.0107237
0.0182514
0.0258515
0.0335146
0.0412309
0.0489942
0.0568026
0.0646539
0.0725423
0.0804583
0.0883922
0.096337
0.104287
0.112233
0.120162
0.128059
0.135909
0.143701
0.15142
0.159049
0.166572
0.173968
0.181216
0.188293
0.195177
0.201847
0.20828
0.214451
0.220333
0.225895
0.231103
0.235927
0.240332
0.244289
0.247764
0.250726
0.25314
0.254975
0.256198
0.256781
0.256698
0.255927
0.254449
0.252247
0.249307
0.245617
0.241172
0.235969
0.230008
0.223296
0.215902
0.207887
0.198473
0.187019
-0.0894568
-0.100164
-0.10892
-0.116331
-0.123139
-0.129297
-0.134754
-0.13952
-0.143607
-0.147026
-0.149791
-0.151919
-0.15343
-0.154344
-0.154687
-0.154483
-0.153759
-0.15254
-0.150852
-0.14872
-0.14617
-0.143224
-0.13991
-0.136249
-0.132262
-0.127969
-0.123385
-0.118525
-0.113408
-0.10805
-0.102466
-0.0966731
-0.090686
-0.0845148
-0.0781687
-0.07166
-0.065001
-0.0582005
-0.0512673
-0.0442125
-0.0370465
-0.0297745
-0.0223994
-0.0149272
-0.00736673
0.000274383
0.00799353
0.0157899
0.0236596
0.0315941
0.0395845
0.0476254
0.0557154
0.0638534
0.0720341
0.0802487
0.0884876
0.0967442
0.105013
0.113286
0.121549
0.129788
0.137989
0.146138
0.154223
0.162226
0.17013
0.177917
0.185561
0.193041
0.200333
0.207415
0.214263
0.22085
0.227148
0.233123
0.238742
0.243968
0.248767
0.253103
0.256942
0.260248
0.262983
0.265113
0.266601
0.267416
0.267529
0.266914
0.265549
0.263412
0.260484
0.256753
0.252212
0.246858
0.240693
0.233721
0.226011
0.217626
0.207745
0.195698
-0.0992411
-0.110456
-0.11961
-0.127337
-0.134418
-0.140801
-0.146435
-0.151331
-0.155503
-0.158965
-0.161732
-0.163823
-0.16526
-0.166068
-0.166273
-0.165905
-0.164993
-0.163565
-0.16165
-0.159277
-0.156471
-0.15326
-0.149671
-0.145728
-0.141452
-0.136865
-0.131983
-0.126823
-0.121404
-0.115743
-0.109857
-0.103764
-0.0974794
-0.0910134
-0.0843752
-0.0775767
-0.0706301
-0.063544
-0.0563272
-0.0489906
-0.0415442
-0.0339933
-0.0263407
-0.0185923
-0.0107569
-0.00284157
0.00515148
0.013222
0.0213667
0.0295783
0.0378485
0.0461728
0.0545506
0.0629814
0.0714607
0.07998
0.0885303
0.0971051
0.1057
0.114306
0.122912
0.131502
0.140063
0.148582
0.157045
0.165437
0.173739
0.181932
0.189993
0.197896
0.205619
0.213137
0.220426
0.227457
0.234201
0.240621
0.246682
0.252344
0.25757
0.262321
0.266559
0.270244
0.273336
0.275796
0.277584
0.278665
0.279006
0.278575
0.277346
0.275293
0.272395
0.268638
0.264013
0.258518
0.252151
0.244913
0.236874
0.228101
0.21773
0.20506
-0.109714
-0.121465
-0.131038
-0.139096
-0.146457
-0.15307
-0.158882
-0.163904
-0.168154
-0.171646
-0.174399
-0.176435
-0.177778
-0.178455
-0.1785
-0.177943
-0.176817
-0.175155
-0.172988
-0.170347
-0.16726
-0.163758
-0.159868
-0.155617
-0.151028
-0.146124
-0.140922
-0.135441
-0.1297
-0.123719
-0.117514
-0.111104
-0.104507
-0.0977314
-0.0907876
-0.0836866
-0.0764403
-0.0690576
-0.0615472
-0.05392
-0.0461856
-0.0383488
-0.0304123
-0.022382
-0.0142663
-0.00607187
0.0021996
0.0105489
0.0189737
0.0274676
0.0360231
0.0446364
0.0533075
0.0620368
0.0708203
0.07965
0.0885174
0.0974167
0.106344
0.115291
0.124248
0.133197
0.142128
0.151027
0.159882
0.168675
0.177391
0.186009
0.194505
0.202854
0.21103
0.21901
0.226767
0.234271
0.241491
0.248389
0.254926
0.26106
0.266749
0.271953
0.276628
0.280732
0.284221
0.28705
0.289177
0.290561
0.291163
0.290948
0.289883
0.287939
0.285094
0.281329
0.276637
0.27101
0.264441
0.25693
0.24855
0.239374
0.228491
0.215164
-0.120928
-0.133247
-0.143259
-0.151661
-0.159312
-0.166159
-0.172147
-0.17729
-0.181606
-0.185114
-0.187835
-0.189793
-0.191018
-0.191541
-0.191398
-0.190625
-0.189259
-0.187335
-0.184887
-0.181949
-0.178552
-0.174729
-0.17051
-0.165924
-0.160996
-0.15575
-0.150204
-0.144379
-0.138296
-0.131974
-0.125431
-0.118688
-0.111761
-0.104661
-0.0973967
-0.0899798
-0.0824215
-0.0747309
-0.066917
-0.0589904
-0.0509602
-0.0428308
-0.0346046
-0.026287
-0.0178861
-0.00940831
-0.000854227
0.00777797
0.0164874
0.0252685
0.0341145
0.0430219
0.0519915
0.0610242
0.070117
0.0792624
0.0884523
0.0976817
0.106947
0.116243
0.125557
0.134875
0.144185
0.153475
0.162733
0.171943
0.181088
0.190148
0.199098
0.207913
0.216567
0.225034
0.233287
0.241294
0.249022
0.256432
0.263481
0.270124
0.276316
0.282013
0.287167
0.291733
0.295662
0.298904
0.301413
0.30314
0.304042
0.304077
0.303209
0.301405
0.29864
0.294892
0.290148
0.284397
0.277628
0.269838
0.261107
0.251514
0.240096
0.226074
-0.132941
-0.145857
-0.156331
-0.16509
-0.173039
-0.180123
-0.186284
-0.191539
-0.19591
-0.199416
-0.202082
-0.203939
-0.20502
-0.205361
-0.205003
-0.203985
-0.202348
-0.20013
-0.197368
-0.1941
-0.19036
-0.186184
-0.181605
-0.176653
-0.171358
-0.165743
-0.159828
-0.153635
-0.147187
-0.140502
-0.133602
-0.126507
-0.119233
-0.111792
-0.104193
-0.096446
-0.0885634
-0.0805541
-0.0724268
-0.0641922
-0.0558587
-0.04743
-0.0389083
-0.0302985
-0.0216081
-0.0128426
-0.00400175
0.00491739
0.0139153
0.0229876
0.0321282
0.0413339
0.0506061
0.0599464
0.0693525
0.0788178
0.0883347
0.0978993
0.107509
0.117159
0.126838
0.136532
0.146231
0.155923
0.165597
0.175237
0.184826
0.194345
0.203769
0.213072
0.222227
0.231208
0.239986
0.248527
0.256797
0.264754
0.272352
0.279544
0.286282
0.292515
0.298195
0.30327
0.307686
0.31139
0.314325
0.31644
0.317684
0.318011
0.317378
0.315751
0.313098
0.309393
0.304615
0.298748
0.29178
0.283709
0.274622
0.264597
0.252616
0.23786
-0.145808
-0.159357
-0.170315
-0.179446
-0.187702
-0.195025
-0.201356
-0.206713
-0.211121
-0.214605
-0.217194
-0.218923
-0.219831
-0.219959
-0.219353
-0.218055
-0.216111
-0.213563
-0.210451
-0.206816
-0.202697
-0.198132
-0.193158
-0.187809
-0.182114
-0.176101
-0.16979
-0.163204
-0.156366
-0.149297
-0.142019
-0.134552
-0.126914
-0.119115
-0.111165
-0.103075
-0.0948569
-0.0865184
-0.0780688
-0.069518
-0.0608738
-0.0521395
-0.043317
-0.0344104
-0.0254265
-0.0163695
-0.00723818
0.00197144
0.011261
0.0206271
0.0300648
0.0395715
0.0491487
0.0587991
0.0685213
0.0783094
0.0881569
0.0980605
0.108019
0.118029
0.128079
0.138157
0.148253
0.158358
0.168459
0.178543
0.188592
0.198588
0.208507
0.21832
0.228001
0.237523
0.246856
0.255964
0.264811
0.273353
0.281541
0.289326
0.296654
0.303473
0.309728
0.315363
0.320318
0.324534
0.327948
0.330501
0.332136
0.332801
0.332451
0.331041
0.328534
0.324898
0.320104
0.314135
0.306977
0.298628
0.289177
0.278702
0.266129
0.250597
-0.159595
-0.173813
-0.185282
-0.194801
-0.203372
-0.210936
-0.21743
-0.222877
-0.227304
-0.230743
-0.233228
-0.234799
-0.235501
-0.235381
-0.234488
-0.232871
-0.230579
-0.227659
-0.224155
-0.220112
-0.215573
-0.210579
-0.205173
-0.19939
-0.193263
-0.186819
-0.180082
-0.173076
-0.165823
-0.158348
-0.15067
-0.142812
-0.13479
-0.126617
-0.118302
-0.109856
-0.101291
-0.0926134
-0.0838328
-0.0749583
-0.0659969
-0.0569513
-0.0478228
-0.0386152
-0.029334
-0.0199822
-0.0105573
-0.00105431
0.00852923
0.0181911
0.0279271
0.0377356
0.0476191
0.0575808
0.0676205
0.0777331
0.0879133
0.0981589
0.10847
0.118844
0.129271
0.139741
0.150243
0.16077
0.17131
0.181851
0.192376
0.202866
0.213299
0.223645
0.233877
0.243969
0.253887
0.263596
0.273057
0.282225
0.291047
0.29947
0.307438
0.314894
0.321779
0.32803
0.333582
0.338366
0.342316
0.345363
0.347446
0.348505
0.348486
0.347339
0.345017
0.341479
0.336695
0.330643
0.323307
0.314683
0.30486
0.293917
0.280722
0.264369
-0.174374
-0.189304
-0.201311
-0.211234
-0.22013
-0.227935
-0.234586
-0.240107
-0.244533
-0.2479
-0.250249
-0.251626
-0.252082
-0.251671
-0.250447
-0.248465
-0.245778
-0.242438
-0.238494
-0.233997
-0.228992
-0.223528
-0.217648
-0.211393
-0.204796
-0.197889
-0.190695
-0.183239
-0.175545
-0.167638
-0.159538
-0.151269
-0.142846
-0.134282
-0.125587
-0.116773
-0.107848
-0.0988226
-0.0897029
-0.0804977
-0.0712129
-0.0618505
-0.0524112
-0.0428982
-0.033316
-0.0236661
-0.0139449
-0.0041462
0.00573319
0.0156919
0.0257269
0.0358376
0.0460275
0.0563008
0.0666582
0.0770961
0.0876103
0.0982001
0.108867
0.119609
0.130418
0.141285
0.1522
0.163159
0.17415
0.18516
0.196175
0.207177
0.218142
0.229043
0.239852
0.25054
0.261076
0.271421
0.281534
0.291369
0.30087
0.309981
0.318642
0.326792
0.334365
0.341292
0.347501
0.352918
0.357466
0.361072
0.363666
0.365179
0.365548
0.364713
0.362618
0.359217
0.354474
0.348365
0.340868
0.331971
0.321766
0.310337
0.296489
0.279269
-0.190228
-0.205915
-0.218492
-0.228838
-0.238066
-0.246111
-0.252908
-0.258487
-0.262887
-0.26615
-0.268325
-0.269465
-0.269629
-0.268876
-0.267269
-0.264867
-0.261731
-0.257917
-0.253481
-0.248477
-0.242959
-0.236977
-0.23058
-0.223809
-0.216704
-0.209296
-0.201612
-0.193676
-0.185513
-0.177148
-0.168604
-0.159901
-0.151059
-0.142088
-0.132999
-0.123802
-0.114509
-0.105125
-0.0956575
-0.0861146
-0.0765007
-0.0668164
-0.0570617
-0.047239
-0.037352
-0.027401
-0.0173812
-0.0072852
0.0028911
0.0131473
0.0234812
0.0338936
0.0443892
0.0549734
0.0656481
0.0764108
0.087259
0.0981936
0.109217
0.12033
0.131525
0.142794
0.154129
0.165527
0.176977
0.188469
0.199987
0.211516
0.223033
0.23451
0.24592
0.257234
0.268418
0.279435
0.29024
0.300785
0.311014
0.320864
0.330274
0.339176
0.347499
0.355167
0.362101
0.36822
0.373438
0.377675
0.380849
0.382882
0.383701
0.383234
0.381419
0.378202
0.37354
0.367403
0.359761
0.350595
0.34
0.32807
0.313537
0.295401
-0.20725
-0.223746
-0.236925
-0.247713
-0.25728
-0.265563
-0.272494
-0.278108
-0.28245
-0.285571
-0.287526
-0.288378
-0.288193
-0.28704
-0.284988
-0.282105
-0.278457
-0.27411
-0.269123
-0.263558
-0.257472
-0.250922
-0.243958
-0.236629
-0.228973
-0.221026
-0.212814
-0.204365
-0.195704
-0.186855
-0.177841
-0.168684
-0.159403
-0.150009
-0.140511
-0.130921
-0.121246
-0.111495
-0.101672
-0.0917854
-0.0818368
-0.071826
-0.0617519
-0.0516162
-0.0414216
-0.0311676
-0.0208479
-0.0104543
1.85409e-05
0.0105712
0.0212027
0.031915
0.0427143
0.0536072
0.064597
0.0756826
0.0868634
0.098142
0.109523
0.121007
0.13259
0.144263
0.156024
0.167866
0.179785
0.191767
0.203802
0.215873
0.227959
0.240033
0.252068
0.264036
0.275901
0.287625
0.299163
0.310465
0.32147
0.332116
0.342334
0.352051
0.361191
0.369671
0.377404
0.384301
0.390269
0.395214
0.399046
0.401675
0.403014
0.402983
0.40151
0.398532
0.393999
0.387868
0.380099
0.370671
0.359685
0.347236
0.331986
0.312878
-0.225543
-0.242902
-0.25672
-0.267968
-0.277883
-0.286398
-0.293446
-0.299066
-0.303314
-0.306245
-0.307925
-0.308427
-0.307828
-0.306205
-0.303639
-0.300205
-0.295978
-0.29103
-0.285429
-0.279241
-0.272529
-0.265355
-0.257774
-0.249836
-0.241586
-0.233057
-0.224281
-0.215284
-0.206092
-0.196731
-0.187223
-0.177591
-0.167852
-0.158017
-0.148097
-0.1381
-0.128035
-0.117907
-0.107721
-0.0974839
-0.0871958
-0.0768546
-0.0664582
-0.0560075
-0.0455042
-0.0349467
-0.0243277
-0.0136377
-0.00287036
0.00797619
0.0189022
0.0299109
0.0410101
0.052208
0.0635093
0.0749145
0.0864249
0.0980452
0.109782
0.121637
0.133607
0.145687
0.157875
0.170168
0.18256
0.195042
0.207603
0.220231
0.232903
0.245594
0.258278
0.270927
0.283506
0.295974
0.308287
0.320393
0.332228
0.343726
0.354814
0.365415
0.375444
0.384814
0.393428
0.401189
0.407993
0.413735
0.418311
0.421619
0.423561
0.424046
0.422989
0.420317
0.415965
0.409877
0.402007
0.392332
0.380955
0.367974
0.35197
0.33183
-0.245218
-0.263504
-0.277999
-0.289727
-0.299995
-0.308734
-0.315876
-0.321468
-0.325572
-0.328257
-0.329597
-0.329679
-0.328589
-0.32642
-0.32326
-0.319196
-0.314313
-0.30869
-0.302404
-0.295526
-0.288125
-0.280266
-0.272012
-0.263414
-0.25452
-0.245367
-0.235984
-0.226402
-0.216648
-0.206745
-0.196718
-0.186589
-0.176373
-0.166082
-0.155725
-0.145309
-0.134842
-0.124328
-0.113773
-0.10318
-0.0925477
-0.081873
-0.0711526
-0.0603862
-0.0495747
-0.0387151
-0.0277988
-0.0168151
-0.00575652
0.00538005
0.0165961
0.0278966
0.0392908
0.0507888
0.062397
0.0741177
0.0859538
0.0979123
0.110001
0.122225
0.134582
0.147068
0.159685
0.17243
0.185301
0.198289
0.211387
0.224582
0.237856
0.251183
0.264539
0.277896
0.291219
0.304469
0.3176
0.330557
0.343276
0.355686
0.367711
0.379267
0.390265
0.400608
0.410193
0.41891
0.426646
0.433282
0.4387
0.442786
0.445428
0.446521
0.445966
0.443673
0.439561
0.433565
0.425631
0.41573
0.403964
0.390434
0.373636
0.352399
-0.2664
-0.285681
-0.300897
-0.313125
-0.323749
-0.332699
-0.339906
-0.345425
-0.34933
-0.3517
-0.352625
-0.352204
-0.350538
-0.347733
-0.343891
-0.33911
-0.333485
-0.327105
-0.320054
-0.312411
-0.30425
-0.295643
-0.286653
-0.27734
-0.26775
-0.257924
-0.247894
-0.237688
-0.227336
-0.216862
-0.20629
-0.195641
-0.18493
-0.174166
-0.163357
-0.152511
-0.141632
-0.130725
-0.119794
-0.10884
-0.0978603
-0.0868501
-0.075805
-0.0647238
-0.053606
-0.042447
-0.0312369
-0.0199636
-0.00861836
0.00280314
0.0143038
0.0258903
0.0375737
0.049366
0.0612755
0.0733063
0.0854631
0.0977549
0.110192
0.122781
0.135521
0.148412
0.161457
0.174656
0.188008
0.201508
0.215149
0.228922
0.242811
0.256791
0.270839
0.28493
0.29903
0.313098
0.327089
0.340947
0.354605
0.367989
0.38102
0.393608
0.405658
0.417065
0.427717
0.437493
0.446266
0.453904
0.460277
0.465253
0.468705
0.470512
0.470555
0.468725
0.464927
0.459083
0.451131
0.441029
0.42888
0.414783
0.397148
0.374741
-0.289224
-0.30958
-0.325566
-0.338315
-0.349297
-0.358439
-0.365672
-0.371065
-0.374703
-0.376679
-0.3771
-0.376081
-0.373741
-0.370199
-0.365574
-0.359976
-0.353514
-0.346284
-0.33838
-0.329889
-0.320891
-0.311463
-0.301673
-0.291582
-0.281242
-0.270693
-0.25997
-0.249101
-0.238116
-0.22704
-0.215898
-0.204707
-0.193481
-0.182228
-0.170954
-0.159666
-0.148367
-0.13706
-0.125748
-0.11443
-0.103102
-0.0917561
-0.0803878
-0.0689944
-0.0575739
-0.0461201
-0.0346213
-0.0230642
-0.0114386
0.000261007
0.0120391
0.0239043
0.0358697
0.0479493
0.0601531
0.0724871
0.0849578
0.0975766
0.110356
0.123304
0.136423
0.149715
0.163184
0.176836
0.19067
0.204685
0.218876
0.233236
0.247751
0.262399
0.277161
0.292011
0.306918
0.321841
0.336735
0.351543
0.366197
0.38062
0.39473
0.408431
0.421622
0.434191
0.446015
0.456961
0.466889
0.475652
0.483105
0.489099
0.493488
0.496128
0.496879
0.495613
0.492217
0.486602
0.478686
0.468413
0.455885
0.441207
0.422688
0.399029
-0.313846
-0.335367
-0.352177
-0.36547
-0.376806
-0.386114
-0.393329
-0.398529
-0.401818
-0.403307
-0.403121
-0.401395
-0.398266
-0.393873
-0.388349
-0.381823
-0.374413
-0.366229
-0.357374
-0.347942
-0.338022
-0.327695
-0.317033
-0.306101
-0.294951
-0.283627
-0.272164
-0.260593
-0.248941
-0.237233
-0.225493
-0.213739
-0.201979
-0.190223
-0.178472
-0.166733
-0.155006
-0.143294
-0.131598
-0.119915
-0.108239
-0.0965601
-0.0848724
-0.0731717
-0.0614542
-0.0497119
-0.0379314
-0.0260981
-0.0142005
-0.00223166
0.00981494
0.0219498
0.0341884
0.0465466
0.0590362
0.0716647
0.0844409
0.0973784
0.110492
0.123792
0.137283
0.15097
0.16486
0.178961
0.193277
0.207808
0.222552
0.237506
0.252658
0.267989
0.283483
0.299117
0.31486
0.330673
0.346513
0.362321
0.378029
0.393559
0.408823
0.423724
0.438152
0.451988
0.465097
0.477335
0.488548
0.498575
0.50725
0.514406
0.519873
0.523483
0.525071
0.524489
0.521604
0.516305
0.508488
0.498082
0.48519
0.469915
0.450462
0.425459
-0.340444
-0.363232
-0.380926
-0.394786
-0.406471
-0.415913
-0.423051
-0.427979
-0.430821
-0.431711
-0.430796
-0.428233
-0.424183
-0.418805
-0.412252
-0.404668
-0.396187
-0.386933
-0.377017
-0.366544
-0.355608
-0.344296
-0.332686
-0.320844
-0.308823
-0.29667
-0.284421
-0.272106
-0.259753
-0.247385
-0.235023
-0.222683
-0.210374
-0.198099
-0.185862
-0.173663
-0.161504
-0.149383
-0.137302
-0.125255
-0.113233
-0.101226
-0.0892252
-0.0772239
-0.0652168
-0.0531942
-0.0411409
-0.029041
-0.0168815
-0.00465366
0.007651
0.0200453
0.0325468
0.0451734
0.0579385
0.0708515
0.0839233
0.0971697
0.110608
0.124251
0.138106
0.152179
0.166484
0.181031
0.195826
0.210871
0.226171
0.241723
0.25752
0.273546
0.289788
0.306227
0.322835
0.339574
0.3564
0.373259
0.39008
0.406784
0.423282
0.439472
0.455238
0.470451
0.484969
0.498634
0.511277
0.52272
0.532778
0.541258
0.547964
0.5527
0.555279
0.555525
0.553278
0.548397
0.540756
0.530267
0.517029
0.501144
0.480702
0.45425
-0.36922
-0.393396
-0.412042
-0.426492
-0.438516
-0.448048
-0.455035
-0.459593
-0.46187
-0.462026
-0.460236
-0.456685
-0.45156
-0.445043
-0.437309
-0.42852
-0.418829
-0.408373
-0.397276
-0.385649
-0.373597
-0.36121
-0.348569
-0.335745
-0.322791
-0.309755
-0.296673
-0.283575
-0.270487
-0.25743
-0.244423
-0.231479
-0.218605
-0.205801
-0.193068
-0.180405
-0.16781
-0.155281
-0.142815
-0.130407
-0.118045
-0.105717
-0.09341
-0.0811168
-0.0688295
-0.0565365
-0.0442213
-0.0318662
-0.0194566
-0.00698169
0.00556913
0.0182109
0.0309634
0.0438463
0.0568749
0.0700605
0.0834159
0.0969594
0.110711
0.124685
0.138893
0.153344
0.168056
0.183041
0.198309
0.213867
0.22972
0.245873
0.26232
0.279051
0.296057
0.313321
0.330818
0.348515
0.366369
0.384327
0.402319
0.420268
0.438081
0.455652
0.472862
0.489574
0.505633
0.520871
0.535104
0.548134
0.559751
0.569737
0.577866
0.583916
0.587665
0.588907
0.587445
0.583106
0.575738
0.565231
0.551674
0.535169
0.513673
0.485656
-0.40041
-0.426113
-0.44579
-0.460852
-0.473196
-0.482762
-0.489506
-0.493572
-0.495139
-0.494399
-0.491561
-0.486842
-0.480459
-0.472623
-0.463534
-0.453376
-0.442318
-0.430513
-0.4181
-0.405201
-0.391923
-0.378363
-0.364607
-0.350726
-0.336776
-0.322803
-0.308843
-0.294923
-0.281069
-0.267298
-0.253626
-0.240062
-0.22661
-0.213268
-0.200035
-0.186905
-0.173873
-0.160938
-0.148093
-0.13533
-0.122636
-0.109994
-0.0973915
-0.084817
-0.072261
-0.0597098
-0.0471456
-0.034549
-0.0219031
-0.00919514
0.00358785
0.016463
0.0294521
0.042577
0.0558549
0.0692986
0.0829233
0.0967496
0.1108
0.125093
0.139641
0.154458
0.169565
0.18498
0.200714
0.216778
0.233181
0.249934
0.267034
0.284477
0.302257
0.320363
0.338774
0.357459
0.376379
0.395484
0.414707
0.43397
0.453181
0.472231
0.490996
0.509333
0.527078
0.54405
0.560047
0.574851
0.588227
0.599926
0.609694
0.617271
0.622402
0.624836
0.624335
0.62069
0.613715
0.603272
0.589435
0.5723
0.549683
0.519967
-0.434285
-0.461679
-0.482475
-0.498172
-0.510808
-0.520332
-0.526716
-0.530139
-0.530818
-0.528985
-0.524891
-0.518792
-0.510939
-0.501576
-0.490931
-0.479214
-0.466614
-0.453302
-0.439428
-0.425124
-0.410505
-0.395673
-0.380713
-0.3657
-0.35069
-0.335727
-0.320845
-0.306069
-0.291419
-0.276911
-0.262556
-0.248359
-0.234321
-0.220437
-0.206701
-0.193104
-0.179641
-0.166304
-0.153088
-0.139979
-0.126963
-0.114019
-0.101132
-0.0882895
-0.0754782
-0.0626834
-0.0498852
-0.0370625
-0.0241962
-0.0112712
0.00172785
0.0148201
0.0280295
0.04138
0.0548905
0.0685759
0.0824533
0.096546
0.11088
0.125475
0.140349
0.155519
0.171008
0.186839
0.203029
0.219589
0.236537
0.253886
0.271639
0.289797
0.308359
0.327321
0.346664
0.366364
0.386387
0.406685
0.427195
0.447841
0.468534
0.489163
0.5096
0.529698
0.549283
0.568161
0.586114
0.6029
0.618258
0.631908
0.643561
0.652918
0.659675
0.663532
0.664206
0.661442
0.655012
0.644735
0.63067
0.612901
0.58909
0.557517
-0.471166
-0.500442
-0.522457
-0.538807
-0.551692
-0.561075
-0.566951
-0.569543
-0.569115
-0.565952
-0.560352
-0.552619
-0.543047
-0.531916
-0.519488
-0.506
-0.491664
-0.476669
-0.461176
-0.445329
-0.429249
-0.413039
-0.396787
-0.380567
-0.364434
-0.34843
-0.332585
-0.31692
-0.301448
-0.286184
-0.271132
-0.256295
-0.241667
-0.22724
-0.213003
-0.198945
-0.185056
-0.171328
-0.15775
-0.144308
-0.130982
-0.11775
-0.104594
-0.0914976
-0.0784471
-0.065425
-0.0524097
-0.0393781
-0.0263091
-0.0131849
1.21972e-05
0.0133035
0.0267151
0.0402729
0.0539976
0.0679059
0.0820174
0.0963582
0.110957
0.125838
0.14102
0.156526
0.172382
0.188615
0.205245
0.222291
0.239772
0.257709
0.276111
0.294983
0.314331
0.334157
0.354448
0.375185
0.396342
0.417875
0.439726
0.461825
0.484083
0.506392
0.528623
0.550622
0.572211
0.593182
0.613299
0.632298
0.64989
0.665763
0.679585
0.69101
0.69968
0.705238
0.707347
0.705694
0.699993
0.690014
0.675791
0.657393
0.632302
0.59869
-0.511427
-0.542813
-0.566161
-0.583176
-0.596248
-0.605358
-0.610536
-0.612058
-0.610255
-0.605472
-0.598067
-0.588401
-0.576819
-0.563645
-0.549175
-0.53368
-0.517395
-0.500525
-0.483247
-0.465711
-0.448042
-0.430348
-0.412715
-0.395214
-0.377898
-0.360805
-0.343959
-0.327375
-0.311062
-0.295027
-0.27927
-0.263788
-0.24857
-0.233603
-0.218873
-0.204363
-0.190062
-0.175955
-0.162031
-0.148271
-0.134651
-0.121147
-0.107739
-0.094408
-0.0811368
-0.0679061
-0.0546928
-0.0414717
-0.0282196
-0.0149159
-0.00154058
0.01193
0.0255239
0.0392685
0.0531866
0.0672971
0.0816221
0.0961906
0.111035
0.126181
0.141653
0.157476
0.17368
0.190296
0.207349
0.224864
0.242865
0.261378
0.280419
0.3
0.320132
0.340825
0.362074
0.383866
0.406183
0.428989
0.452232
0.475849
0.499755
0.523846
0.547993
0.572043
0.595809
0.619072
0.641581
0.663048
0.683157
0.701559
0.717875
0.731703
0.742625
0.750219
0.754079
0.753818
0.749077
0.739564
0.725278
0.706265
0.6798
0.643937
-0.555516
-0.58928
-0.614089
-0.631773
-0.644939
-0.653602
-0.657838
-0.657995
-0.654484
-0.647728
-0.63816
-0.626209
-0.612279
-0.596743
-0.579942
-0.562177
-0.543709
-0.524761
-0.505519
-0.486141
-0.466755
-0.447469
-0.428368
-0.409516
-0.390961
-0.372734
-0.354854
-0.337328
-0.320158
-0.303344
-0.28688
-0.270754
-0.254952
-0.239455
-0.224244
-0.209299
-0.194601
-0.180135
-0.165883
-0.151823
-0.13793
-0.124175
-0.110536
-0.09699
-0.0835192
-0.0701014
-0.0567116
-0.0433227
-0.0299089
-0.0164473
-0.00291516
0.0107132
0.0244674
0.0383765
0.0524653
0.0667555
0.0812718
0.0960464
0.111114
0.126505
0.142244
0.158361
0.17489
0.191868
0.209325
0.227289
0.245792
0.264865
0.284531
0.304808
0.325717
0.347275
0.369484
0.392343
0.415841
0.439951
0.464632
0.489827
0.515461
0.541434
0.567624
0.593875
0.619999
0.645767
0.670914
0.695132
0.718075
0.739351
0.758533
0.775155
0.788732
0.798765
0.804758
0.806233
0.802742
0.793914
0.779694
0.760094
0.732149
0.693782
-0.603969
-0.640431
-0.666847
-0.685187
-0.698316
-0.7063
-0.709277
-0.707695
-0.702064
-0.692907
-0.680749
-0.666097
-0.649427
-0.63117
-0.611712
-0.591386
-0.570481
-0.549234
-0.527842
-0.506466
-0.485235
-0.464251
-0.443596
-0.423328
-0.403484
-0.384087
-0.365146
-0.346661
-0.328627
-0.311033
-0.293865
-0.277106
-0.260732
-0.244722
-0.229048
-0.213687
-0.198616
-0.183814
-0.169258
-0.154923
-0.140779
-0.126797
-0.11295
-0.0992146
-0.0855681
-0.0719871
-0.0584447
-0.0449116
-0.0313597
-0.0177632
-0.0040972
0.00966571
0.0235565
0.0376061
0.0518416
0.0662875
0.0809717
0.0959289
0.111196
0.126807
0.142789
0.159175
0.176005
0.193321
0.211156
0.229546
0.248528
0.26814
0.288411
0.309367
0.331038
0.35345
0.376616
0.400545
0.425237
0.450676
0.476832
0.50366
0.531096
0.559049
0.587404
0.616011
0.644679
0.673178
0.701229
0.728507
0.754633
0.779175
0.801648
0.821523
0.838234
0.851186
0.859777
0.863415
0.861543
0.85368
0.839702
0.819563
0.790022
0.748852
-0.657436
-0.696982
-0.725165
-0.744122
-0.757028
-0.764022
-0.765334
-0.76154
-0.75328
-0.7412
-0.725937
-0.708098
-0.688236
-0.666849
-0.644368
-0.621165
-0.597548
-0.573771
-0.550036
-0.526504
-0.503299
-0.480519
-0.458232
-0.436488
-0.415314
-0.394719
-0.374702
-0.355251
-0.336352
-0.317986
-0.300127
-0.282751
-0.265828
-0.249327
-0.233217
-0.217468
-0.202052
-0.186941
-0.172109
-0.157526
-0.143161
-0.12898
-0.114954
-0.101055
-0.0872604
-0.073543
-0.0598742
-0.0462227
-0.0325577
-0.0188512
-0.00507622
0.00879602
0.0227979
0.0369624
0.0513191
0.0658956
0.0807225
0.0958366
0.111278
0.127081
0.143279
0.159907
0.177011
0.194636
0.212822
0.23161
0.251044
0.271166
0.292016
0.313627
0.336038
0.359286
0.383398
0.408392
0.434281
0.461064
0.488723
0.51723
0.546533
0.576557
0.607197
0.638312
0.669718
0.701182
0.732422
0.763093
0.792789
0.821035
0.847291
0.870953
0.891362
0.907811
0.919567
0.925905
0.926119
0.919588
0.906089
0.88549
0.854226
0.809891
-0.716711
-0.759809
-0.789939
-0.809433
-0.821851
-0.827438
-0.826556
-0.819949
-0.808426
-0.792788
-0.773809
-0.75221
-0.728636
-0.703655
-0.677749
-0.651322
-0.624702
-0.598153
-0.571879
-0.546035
-0.520736
-0.496066
-0.472082
-0.448815
-0.42628
-0.404471
-0.383374
-0.362964
-0.343213
-0.324092
-0.305565
-0.287599
-0.270154
-0.253195
-0.236682
-0.220579
-0.204851
-0.189466
-0.174392
-0.159596
-0.145041
-0.130693
-0.116518
-0.102488
-0.0885751
-0.0747508
-0.0609843
-0.047242
-0.0334911
-0.0197012
-0.00584423
0.00811024
0.0221961
0.0364484
0.0508996
0.0655799
0.0805222
0.0957658
0.111352
0.127319
0.143702
0.160542
0.177888
0.195791
0.214297
0.233451
0.253303
0.273903
0.295297
0.317531
0.340653
0.364712
0.389747
0.41579
0.442869
0.470998
0.500178
0.530397
0.561623
0.593799
0.626836
0.660608
0.694942
0.729615
0.764341
0.798765
0.832455
0.864898
0.895496
0.923566
0.948341
0.968981
0.984603
0.99431
0.997209
0.992493
0.979793
0.958867
0.925739
0.877804
-0.78278
-0.829999
-0.862268
-0.882158
-0.893712
-0.897331
-0.893563
-0.883377
-0.867802
-0.847832
-0.824407
-0.798379
-0.770498
-0.741404
-0.711629
-0.681608
-0.651681
-0.622115
-0.593107
-0.564802
-0.537299
-0.510662
-0.484927
-0.460107
-0.436197
-0.413175
-0.391008
-0.369658
-0.349083
-0.329237
-0.310077
-0.291557
-0.273631
-0.256254
-0.239379
-0.222963
-0.206964
-0.191344
-0.176067
-0.161094
-0.146387
-0.131907
-0.11762
-0.103492
-0.089494
-0.0755948
-0.0617613
-0.0479581
-0.0341502
-0.0203061
-0.00639587
0.00761202
0.0217532
0.036065
0.0505824
0.0653379
0.0803668
0.0957098
0.11141
0.127509
0.144045
0.161064
0.178618
0.196764
0.215553
0.235035
0.255265
0.276303
0.298202
0.321019
0.344813
0.369647
0.395573
0.422637
0.450885
0.48035
0.511051
0.543001
0.57619
0.610584
0.646117
0.682685
0.720136
0.758261
0.796781
0.835338
0.873485
0.910674
0.94625
0.979444
1.00937
1.03504
1.0554
1.06932
1.07567
1.07341
1.06195
1.0409
1.00576
0.953693
-0.856873
-0.908914
-0.943525
-0.963574
-0.973724
-0.974613
-0.967051
-0.952309
-0.931697
-0.906452
-0.877711
-0.846478
-0.813612
-0.779829
-0.745707
-0.7117
-0.678155
-0.64533
-0.613406
-0.582506
-0.552705
-0.524042
-0.496526
-0.470144
-0.444866
-0.42065
-0.397443
-0.375189
-0.35383
-0.333307
-0.313561
-0.294537
-0.27618
-0.258434
-0.241246
-0.224564
-0.208341
-0.192532
-0.177096
-0.161989
-0.147171
-0.1326
-0.118239
-0.10405
-0.0900029
-0.076063
-0.0621955
-0.0483632
-0.0345298
-0.0206624
-0.0067297
0.00730122
0.0214677
0.0358091
0.0503626
0.0651631
0.0802472
0.0956573
0.111439
0.127635
0.144289
0.161449
0.179175
0.197525
0.216555
0.236321
0.256885
0.278313
0.30067
0.324021
0.34844
0.374001
0.400772
0.428816
0.458196
0.488968
0.521176
0.554857
0.590029
0.626687
0.664796
0.704284
0.745027
0.786841
0.829467
0.872556
0.915656
0.958193
0.999461
1.0386
1.07462
1.10634
1.13249
1.15169
1.16249
1.16353
1.15395
1.13308
1.09579
1.03893
-0.940558
-0.998286
-1.03543
-1.05525
-1.06323
-1.06034
-1.04779
-1.02724
-1.00036
-0.968695
-0.933607
-0.896272
-0.857663
-0.818564
-0.779585
-0.741193
-0.703723
-0.667411
-0.632408
-0.598805
-0.566642
-0.535921
-0.506618
-0.47869
-0.452076
-0.426709
-0.402513
-0.379411
-0.357328
-0.336187
-0.315919
-0.296453
-0.277725
-0.259671
-0.242227
-0.225335
-0.208941
-0.192994
-0.177448
-0.162255
-0.147371
-0.132752
-0.118358
-0.104149
-0.0900906
-0.0761464
-0.0622798
-0.0484524
-0.034627
-0.0207691
-0.00684641
0.00717565
0.021336
0.0356756
0.0502336
0.0650464
0.0801523
0.0955947
0.111421
0.127678
0.144411
0.161674
0.179529
0.198039
0.217264
0.237265
0.25811
0.279875
0.302633
0.326461
0.351446
0.377676
0.405232
0.434197
0.464656
0.496688
0.530365
0.565752
0.602901
0.641844
0.682584
0.72509
0.769278
0.815004
0.862042
0.910067
0.958641
1.00718
1.05493
1.10097
1.14416
1.18316
1.21643
1.24226
1.25882
1.26431
1.25747
1.23725
1.19769
1.13523
-1.03586
-1.10035
-1.14019
-1.15915
-1.16383
-1.15574
-1.1366
-1.10864
-1.07397
-1.03449
-0.991849
-0.94739
-0.902199
-0.857112
-0.812756
-0.769582
-0.727899
-0.687901
-0.649692
-0.613314
-0.578759
-0.545985
-0.514925
-0.485498
-0.45761
-0.431161
-0.406051
-0.382179
-0.35945
-0.337772
-0.317057
-0.297226
-0.2782
-0.259906
-0.242272
-0.225234
-0.208729
-0.192701
-0.177098
-0.16187
-0.146969
-0.13235
-0.117967
-0.10378
-0.0897507
-0.0758406
-0.062012
-0.0482255
-0.0344432
-0.0206295
-0.00675069
0.00722924
0.0213505
0.0356554
0.0501843
0.0649751
0.0800668
0.0955045
0.111337
0.127615
0.144387
0.161709
0.179648
0.198269
0.217637
0.237817
0.258885
0.280925
0.30402
0.328259
0.353739
0.380562
0.408828
0.438638
0.470102
0.503324
0.538406
0.575447
0.614538
0.655752
0.699142
0.744729
0.792483
0.842313
0.894046
0.947406
1.00199
1.05722
1.11234
1.16635
1.21799
1.26573
1.30774
1.34192
1.36596
1.37746
1.3746
1.35578
1.31388
1.24479
-1.14542
-1.21803
-1.26061
-1.27772
-1.27747
-1.26219
-1.23436
-1.19691
-1.15255
-1.10361
-1.052
-0.999276
-0.946595
-0.894825
-0.844576
-0.796255
-0.750111
-0.706273
-0.66478
-0.625605
-0.588679
-0.553902
-0.521157
-0.490316
-0.461247
-0.433817
-0.407894
-0.383354
-0.360079
-0.337959
-0.316892
-0.296783
-0.277544
-0.259089
-0.241342
-0.224227
-0.207677
-0.19163
-0.176029
-0.160822
-0.145957
-0.131386
-0.117062
-0.102942
-0.0889828
-0.0751471
-0.0613952
-0.0476874
-0.0339851
-0.0202517
-0.00645189
0.00745141
0.0214993
0.0357349
0.0501994
0.0649313
0.0799709
0.0953645
0.111163
0.12742
0.144186
0.161522
0.179495
0.198173
0.217625
0.237922
0.259149
0.281395
0.304754
0.329324
0.355216
0.382544
0.411427
0.441989
0.474362
0.508678
0.545071
0.583679
0.624635
0.668066
0.714082
0.762765
0.814156
0.868235
0.924907
0.983971
1.04508
1.10772
1.17114
1.23432
1.29589
1.35413
1.40689
1.45163
1.48539
1.50504
1.50795
1.49166
1.44747
1.37049
-1.27283
-1.35524
-1.4004
-1.41403
-1.40646
-1.38123
-1.34189
-1.29231
-1.23592
-1.17554
-1.11338
-1.05113
-0.990015
-0.930873
-0.874254
-0.820475
-0.769691
-0.721932
-0.677144
-0.635215
-0.595998
-0.559324
-0.525015
-0.492891
-0.462774
-0.434494
-0.407889
-0.382807
-0.359107
-0.336661
-0.31535
-0.295066
-0.275709
-0.257184
-0.239404
-0.22229
-0.205767
-0.189768
-0.174233
-0.159106
-0.144333
-0.129862
-0.115646
-0.101637
-0.0877926
-0.0740731
-0.0604384
-0.0468486
-0.0332645
-0.0196483
-0.00596372
0.00782739
0.0217665
0.0358967
0.0502595
0.064894
0.0798415
0.0951499
0.110872
0.127063
0.143778
0.161077
0.179028
0.197704
0.217177
0.237526
0.258839
0.281215
0.304755
0.329567
0.355772
0.383502
0.412893
0.444091
0.47725
0.512534
0.55011
0.590157
0.632861
0.678404
0.726963
0.778695
0.833725
0.892131
0.95392
1.019
1.08713
1.15789
1.23059
1.30424
1.37741
1.44821
1.51419
1.57226
1.61875
1.64949
1.66074
1.64877
1.6026
1.51614
-1.42298
-1.51729
-1.56442
-1.57195
-1.55352
-1.51449
-1.45988
-1.39482
-1.32356
-1.24945
-1.17495
-1.10186
-1.03136
-0.964214
-0.900827
-0.841378
-0.785873
-0.734209
-0.68621
-0.641654
-0.600301
-0.5619
-0.526204
-0.492974
-0.461984
-0.433023
-0.405896
-0.380423
-0.356442
-0.333803
-0.312373
-0.292029
-0.272659
-0.254162
-0.236441
-0.21941
-0.202991
-0.187113
-0.17171
-0.156725
-0.142102
-0.127786
-0.113727
-0.0998777
-0.0861932
-0.0726331
-0.0591575
-0.0457261
-0.0322991
-0.0188381
-0.00530567
0.00833671
0.0221303
0.0361175
0.0503396
0.0648365
0.0796507
0.0948316
0.110434
0.126513
0.143126
0.160333
0.178204
0.196815
0.216243
0.23657
0.257892
0.280313
0.30394
0.328891
0.3553
0.383313
0.413084
0.444779
0.478577
0.514669
0.553261
0.594578
0.638858
0.686347
0.737296
0.791949
0.850534
0.91325
0.980237
1.05155
1.1271
1.20663
1.28959
1.37508
1.4617
1.54748
1.62964
1.7046
1.76775
1.81366
1.83703
1.83223
1.78487
1.68696
-1.60283
-1.71158
-1.75917
-1.75634
-1.72176
-1.66353
-1.58871
-1.50393
-1.41441
-1.32396
-1.23523
-1.14997
-1.06924
-0.993566
-0.923156
-0.857965
-0.7978
-0.742377
-0.691364
-0.64441
-0.601162
-0.561278
-0.524435
-0.49033
-0.458687
-0.429251
-0.401793
-0.376108
-0.352008
-0.329327
-0.307915
-0.287638
-0.268373
-0.250009
-0.232443
-0.215585
-0.199352
-0.18367
-0.16847
-0.153692
-0.139278
-0.125173
-0.111323
-0.0976815
-0.084203
-0.0708469
-0.0575732
-0.0443414
-0.0311113
-0.0178439
-0.00450118
0.00895507
0.0225651
0.0363703
0.0504115
0.0647296
0.0793684
0.0943784
0.109815
0.125734
0.142191
0.159249
0.176979
0.195459
0.214769
0.234999
0.256245
0.278617
0.302228
0.327205
0.353695
0.381856
0.411859
0.443888
0.478145
0.514853
0.554255
0.596623
0.64225
0.691448
0.74455
0.801899
0.863845
0.930729
1.00286
1.08047
1.16371
1.25254
1.34665
1.44535
1.54741
1.65087
1.75279
1.84904
1.93406
2.00082
2.0419
2.04881
2.00204
1.89029
-1.82264
-1.94864
-1.99335
-1.9732
-1.91459
-1.82964
-1.7281
-1.61839
-1.50665
-1.39703
-1.29215
-1.19352
-1.10187
-1.01738
-0.939915
-0.869119
-0.804537
-0.745661
-0.691972
-0.642965
-0.598164
-0.557124
-0.519442
-0.484749
-0.452716
-0.423047
-0.395481
-0.369784
-0.34575
-0.323194
-0.301953
-0.28188
-0.262843
-0.244724
-0.227416
-0.210824
-0.194863
-0.179454
-0.16453
-0.150026
-0.135882
-0.122043
-0.108456
-0.0950721
-0.081847
-0.0687402
-0.0557117
-0.0427212
-0.0297279
-0.0166925
-0.00357749
0.00965447
0.023042
0.0366251
0.0504446
0.0645421
0.0789631
0.0937582
0.108982
0.124689
0.140936
0.157785
0.175309
0.193588
0.212708
0.232757
0.253836
0.276057
0.299539
0.32442
0.350855
0.379014
0.409081
0.441256
0.475766
0.512862
0.552825
0.595972
0.64265
0.693241
0.748163
0.807872
0.872849
0.943598
1.02062
1.10441
1.19538
1.29382
1.39979
1.51296
1.63246
1.75655
1.88234
2.00535
2.11903
2.21451
2.28157
2.30757
2.26506
2.13688
-2.09812
-2.2438
-2.27874
-2.22977
-2.13532
-2.01325
-1.87663
-1.73571
-1.59737
-1.4657
-1.34293
-1.23003
-1.12712
-1.03386
-0.949604
-0.873614
-0.805094
-0.743267
-0.687401
-0.63682
-0.590914
-0.549133
-0.51099
-0.476051
-0.443938
-0.414315
-0.38689
-0.361407
-0.33764
-0.31539
-0.294481
-0.274757
-0.256079
-0.238323
-0.22138
-0.205151
-0.189549
-0.174495
-0.15992
-0.145756
-0.131945
-0.11843
-0.105158
-0.0920815
-0.0791575
-0.0663454
-0.0536057
-0.0408977
-0.0281807
-0.0154156
-0.00256631
0.0104027
0.0235281
0.0368488
0.0504058
0.0642418
0.0784025
0.0929378
0.1079
0.123343
0.139321
0.1559
0.173153
0.191162
0.210012
0.229793
0.250606
0.272567
0.295802
0.320455
0.346688
0.374678
0.40462
0.436731
0.471258
0.508481
0.548713
0.592311
0.639675
0.691256
0.747564
0.809164
0.876682
0.950799
1.03225
1.12181
1.22024
1.32827
1.44646
1.57506
1.7138
1.86153
2.01577
2.17208
2.32315
2.45818
2.56353
2.62067
2.58985
2.44318
-2.45472
-2.61986
-2.63101
-2.53429
-2.38649
-2.21315
-2.03095
-1.85166
-1.68216
-1.52585
-1.38396
-1.25642
-1.14246
-1.04094
-0.950592
-0.870164
-0.798466
-0.734419
-0.677054
-0.62552
-0.579069
-0.537048
-0.498891
-0.464103
-0.43226
-0.402994
-0.375986
-0.35096
-0.327676
-0.305924
-0.285518
-0.266295
-0.248111
-0.230839
-0.214369
-0.198601
-0.183448
-0.168831
-0.154678
-0.140923
-0.127505
-0.11437
-0.101466
-0.0887473
-0.0761718
-0.0636997
-0.0512913
-0.0389059
-0.0265036
-0.0140468
-0.00150127
0.0111659
0.0239896
0.0370082
0.0502629
0.0637969
0.0776551
0.0918848
0.106536
0.121659
0.137312
0.15356
0.170476
0.188141
0.206639
0.226059
0.246504
0.268092
0.290956
0.31524
0.341111
0.368751
0.398363
0.43018
0.464465
0.501519
0.541683
0.585347
0.632964
0.685049
0.742195
0.805077
0.874464
0.951227
1.03635
1.13093
1.23614
1.35325
1.48347
1.62789
1.78719
1.96128
2.14871
2.34576
2.54512
2.73442
2.89627
3.00425
2.99994
2.83562
-2.93601
-3.11134
-3.07044
-2.89488
-2.66813
-2.42483
-2.1846
-1.95938
-1.75467
-1.57199
-1.41067
-1.26905
-1.14501
-1.03641
-0.94118
-0.85748
-0.783687
-0.718396
-0.660403
-0.608682
-0.562356
-0.52068
-0.483016
-0.448823
-0.417638
-0.389065
-0.362769
-0.33846
-0.315887
-0.294832
-0.275105
-0.256538
-0.238985
-0.22232
-0.206432
-0.191225
-0.17661
-0.16251
-0.148852
-0.135571
-0.122607
-0.109907
-0.097423
-0.0851111
-0.0729307
-0.0608422
-0.0488059
-0.0367818
-0.0247315
-0.0126201
-0.000416343
0.0119105
0.0243939
0.0370721
0.0499862
0.0631785
0.0766914
0.0905687
0.104857
0.119609
0.13488
0.150735
0.167247
0.184492
0.202552
0.221516
0.241488
0.262589
0.284951
0.308718
0.334057
0.361154
0.39022
0.421495
0.455256
0.491814
0.531531
0.57483
0.622202
0.674217
0.73154
0.794946
0.865338
0.943775
1.03149
1.12992
1.24071
1.36572
1.507
1.66672
1.84692
2.0492
2.27405
2.51972
2.7803
3.04324
3.28809
3.47911
3.53084
3.35938
-3.6209
-3.77058
-3.62079
-3.31598
-2.97418
-2.6377
-2.32606
-2.04827
-1.80595
-1.59691
-1.41749
-1.26368
-1.13163
-1.01794
-0.919669
-0.834335
-0.759875
-0.694573
-0.637009
-0.586004
-0.540575
-0.499902
-0.463297
-0.430181
-0.400068
-0.372548
-0.347274
-0.32395
-0.302321
-0.282168
-0.263297
-0.245543
-0.22876
-0.212824
-0.197629
-0.18308
-0.169091
-0.155586
-0.142494
-0.12975
-0.117298
-0.105088
-0.0930748
-0.0812176
-0.0694769
-0.0578135
-0.0461879
-0.0345618
-0.0228998
-0.0111706
0.000654097
0.0126032
0.0247097
0.0370112
0.0495478
0.0623587
0.0754828
0.0889606
0.102838
0.117165
0.131998
0.1474
0.163438
0.180184
0.197719
0.216132
0.235528
0.256023
0.277747
0.300841
0.325472
0.351828
0.38012
0.410592
0.443523
0.479232
0.518094
0.560551
0.607119
0.65841
0.715141
0.778169
0.848511
0.927387
1.01626
1.1169
1.2314
1.3623
1.51259
1.68571
1.88551
2.11601
2.38083
2.68202
3.01768
3.37829
3.74346
4.06947
4.23613
4.09588
-4.65271
-4.67326
-4.30463
-3.79232
-3.28742
-2.83173
-2.43699
-2.10327
-1.82435
-1.59199
-1.39817
-1.23586
-1.09918
-0.983368
-0.884571
-0.79972
-0.726359
-0.662516
-0.606604
-0.557334
-0.513654
-0.474699
-0.439753
-0.408223
-0.379615
-0.353516
-0.329579
-0.307512
-0.287063
-0.268014
-0.250178
-0.23339
-0.217513
-0.202427
-0.188031
-0.174235
-0.160958
-0.148123
-0.135664
-0.123518
-0.111634
-0.0999653
-0.0884715
-0.0771142
-0.065855
-0.0546549
-0.0434758
-0.0322825
-0.0210438
-0.00973248
0.00167734
0.0132138
0.0249095
0.0368003
0.0489231
0.0613129
0.074005
0.0870378
0.100456
0.114309
0.12865
0.143535
0.159028
0.175198
0.192124
0.209893
0.228605
0.248374
0.269321
0.291586
0.315332
0.340743
0.368028
0.397424
0.429207
0.463698
0.501272
0.542376
0.587538
0.637386
0.692671
0.754295
0.823355
0.901189
0.98944
1.09014
1.20582
1.33962
1.49549
1.67827
1.89395
2.14966
2.4535
2.81374
3.23658
3.72176
4.25679
4.79815
5.19263
5.19188
-6.28989
-5.91881
-5.13413
-4.30373
-3.57757
-2.97753
-2.49362
-2.10694
-1.79779
-1.54917
-1.34753
-1.1824
-1.0458
-0.931674
-0.835426
-0.753526
-0.683246
-0.622462
-0.569497
-0.523017
-0.481949
-0.445424
-0.412729
-0.383278
-0.35659
-0.332262
-0.30996
-0.289403
-0.27035
-0.252592
-0.23595
-0.220269
-0.205419
-0.191291
-0.17779
-0.164831
-0.152338
-0.140239
-0.12847
-0.116976
-0.105707
-0.0946253
-0.0836927
-0.0728733
-0.0621296
-0.0514239
-0.0407211
-0.0299904
-0.0192055
-0.00834272
0.0026227
0.0137185
0.0249755
0.0364262
0.0481025
0.0600354
0.0722578
0.0848072
0.0977259
0.11106
0.124856
0.139168
0.154052
0.169576
0.185816
0.202854
0.220784
0.239712
0.259754
0.281045
0.30374
0.328014
0.354066
0.382125
0.412456
0.44537
0.481232
0.52048
0.563631
0.611308
0.664263
0.723411
0.789872
0.865035
0.950643
1.0489
1.16263
1.29545
1.45211
1.63881
1.8637
2.13745
2.4739
2.89031
3.4067
4.04238
4.80715
5.677
6.50031
6.90937
-9.10729
-7.63223
-6.06155
-4.77693
-3.77827
-3.02376
-2.46032
-2.03625
-1.71208
-1.46007
-1.26084
-1.10079
-0.970295
-0.862468
-0.772293
-0.696057
-0.63097
-0.574898
-0.52619
-0.483546
-0.445935
-0.412526
-0.382642
-0.355734
-0.33135
-0.309115
-0.28872
-0.269902
-0.252439
-0.236137
-0.22083
-0.206379
-0.192664
-0.179587
-0.167062
-0.155011
-0.143364
-0.132055
-0.121026
-0.110226
-0.0996143
-0.0891563
-0.0788184
-0.0685664
-0.0583644
-0.0481778
-0.0379757
-0.0277329
-0.0174272
-0.00703708
0.00346141
0.0140946
0.0248899
0.0358746
0.0470758
0.0585219
0.0702442
0.0822779
0.0946613
0.107435
0.12064
0.134326
0.148546
0.163363
0.178847
0.195075
0.212132
0.230117
0.249138
0.269322
0.29081
0.313768
0.338379
0.364856
0.393448
0.424446
0.458192
0.495097
0.535651
0.580447
0.6302
0.685788
0.748296
0.819086
0.899882
0.992908
1.10107
1.2282
1.37947
1.562
1.78563
2.06432
2.41788
2.87462
3.47482
4.27149
5.3188
6.65696
8.28612
9.82894
-14.5987
-9.89195
-6.74276
-4.89274
-3.66355
-2.82183
-2.24178
-1.82989
-1.52682
-1.29701
-1.11827
-0.976182
-0.861105
-0.766418
-0.68744
-0.620777
-0.563911
-0.514938
-0.472391
-0.435126
-0.402232
-0.37298
-0.34678
-0.323149
-0.301692
-0.282083
-0.264052
-0.24737
-0.23184
-0.217294
-0.203589
-0.190601
-0.17823
-0.16639
-0.155007
-0.144013
-0.133345
-0.122947
-0.112768
-0.102766
-0.092907
-0.0831612
-0.0734991
-0.0638892
-0.0542993
-0.0446996
-0.0350654
-0.0253762
-0.0156137
-0.00575783
0.00421333
0.0143226
0.0245921
0.0350438
0.045701
0.0565896
0.0677383
0.0791777
0.0909399
0.10306
0.115574
0.128526
0.141965
0.155947
0.170534
0.185793
0.201803
0.218651
0.236435
0.255267
0.275275
0.296602
0.319415
0.343903
0.370285
0.398819
0.429809
0.46362
0.500688
0.541534
0.586794
0.637247
0.693857
0.757835
0.830728
0.914538
1.0119
1.12636
1.26279
1.42804
1.63205
1.88966
2.22365
2.6704
3.29043
4.17978
5.46852
7.39202
10.6315
15.449
-23.8702
-12.0928
-6.46755
-4.18022
-2.96906
-2.23379
-1.76619
-1.44881
-1.21919
-1.04536
-0.909448
-0.80057
-0.711664
-0.637936
-0.575997
-0.523376
-0.478223
-0.439125
-0.404984
-0.374934
-0.34828
-0.324463
-0.303024
-0.283591
-0.265853
-0.249555
-0.234484
-0.220457
-0.20732
-0.194936
-0.183192
-0.17199
-0.161251
-0.150907
-0.1409
-0.131173
-0.121678
-0.112368
-0.103202
-0.0941504
-0.085185
-0.0762824
-0.0674182
-0.0585655
-0.0496978
-0.0407915
-0.031828
-0.0227919
-0.0136682
-0.00444009
0.00491038
0.0144007
0.0240473
0.033867
0.0438792
0.0541062
0.0645721
0.075301
0.0863181
0.0976514
0.109333
0.121399
0.133892
0.146857
0.160347
0.174421
0.189145
0.204593
0.220847
0.238001
0.256161
0.27545
0.296003
0.317974
0.341545
0.366926
0.394365
0.424155
0.456648
0.492259
0.531492
0.574958
0.623409
0.677779
0.739252
0.809345
0.890038
0.983967
1.09474
1.22742
1.38943
1.59214
1.85405
2.2079
2.71716
3.5025
4.78178
7.16524
12.9082
24.8089
0
0
0
0
0
0
0
0
0
0
0
0
0
0
0
0
0
0
0
0
0
0
0
0
0
0
0
0
0
0
0
0
0
0
0
0
0
0
0
0
0
0
0
0
0
0
0
0
0
0
0
0
0
0
0
0
0
0
0
0
0
0
0
0
0
0
0
0
0
0
0
0
0
0
0
0
0
0
0
0
0
0
0
0
0
0
0
0
0
0
0
0
0
0
0
0
0
0
0
0
)
;

boundaryField
{
    obstacleFixedWalls
    {
        type            zeroGradient;
    }
    obstacleFrontAndBack
    {
        type            empty;
    }
    movingWall
    {
        type            zeroGradient;
    }
    fixedWalls
    {
        type            zeroGradient;
    }
    frontAndBack
    {
        type            empty;
    }
}


// ************************************************************************* //
