/*--------------------------------*- C++ -*----------------------------------*\
  =========                 |
  \\      /  F ield         | OpenFOAM: The Open Source CFD Toolbox
   \\    /   O peration     | Website:  https://openfoam.org
    \\  /    A nd           | Version:  11
     \\/     M anipulation  |
\*---------------------------------------------------------------------------*/
FoamFile
{
    format      ascii;
    class       volScalarField;
    location    "0.1";
    object      p;
}
// * * * * * * * * * * * * * * * * * * * * * * * * * * * * * * * * * * * * * //

dimensions      [0 2 -2 0 0 0 0];

internalField   nonuniform List<scalar> 
10100
(
-1.15472e-07
-0.00351426
-0.00512872
-0.00575438
-0.00601376
-0.00628763
-0.00698151
-0.00837236
-0.0105102
-0.0131933
-0.0160192
-0.0184921
-0.0201487
-0.0206629
-0.0199037
-0.0179365
-0.0149744
-0.0112947
-0.00714282
-0.00264697
0.00222756
0.00766728
0.0139391
0.021279
0.0297809
0.0393292
0.0496087
0.0601943
0.0706926
0.0808848
0.0908159
0.100796
0.111307
0.122856
0.13581
0.150298
0.166187
0.183157
0.200828
0.218874
0.237084
0.255334
0.273496
0.291346
0.308533
0.324654
0.339403
0.352724
0.364886
0.376423
0.387916
0.399737
0.411937
0.424314
0.436537
0.448308
0.459594
0.470663
0.481755
0.492811
0.503682
0.514416
0.525094
0.535702
0.546421
0.557608
0.56912
0.580134
0.590043
0.59904
0.607488
0.61534
0.622566
0.629537
0.636605
0.643781
0.651137
0.65898
0.667337
0.675704
0.683579
0.690853
0.697431
0.702892
0.70688
0.709513
0.711085
0.71163
0.711181
0.710227
0.70942
0.708897
0.708379
0.707855
0.707604
0.707624
0.707402
0.70613
0.703373
0.699002
0.00638696
0.00282571
0.000910252
1.28787e-05
-0.000448942
-0.000987101
-0.0020012
-0.00372866
-0.00616591
-0.00906043
-0.0119781
-0.0144201
-0.0159483
-0.0162815
-0.0153413
-0.0132416
-0.0102313
-0.00660451
-0.00260046
0.00168061
0.00631727
0.0115428
0.0176581
0.0249075
0.0333628
0.0428647
0.0530491
0.0634588
0.0737003
0.0835911
0.0932385
0.103019
0.113461
0.125076
0.138192
0.152862
0.168872
0.185841
0.203376
0.221186
0.239127
0.257145
0.275151
0.292911
0.310024
0.32603
0.340596
0.35368
0.365596
0.376924
0.388261
0.399937
0.411917
0.423946
0.435731
0.447071
0.458016
0.468906
0.480006
0.49116
0.502071
0.512739
0.523332
0.533905
0.544619
0.555758
0.567095
0.577778
0.58728
0.595918
0.604117
0.611835
0.619025
0.626001
0.633037
0.640171
0.647594
0.6556
0.664001
0.672156
0.67974
0.686883
0.693437
0.698743
0.702421
0.704838
0.706431
0.70709
0.70667
0.705686
0.70492
0.70458
0.704344
0.70401
0.703772
0.703784
0.703538
0.702286
0.699443
0.695093
0.0128614
0.00893478
0.00654388
0.00517171
0.00418984
0.00308633
0.00152137
-0.000662444
-0.00338936
-0.00636599
-0.00916225
-0.0113272
-0.0124999
-0.012484
-0.0112736
-0.00902984
-0.00601775
-0.00251732
0.00127149
0.00530281
0.00971012
0.0147658
0.0207807
0.0279764
0.0363775
0.0457723
0.0557638
0.0658983
0.0758282
0.0854469
0.0949436
0.104752
0.115411
0.127381
0.140894
0.155889
0.172052
0.188959
0.206231
0.223655
0.241189
0.258867
0.276641
0.294267
0.311297
0.327219
0.341685
0.354671
0.366507
0.377759
0.388992
0.400468
0.412063
0.423507
0.434655
0.445501
0.456172
0.467012
0.478308
0.489804
0.500941
0.511645
0.522307
0.533066
0.54383
0.554725
0.565683
0.575949
0.584914
0.593032
0.601068
0.608964
0.616287
0.623231
0.630373
0.63788
0.64562
0.653612
0.661802
0.669774
0.677164
0.683981
0.690163
0.69523
0.698811
0.701159
0.702719
0.703518
0.703419
0.702724
0.70208
0.701873
0.701933
0.7019
0.701763
0.70158
0.701141
0.699869
0.69705
0.692549
0.0190275
0.0147171
0.011795
0.00973016
0.00796592
0.00609036
0.00387455
0.00126092
-0.0016138
-0.00445441
-0.00689072
-0.00857617
-0.00926869
-0.00887495
-0.00745401
-0.00518554
-0.00230993
0.000949264
0.00446375
0.00825522
0.012502
0.0174851
0.0234856
0.0306675
0.0389933
0.0482115
0.0579282
0.0677424
0.0773955
0.0868786
0.0964529
0.10657
0.11772
0.130256
0.144274
0.159584
0.175794
0.192469
0.209293
0.226162
0.243152
0.260381
0.277839
0.295273
0.312203
0.328082
0.342549
0.355587
0.367502
0.378781
0.38989
0.401039
0.412084
0.422795
0.433217
0.443615
0.454209
0.465216
0.476828
0.488769
0.500327
0.51125
0.522037
0.533013
0.543894
0.554458
0.564721
0.574343
0.582892
0.590719
0.598604
0.606628
0.614282
0.621534
0.628931
0.636769
0.644863
0.65297
0.660912
0.668455
0.67546
0.681962
0.687811
0.692538
0.695899
0.698233
0.699975
0.701099
0.701373
0.700977
0.700567
0.700624
0.700944
0.701089
0.700927
0.700544
0.70009
0.698537
0.695571
0.690958
0.0246093
0.0199933
0.0165107
0.0136801
0.0110809
0.00844099
0.00565672
0.00276031
-8.18178e-05
-0.00261704
-0.00457912
-0.00575615
-0.00603312
-0.00540428
-0.00396052
-0.00185788
0.000729053
0.00366386
0.00690278
0.0105268
0.0147316
0.019769
0.0258539
0.0330716
0.0413237
0.0503429
0.059776
0.0693102
0.0787958
0.0883157
0.098172
0.108787
0.120555
0.133691
0.148149
0.163633
0.179715
0.195995
0.212252
0.228502
0.244923
0.261697
0.278828
0.296048
0.312857
0.328698
0.343201
0.356343
0.36839
0.379717
0.390665
0.401406
0.411854
0.421876
0.431686
0.441783
0.452474
0.463802
0.475766
0.488084
0.500052
0.511304
0.522293
0.533418
0.544323
0.554563
0.564144
0.573065
0.581226
0.588993
0.596952
0.605064
0.61289
0.620533
0.628497
0.636807
0.645039
0.653022
0.660819
0.668215
0.674849
0.680718
0.686007
0.69055
0.693969
0.69628
0.697963
0.699341
0.700242
0.700489
0.700449
0.700646
0.701112
0.7015
0.701414
0.700899
0.700027
0.698331
0.694991
0.690134
0.0295809
0.0246542
0.0206397
0.0171208
0.0138088
0.0105612
0.00738414
0.0043736
0.00169155
-0.000484329
-0.00201087
-0.00280877
-0.0028665
-0.00222747
-0.000971236
0.000807491
0.00302449
0.00563741
0.00867544
0.0122519
0.0165448
0.0217437
0.0279769
0.0352496
0.0434208
0.0522373
0.0614163
0.0707499
0.0801924
0.0898919
0.100151
0.111324
0.123683
0.137308
0.152038
0.167523
0.183347
0.199183
0.214915
0.230654
0.246642
0.263076
0.279936
0.296933
0.313565
0.329293
0.343758
0.35694
0.369072
0.380421
0.391197
0.401553
0.411503
0.421022
0.430432
0.440396
0.451275
0.46291
0.4751
0.487621
0.499871
0.511408
0.522604
0.53388
0.544785
0.554693
0.563703
0.572156
0.580118
0.587855
0.595869
0.604129
0.612187
0.62015
0.628579
0.637412
0.645928
0.653807
0.661338
0.668555
0.674987
0.68039
0.685053
0.68918
0.692532
0.694961
0.696844
0.698579
0.700025
0.700929
0.701531
0.702226
0.703039
0.703469
0.70308
0.702512
0.701363
0.699253
0.695448
0.690291
0.0338695
0.0286637
0.0242171
0.0201694
0.016334
0.0126726
0.00927667
0.00627652
0.00380116
0.00193662
0.000707444
8.72815e-05
2.64454e-05
0.000477768
0.00140969
0.00280876
0.00468142
0.00706159
0.0100207
0.0136687
0.0181345
0.0235274
0.0298906
0.0371692
0.0452121
0.0538123
0.0627767
0.0720001
0.0815147
0.0914928
0.102196
0.113882
0.126704
0.140635
0.155455
0.170817
0.186365
0.201865
0.217281
0.232768
0.248565
0.264825
0.281475
0.298198
0.314524
0.329979
0.344254
0.357346
0.369477
0.380833
0.391488
0.401567
0.411212
0.420499
0.429749
0.439683
0.450732
0.462563
0.47475
0.487199
0.499579
0.511389
0.522771
0.534142
0.54509
0.554837
0.563455
0.571603
0.579574
0.587447
0.595487
0.603761
0.61205
0.620479
0.629421
0.638629
0.647314
0.655212
0.662701
0.669788
0.675867
0.6807
0.68483
0.68868
0.691962
0.694408
0.696461
0.698651
0.700837
0.702612
0.70395
0.705103
0.706143
0.706584
0.706099
0.705002
0.703567
0.701056
0.696989
0.691566
0.0375087
0.0320882
0.0273315
0.0229155
0.0187295
0.0148189
0.0113348
0.0084128
0.00612683
0.00446878
0.00336671
0.0027298
0.00249403
0.00264658
0.0032232
0.00428915
0.00591998
0.00819227
0.0111828
0.014967
0.0196084
0.0251392
0.0315398
0.0387311
0.0465885
0.0549762
0.0637933
0.0730143
0.0827077
0.0930233
0.104146
0.116229
0.129328
0.143362
0.158116
0.173305
0.188662
0.204035
0.219425
0.234958
0.250797
0.267002
0.283433
0.29976
0.315592
0.330581
0.344511
0.3574
0.369472
0.380871
0.391543
0.40153
0.411097
0.42044
0.429781
0.439742
0.450835
0.462712
0.474744
0.486898
0.499223
0.511308
0.522967
0.534404
0.545326
0.55505
0.563607
0.571696
0.57972
0.58774
0.595922
0.604339
0.612874
0.621699
0.631133
0.640776
0.64968
0.65755
0.664889
0.6718
0.677612
0.682008
0.68561
0.689032
0.692142
0.694742
0.697208
0.699914
0.702667
0.705086
0.707065
0.708826
0.71022
0.710447
0.709635
0.708032
0.706238
0.703372
0.699215
0.693754
0.0405764
0.0350006
0.0300295
0.0253676
0.0209684
0.0169422
0.0134686
0.0106562
0.00850723
0.00692932
0.00578874
0.004977
0.00445776
0.00427662
0.00453762
0.0053653
0.00687204
0.00914129
0.0122251
0.016148
0.0209096
0.026485
0.0328254
0.0398646
0.0475321
0.0557712
0.0645557
0.0739011
0.0838642
0.0945303
0.105988
0.118298
0.131459
0.145398
0.159965
0.174977
0.190265
0.205727
0.221342
0.237138
0.253138
0.269293
0.285412
0.301192
0.316354
0.330736
0.344254
0.356933
0.368968
0.3805
0.391384
0.401523
0.411228
0.420848
0.430506
0.440574
0.451579
0.463328
0.475153
0.486994
0.499159
0.511424
0.523381
0.534932
0.545784
0.555453
0.564111
0.572445
0.580718
0.588866
0.597151
0.605874
0.614934
0.624254
0.633975
0.643795
0.652897
0.660895
0.668099
0.674595
0.67992
0.683961
0.687344
0.690569
0.693528
0.696188
0.698979
0.702201
0.705612
0.708684
0.711142
0.713222
0.714768
0.714976
0.713781
0.711732
0.709332
0.706094
0.701852
0.696517
0.0431216
0.0374251
0.0323043
0.0274986
0.0230164
0.0190022
0.015621
0.0129208
0.0108254
0.00918244
0.00784132
0.00672284
0.00585063
0.00533801
0.00534493
0.00602842
0.00750619
0.00984097
0.0130431
0.0170838
0.021912
0.0274713
0.0337143
0.0406129
0.0481609
0.0563695
0.0652571
0.0748377
0.085116
0.0960881
0.107748
0.120091
0.133111
0.146793
0.161098
0.175961
0.191291
0.206993
0.222969
0.2391
0.255247
0.271257
0.286935
0.302057
0.316481
0.330239
0.3434
0.355981
0.368084
0.379842
0.391097
0.40161
0.411633
0.421649
0.43175
0.442026
0.452907
0.464413
0.47601
0.487625
0.499652
0.511968
0.524049
0.535621
0.5464
0.556037
0.564831
0.573518
0.582241
0.590728
0.599239
0.608328
0.618003
0.627912
0.637886
0.647678
0.656734
0.664724
0.671777
0.677894
0.682794
0.686578
0.689874
0.693098
0.69618
0.699142
0.702328
0.706003
0.709957
0.713508
0.71629
0.718576
0.720117
0.720256
0.718702
0.716284
0.713226
0.709592
0.705117
0.699853
0.0451518
0.0393568
0.0341507
0.0293165
0.0248931
0.0210084
0.0177651
0.0151282
0.0129564
0.0110793
0.00938044
0.00785004
0.00658915
0.00577323
0.00559662
0.00622153
0.00774619
0.010196
0.0135341
0.017684
0.0225593
0.0280927
0.0342572
0.0410723
0.0485922
0.0568769
0.0659596
0.0758235
0.0864004
0.0975958
0.109327
0.12156
0.134321
0.147687
0.161742
0.176524
0.191987
0.207994
0.224336
0.24074
0.256918
0.272643
0.287779
0.302232
0.315994
0.329243
0.342189
0.354827
0.367109
0.379126
0.390791
0.401789
0.412241
0.42269
0.433268
0.443828
0.454638
0.4659
0.477289
0.488743
0.500647
0.512885
0.524852
0.536232
0.546869
0.556556
0.565621
0.574767
0.584056
0.593084
0.602075
0.611705
0.622
0.632374
0.642447
0.652086
0.660992
0.668871
0.675701
0.681483
0.686142
0.689904
0.693322
0.696771
0.700246
0.70368
0.707228
0.711209
0.715531
0.719386
0.722332
0.724648
0.726085
0.726066
0.724326
0.721701
0.718215
0.714205
0.709483
0.704134
0.0466719
0.0408121
0.0356048
0.0308685
0.0266243
0.0229288
0.0197901
0.0170959
0.0146802
0.0124082
0.0102427
0.00826412
0.00664656
0.00560552
0.00534174
0.00599805
0.00763709
0.0102404
0.0137254
0.0179767
0.0228851
0.0283846
0.0344771
0.0412315
0.0487543
0.0571414
0.0664269
0.0765546
0.0873867
0.0987519
0.110514
0.122632
0.135182
0.148326
0.162249
0.177059
0.192713
0.209003
0.225598
0.242106
0.258142
0.273456
0.288011
0.30188
0.315167
0.328108
0.340986
0.353789
0.366297
0.378523
0.390513
0.401991
0.412922
0.423817
0.434867
0.445773
0.456617
0.467712
0.478947
0.49028
0.502024
0.514029
0.525669
0.536711
0.547205
0.557079
0.566601
0.576367
0.586369
0.596118
0.605778
0.616029
0.626858
0.637514
0.647535
0.656943
0.665642
0.673347
0.679967
0.685594
0.690294
0.694226
0.697795
0.701452
0.705342
0.709238
0.713063
0.717211
0.721691
0.725653
0.728676
0.730996
0.732369
0.732204
0.730459
0.727707
0.724118
0.719872
0.71509
0.709577
0.0477189
0.0418412
0.0367161
0.0321637
0.0281348
0.0245809
0.0214203
0.0185051
0.0157013
0.0129572
0.010334
0.00799217
0.00614798
0.00502136
0.00479055
0.00556222
0.00735843
0.01012
0.0137267
0.0180335
0.0229172
0.028321
0.0342797
0.0409125
0.0483784
0.0568094
0.0662452
0.0766015
0.0876865
0.0992689
0.111169
0.123339
0.135885
0.149023
0.162989
0.17792
0.193752
0.210197
0.22683
0.243199
0.258906
0.273729
0.287737
0.301176
0.314231
0.327084
0.340003
0.352994
0.365711
0.378065
0.39026
0.402175
0.41364
0.425025
0.436552
0.447859
0.458862
0.4699
0.481025
0.492235
0.50377
0.515436
0.526637
0.53731
0.547784
0.558081
0.568282
0.578781
0.58954
0.600084
0.610496
0.621332
0.632472
0.643132
0.65296
0.662179
0.670764
0.678335
0.684798
0.690441
0.695421
0.699654
0.70333
0.707063
0.711203
0.715404
0.719435
0.723743
0.72831
0.732276
0.735322
0.737664
0.739014
0.738729
0.737042
0.734175
0.730614
0.726292
0.721589
0.716013
0.0483516
0.0424913
0.0374829
0.0331043
0.0292058
0.0256427
0.0222893
0.0190241
0.0157942
0.0126471
0.00972251
0.00721733
0.00534268
0.00428654
0.00418683
0.00511308
0.00705608
0.00992878
0.0135849
0.0178582
0.022617
0.0278168
0.0335285
0.0399257
0.0472279
0.0556155
0.065151
0.0757398
0.087152
0.0991019
0.111359
0.12384
0.136643
0.149992
0.164125
0.179175
0.195056
0.211432
0.227829
0.243805
0.259033
0.273361
0.286939
0.300142
0.313207
0.326184
0.339223
0.35237
0.365267
0.377728
0.390082
0.402424
0.414511
0.426479
0.438498
0.450205
0.46143
0.472503
0.48355
0.494589
0.50585
0.51716
0.527977
0.538406
0.549031
0.559947
0.570985
0.582252
0.593675
0.604874
0.615916
0.627186
0.638413
0.648854
0.658405
0.667528
0.676176
0.683775
0.690229
0.696061
0.701491
0.706154
0.710031
0.713861
0.718132
0.722449
0.726612
0.731103
0.735749
0.739653
0.742617
0.744904
0.746216
0.745918
0.744284
0.741331
0.737668
0.733362
0.728712
0.723256
0.0486125
0.0427667
0.0378321
0.0335133
0.0295703
0.0258123
0.0221365
0.0185
0.0149459
0.0115937
0.00860766
0.00616334
0.00442484
0.0035315
0.00358659
0.0046413
0.00667637
0.0095931
0.0132273
0.017393
0.0219476
0.0268559
0.0322252
0.0382897
0.045341
0.0536252
0.0632462
0.0741141
0.0859667
0.0984581
0.111283
0.124291
0.137529
0.15119
0.165489
0.18054
0.196257
0.212312
0.228232
0.243635
0.258325
0.27225
0.285585
0.298754
0.312027
0.325298
0.338523
0.351792
0.36486
0.377502
0.390086
0.402898
0.415667
0.428279
0.440769
0.452787
0.464174
0.47529
0.486283
0.497131
0.508083
0.519083
0.529701
0.540135
0.551099
0.562699
0.574541
0.586475
0.598392
0.610027
0.621464
0.632965
0.644149
0.654342
0.663689
0.672847
0.681712
0.689531
0.696199
0.702399
0.708353
0.713498
0.717718
0.721798
0.726178
0.730439
0.734578
0.739162
0.743855
0.747716
0.750596
0.752777
0.753996
0.753786
0.752205
0.74932
0.745513
0.741301
0.736666
0.731359
0.0485061
0.0426342
0.0376723
0.0332481
0.0290767
0.0249897
0.0209628
0.0170481
0.0133563
0.0100208
0.00716902
0.00491352
0.0033598
0.00261385
0.00277414
0.00390361
0.00599323
0.00893917
0.0125541
0.0166204
0.0209714
0.0255734
0.0305688
0.0362589
0.0430205
0.0511813
0.0608993
0.0720959
0.0844731
0.0976115
0.111111
0.124726
0.138427
0.152365
0.166729
0.181621
0.196983
0.212539
0.227868
0.242657
0.256848
0.270514
0.283807
0.297101
0.310679
0.324328
0.337788
0.351168
0.364426
0.377373
0.390332
0.403663
0.417082
0.430272
0.443127
0.455308
0.466728
0.477841
0.488821
0.499559
0.510285
0.521107
0.531756
0.542469
0.553931
0.566166
0.57862
0.591023
0.603289
0.615225
0.626902
0.638508
0.649649
0.659754
0.669107
0.678421
0.687533
0.69562
0.702618
0.709245
0.71563
0.721138
0.725728
0.730191
0.734759
0.738954
0.743007
0.747583
0.752277
0.75614
0.758977
0.760988
0.762001
0.761892
0.76047
0.757925
0.754264
0.750236
0.745676
0.740336
0.0480083
0.0420576
0.0369609
0.0322885
0.0277709
0.0233192
0.0190079
0.0149592
0.0112952
0.00810466
0.00544121
0.00335132
0.00190785
0.00122357
0.00142925
0.00262154
0.00480432
0.00785541
0.0115429
0.0155956
0.0198085
0.0241434
0.0287822
0.0341035
0.040581
0.0486322
0.0584724
0.0700288
0.0829561
0.0967497
0.110907
0.125079
0.139164
0.153277
0.167601
0.18224
0.197164
0.21218
0.226945
0.241192
0.254972
0.268487
0.281866
0.295348
0.309205
0.32321
0.336937
0.350462
0.363955
0.377325
0.390793
0.404664
0.418609
0.432188
0.445234
0.457452
0.468842
0.479969
0.491052
0.501874
0.512593
0.523445
0.534335
0.545518
0.557549
0.570299
0.583123
0.595793
0.608337
0.620586
0.632503
0.644197
0.655357
0.665554
0.675095
0.684589
0.693805
0.702018
0.709298
0.716315
0.723027
0.728805
0.733804
0.738801
0.743756
0.748091
0.752133
0.756554
0.761014
0.764713
0.767424
0.76922
0.770024
0.770013
0.768919
0.766852
0.763685
0.759883
0.755479
0.749948
0.0470727
0.0410036
0.0356991
0.0307051
0.0258205
0.0210613
0.016581
0.0125202
0.00895796
0.00590654
0.00335001
0.00130243
-0.000149256
-0.000845226
-0.000601768
0.000708858
0.00308301
0.00635219
0.010215
0.014333
0.0184613
0.022567
0.0268859
0.031886
0.038141
0.046151
0.0561721
0.0681184
0.0815812
0.0959642
0.110672
0.125279
0.139628
0.153822
0.168061
0.182458
0.19699
0.211533
0.225831
0.239647
0.253077
0.266456
0.27993
0.293585
0.307638
0.321928
0.335958
0.349729
0.363549
0.377428
0.391476
0.405856
0.420158
0.433902
0.446982
0.459215
0.470664
0.481957
0.493333
0.504477
0.515442
0.526522
0.537762
0.549432
0.561956
0.575044
0.588024
0.600814
0.613619
0.626253
0.638475
0.650278
0.661476
0.671819
0.681587
0.6912
0.700379
0.708608
0.716161
0.72363
0.730772
0.736976
0.742537
0.748153
0.753565
0.758143
0.762172
0.766229
0.770145
0.773448
0.77597
0.777646
0.778433
0.778537
0.777814
0.776082
0.773431
0.769861
0.765589
0.759937
0.045607
0.0393932
0.0338506
0.0285412
0.0233613
0.0184181
0.013896
0.0098995
0.00643314
0.00343775
0.000863068
-0.00126159
-0.00279607
-0.00351664
-0.00319482
-0.00169753
0.000933645
0.00446157
0.00850934
0.0126826
0.0167206
0.020622
0.0246944
0.0294963
0.0356834
0.0438038
0.0541148
0.0664857
0.0804309
0.0952712
0.110353
0.12522
0.139703
0.153911
0.168076
0.182318
0.196582
0.21076
0.224687
0.23816
0.251273
0.264471
0.277996
0.291808
0.306025
0.320576
0.334981
0.349149
0.363417
0.377843
0.39244
0.407229
0.421722
0.435461
0.4485
0.460834
0.472562
0.484257
0.49611
0.507719
0.51906
0.530446
0.542
0.554003
0.566801
0.580024
0.593023
0.605877
0.618944
0.631989
0.644543
0.656469
0.667707
0.678184
0.688151
0.697868
0.707062
0.715436
0.723408
0.731455
0.739176
0.745977
0.752156
0.75824
0.763896
0.768602
0.772589
0.776275
0.779647
0.782568
0.784951
0.786625
0.787557
0.787783
0.787324
0.785749
0.783357
0.780041
0.77582
0.770218
0.0434422
0.0370581
0.0312838
0.0257397
0.0204146
0.015458
0.0110251
0.00714621
0.00375011
0.000736758
-0.00193444
-0.00418338
-0.0058041
-0.00652164
-0.00609197
-0.00440749
-0.00156598
0.00212996
0.00625326
0.0103936
0.0143159
0.0180787
0.0220646
0.0268981
0.0332667
0.0417047
0.0524152
0.0651929
0.0794796
0.0945476
0.109741
0.124645
0.139128
0.153315
0.167453
0.18166
0.195811
0.209745
0.223374
0.236575
0.249427
0.262442
0.276005
0.290028
0.304487
0.319353
0.334211
0.348894
0.363681
0.378609
0.393612
0.40864
0.423185
0.436849
0.449882
0.462469
0.474707
0.487014
0.499431
0.511486
0.523152
0.534786
0.54654
0.558682
0.571532
0.58474
0.597739
0.61072
0.624094
0.637529
0.650385
0.662466
0.673827
0.6845
0.694691
0.704578
0.713966
0.722716
0.731226
0.739804
0.748004
0.755328
0.761999
0.768331
0.774031
0.778805
0.78285
0.786402
0.789505
0.792208
0.794457
0.796053
0.797053
0.797391
0.797102
0.795739
0.793441
0.79038
0.786194
0.780652
0.0403631
0.0337867
0.0278302
0.0222005
0.016935
0.0121533
0.00793111
0.00421323
0.000876505
-0.00217943
-0.00495179
-0.00729858
-0.00896248
-0.00964859
-0.00912969
-0.00734187
-0.00443306
-0.000739944
0.00330896
0.00733941
0.0111802
0.0149603
0.0191131
0.0242727
0.031086
0.0400026
0.0511228
0.0641591
0.0785177
0.093488
0.108483
0.123197
0.137582
0.151768
0.16597
0.180275
0.194469
0.208286
0.221688
0.234691
0.247392
0.260315
0.273979
0.288312
0.303136
0.318388
0.33371
0.348898
0.364155
0.379456
0.39467
0.409757
0.42428
0.437933
0.451109
0.464129
0.477042
0.490057
0.50302
0.515404
0.527261
0.539054
0.550953
0.563164
0.575986
0.589157
0.602241
0.615487
0.629236
0.643017
0.656111
0.668388
0.680019
0.691038
0.701531
0.711648
0.721345
0.730583
0.739607
0.748523
0.756962
0.764626
0.771676
0.778219
0.784022
0.788965
0.793173
0.796734
0.799728
0.802269
0.804279
0.805607
0.806444
0.80686
0.806711
0.805697
0.803565
0.800662
0.796545
0.790886
0.0362216
0.0294627
0.0234284
0.017901
0.0128916
0.0084234
0.00447208
0.000918474
-0.00236986
-0.00545545
-0.00827666
-0.0106418
-0.0122744
-0.0128963
-0.0123221
-0.0105331
-0.00770325
-0.0041583
-0.000276037
0.00364833
0.00752629
0.0115426
0.0161331
0.0218712
0.0292913
0.0387065
0.050097
0.0631179
0.0772069
0.0917532
0.106303
0.120693
0.134979
0.149267
0.163665
0.178181
0.192531
0.206334
0.219571
0.232445
0.245133
0.258122
0.271991
0.286707
0.30196
0.317603
0.333303
0.34886
0.364449
0.379989
0.395297
0.410381
0.424939
0.43877
0.452333
0.465961
0.479613
0.493304
0.50672
0.519324
0.531296
0.543238
0.555333
0.567688
0.580542
0.593722
0.606949
0.62051
0.634616
0.648641
0.661877
0.674368
0.68641
0.697941
0.708848
0.71926
0.729314
0.73905
0.748521
0.757662
0.766239
0.774164
0.781548
0.788359
0.794416
0.799636
0.803991
0.807487
0.810312
0.812645
0.814368
0.81537
0.8159
0.816287
0.816216
0.81546
0.813597
0.810714
0.806621
0.800726
0.0310589
0.0241815
0.0182053
0.0129276
0.00825958
0.00410297
0.000360133
-0.00309897
-0.00636565
-0.00943866
-0.0122037
-0.0144515
-0.0159293
-0.0164124
-0.0157746
-0.0140354
-0.011364
-0.00803265
-0.00432686
-0.000437636
0.00362778
0.00807935
0.0133021
0.0197477
0.02779
0.0375897
0.0490272
0.0617495
0.0752964
0.0892287
0.103259
0.117351
0.131634
0.146161
0.160863
0.175626
0.190137
0.203961
0.21708
0.229888
0.242698
0.255925
0.270106
0.285216
0.300862
0.316819
0.332771
0.348551
0.364363
0.380116
0.395576
0.410782
0.425562
0.439814
0.45399
0.468331
0.482658
0.496867
0.510593
0.523357
0.535471
0.547631
0.559998
0.572564
0.585487
0.598651
0.611924
0.625651
0.639941
0.654067
0.667394
0.68017
0.692779
0.705006
0.716504
0.72736
0.737851
0.74806
0.757898
0.767232
0.775975
0.78415
0.79179
0.798826
0.805178
0.810721
0.815215
0.818598
0.82121
0.823335
0.824838
0.825615
0.825878
0.82609
0.825981
0.825197
0.823516
0.820628
0.816455
0.810419
0.0251117
0.0182083
0.0123815
0.00735946
0.00292574
-0.00109758
-0.0048109
-0.00828819
-0.011541
-0.0145037
-0.0170413
-0.0189758
-0.0201266
-0.0203556
-0.0196054
-0.0179198
-0.0154327
-0.0123262
-0.00876512
-0.00482624
-0.000449679
0.00456576
0.0105115
0.0176795
0.0262664
0.0362965
0.0475954
0.0598545
0.0727614
0.0860831
0.099694
0.113628
0.128024
0.142861
0.157877
0.172811
0.187384
0.20121
0.21428
0.227126
0.2402
0.25383
0.268413
0.283884
0.299815
0.315971
0.332083
0.348034
0.364081
0.380149
0.39596
0.411529
0.426743
0.44157
0.45643
0.471428
0.486247
0.500732
0.514593
0.527489
0.539832
0.552296
0.56494
0.577653
0.590552
0.603577
0.616715
0.630379
0.644662
0.658836
0.672377
0.685663
0.699063
0.712164
0.724419
0.735874
0.746862
0.757445
0.767476
0.776906
0.785821
0.794244
0.802069
0.809252
0.81587
0.821764
0.82648
0.829866
0.832347
0.834294
0.835605
0.8362
0.836291
0.836262
0.836029
0.835056
0.833333
0.830508
0.826251
0.82023
0.018654
0.0117764
0.00606336
0.00112042
-0.00334981
-0.00751134
-0.011385
-0.0149418
-0.0181104
-0.0207948
-0.0228927
-0.0243121
-0.0249846
-0.0248752
-0.023989
-0.0223686
-0.0200801
-0.0171871
-0.013719
-0.00964411
-0.00486006
0.000791715
0.00748032
0.0153255
0.0243555
0.0344938
0.0455637
0.0573424
0.0696739
0.0825206
0.0958912
0.109819
0.12438
0.139484
0.154726
0.169713
0.184244
0.198086
0.211256
0.224333
0.237837
0.251993
0.267018
0.282769
0.298833
0.315061
0.331296
0.347476
0.363877
0.380425
0.396789
0.41292
0.428688
0.444084
0.459507
0.474962
0.490037
0.50459
0.518463
0.531501
0.544172
0.557013
0.569888
0.582607
0.595341
0.608145
0.621097
0.634644
0.6489
0.663233
0.677245
0.691326
0.705681
0.719676
0.732662
0.744709
0.756147
0.766958
0.776996
0.786422
0.795524
0.804256
0.812323
0.819691
0.82657
0.832786
0.837754
0.841252
0.843696
0.845465
0.84651
0.846817
0.846731
0.846492
0.846105
0.845009
0.843083
0.840276
0.836006
0.829973
0.0117818
0.00488483
-0.00088465
-0.00602456
-0.0108148
-0.0153129
-0.0194143
-0.0229899
-0.025926
-0.0281534
-0.0296559
-0.0304619
-0.0306237
-0.0301955
-0.029214
-0.0276861
-0.0255831
-0.02284
-0.0193611
-0.0150347
-0.00975279
-0.00343247
0.00396018
0.0123867
0.021741
0.0318899
0.0427041
0.054075
0.0659818
0.0785326
0.0918319
0.105866
0.12059
0.135861
0.151225
0.166211
0.180704
0.194669
0.208163
0.221701
0.235765
0.250461
0.265848
0.28173
0.297761
0.313953
0.330321
0.346856
0.363786
0.380964
0.397994
0.414761
0.431089
0.446958
0.462756
0.478453
0.493629
0.508186
0.522088
0.535329
0.548404
0.561661
0.574737
0.587389
0.599929
0.61259
0.625528
0.639142
0.653526
0.668159
0.682781
0.697722
0.712934
0.727589
0.741064
0.753554
0.765375
0.776386
0.786454
0.795959
0.805353
0.814492
0.822909
0.830557
0.837692
0.844116
0.849218
0.852804
0.855267
0.856911
0.857684
0.857632
0.857275
0.856864
0.856284
0.855115
0.852979
0.849975
0.845625
0.839387
0.00431476
-0.00272565
-0.00875817
-0.014304
-0.0195373
-0.0243764
-0.0286092
-0.032059
-0.0346303
-0.0363275
-0.0372402
-0.0375066
-0.0372664
-0.0366177
-0.0355875
-0.0341213
-0.0320941
-0.0293367
-0.0256727
-0.0209598
-0.0151254
-0.00818157
-0.000217227
0.00861619
0.0181372
0.028205
0.0387716
0.0498548
0.0615314
0.0739784
0.0873496
0.101573
0.116461
0.131825
0.147259
0.16229
0.176859
0.191102
0.205108
0.219254
0.233888
0.248994
0.264545
0.280376
0.296264
0.312409
0.328997
0.346056
0.363695
0.381616
0.399336
0.416712
0.433557
0.449843
0.46593
0.481777
0.497023
0.511653
0.525698
0.539219
0.552695
0.566318
0.579566
0.5922
0.60468
0.617409
0.630585
0.644503
0.659157
0.674099
0.689198
0.704739
0.720463
0.73544
0.749181
0.762037
0.774292
0.785652
0.795975
0.805779
0.815563
0.825081
0.833799
0.841712
0.849072
0.855617
0.860756
0.864402
0.866969
0.868659
0.869339
0.869054
0.868392
0.867773
0.866938
0.865568
0.863266
0.859912
0.855278
0.848714
-0.00409677
-0.0113998
-0.0178044
-0.0237733
-0.0293549
-0.0343703
-0.0385672
-0.0417848
-0.0439856
-0.0452509
-0.0457453
-0.0456632
-0.045172
-0.0443651
-0.0432352
-0.0416735
-0.0394955
-0.0364865
-0.0324541
-0.027276
-0.0209357
-0.0135267
-0.00521659
0.00379934
0.0133359
0.023284
0.0336784
0.044648
0.0563223
0.0688645
0.0824243
0.0968925
0.111954
0.127378
0.142873
0.158029
0.172809
0.187441
0.202021
0.21677
0.231867
0.247192
0.262717
0.278402
0.294195
0.310444
0.327436
0.345186
0.363656
0.382362
0.400738
0.418657
0.435985
0.452718
0.469157
0.485203
0.500557
0.515318
0.529565
0.543365
0.557139
0.570981
0.584339
0.597068
0.609735
0.622785
0.636376
0.650687
0.665619
0.680767
0.696103
0.7119
0.727803
0.742915
0.75692
0.770254
0.783069
0.79491
0.805632
0.815825
0.825943
0.835647
0.844462
0.852531
0.860119
0.866859
0.872141
0.875948
0.878726
0.880607
0.881366
0.881036
0.880141
0.879234
0.878089
0.876335
0.87381
0.870178
0.865193
0.858383
-0.01376
-0.0213632
-0.0280931
-0.034327
-0.0400398
-0.0450368
-0.0490919
-0.0520948
-0.0540591
-0.0551015
-0.0553993
-0.055139
-0.0544653
-0.053444
-0.0520442
-0.0501435
-0.0475594
-0.0440969
-0.0396
-0.03399
-0.0272907
-0.0196288
-0.0111885
-0.00214542
0.00736412
0.017275
0.0276655
0.0387276
0.0506078
0.0633975
0.0771976
0.0918998
0.107123
0.122597
0.138151
0.15349
0.168573
0.183632
0.198743
0.213993
0.22943
0.244867
0.260328
0.275946
0.291847
0.308464
0.326064
0.344581
0.363847
0.383254
0.402203
0.420615
0.438433
0.455698
0.472621
0.488974
0.504471
0.51932
0.533689
0.547663
0.561609
0.575546
0.588987
0.601956
0.615083
0.628701
0.642796
0.657444
0.672555
0.687832
0.703315
0.719231
0.735202
0.75046
0.76486
0.778798
0.792185
0.80441
0.8154
0.825847
0.836146
0.845888
0.854714
0.862939
0.870849
0.877967
0.883602
0.887719
0.890739
0.892764
0.893547
0.893175
0.892121
0.890885
0.889391
0.887186
0.884271
0.88045
0.875252
0.868316
-0.0248026
-0.0326593
-0.0395728
-0.0458656
-0.0515185
-0.056387
-0.0603018
-0.063196
-0.0650971
-0.0661032
-0.0663504
-0.065976
-0.0650836
-0.0637191
-0.061859
-0.0594168
-0.0562631
-0.0522625
-0.0473118
-0.0413651
-0.0344473
-0.0266612
-0.0181594
-0.0090746
0.000512861
0.0105647
0.0211449
0.0324496
0.0446318
0.0577112
0.0717224
0.0865954
0.10196
0.117509
0.133155
0.148719
0.164151
0.179637
0.1952
0.210846
0.22656
0.242146
0.257682
0.273441
0.289692
0.306887
0.325184
0.344391
0.364252
0.384151
0.40357
0.422492
0.440891
0.458802
0.476316
0.493047
0.508691
0.523549
0.537906
0.551944
0.566025
0.580103
0.593753
0.607153
0.620961
0.635319
0.649963
0.664858
0.680038
0.695421
0.71112
0.727239
0.743319
0.75874
0.773524
0.787974
0.801728
0.814074
0.825098
0.835645
0.846092
0.855981
0.86502
0.8736
0.881958
0.889527
0.895574
0.900025
0.90323
0.905256
0.9059
0.905348
0.904146
0.902637
0.900785
0.898185
0.894767
0.890624
0.885261
0.878145
-0.0371952
-0.0452366
-0.0522046
-0.0584149
-0.06391
-0.0686225
-0.0724394
-0.0753154
-0.0772595
-0.0783204
-0.0785687
-0.0780802
-0.0769197
-0.0751276
-0.0727132
-0.0696532
-0.065894
-0.0613653
-0.0560031
-0.0497683
-0.0426552
-0.0347109
-0.0260435
-0.0167639
-0.00693174
0.00341684
0.0142968
0.0258717
0.0383229
0.0516537
0.0658427
0.0808651
0.0964113
0.112134
0.127954
0.143772
0.159543
0.175406
0.191341
0.207308
0.223299
0.239158
0.254998
0.271141
0.28791
0.305733
0.32465
0.344359
0.364569
0.384761
0.404592
0.42412
0.443258
0.461935
0.480075
0.497166
0.512935
0.527789
0.542124
0.556249
0.570569
0.584995
0.599111
0.613161
0.627761
0.642875
0.658037
0.673134
0.688331
0.703802
0.719756
0.736132
0.752316
0.767774
0.782692
0.797333
0.811167
0.823471
0.834507
0.845237
0.856003
0.866303
0.875854
0.884987
0.893806
0.901681
0.907946
0.912594
0.915928
0.917949
0.918473
0.917735
0.916393
0.914724
0.912569
0.909646
0.905799
0.901158
0.895446
0.88798
-0.0508532
-0.0590405
-0.065997
-0.0720589
-0.0773516
-0.0818908
-0.0856163
-0.0884966
-0.0905154
-0.0916653
-0.0919459
-0.0913677
-0.0899564
-0.0877519
-0.084803
-0.0811547
-0.0768286
-0.0718084
-0.0660468
-0.0594898
-0.0520928
-0.0438511
-0.034843
-0.0251984
-0.0150032
-0.00430204
0.00688329
0.0186854
0.0313457
0.0449224
0.0593534
0.0746162
0.0904525
0.106468
0.122528
0.138565
0.154566
0.170686
0.18691
0.203183
0.219517
0.23581
0.252186
0.268927
0.28631
0.304702
0.324071
0.344092
0.364505
0.38492
0.405191
0.425427
0.44542
0.464917
0.483643
0.501023
0.516916
0.531878
0.546387
0.560822
0.575599
0.59059
0.605384
0.620223
0.635608
0.651355
0.666935
0.682237
0.697507
0.713066
0.729186
0.745684
0.761818
0.777108
0.791876
0.806414
0.82018
0.832537
0.84386
0.855073
0.866377
0.877217
0.887329
0.896969
0.906089
0.914027
0.920262
0.924947
0.928409
0.930562
0.931174
0.930434
0.928997
0.927209
0.924804
0.921557
0.917414
0.912331
0.906138
0.898268
-0.0656853
-0.0740051
-0.0809182
-0.0867889
-0.0918346
-0.0961629
-0.0997737
-0.102655
-0.104769
-0.106047
-0.106412
-0.105802
-0.104199
-0.101647
-0.0982384
-0.0940836
-0.0892695
-0.0838157
-0.0776676
-0.0707375
-0.0629474
-0.0542663
-0.0447704
-0.0346407
-0.024026
-0.0129759
-0.00150192
0.0105231
0.0234113
0.0373182
0.0521456
0.0677962
0.0840062
0.100337
0.116593
0.132727
0.148796
0.165042
0.181525
0.198198
0.215048
0.231974
0.249083
0.266573
0.284624
0.30352
0.323204
0.343425
0.364016
0.384709
0.405495
0.426472
0.447292
0.467537
0.486779
0.504447
0.520594
0.535931
0.550962
0.566042
0.58151
0.597171
0.612654
0.628235
0.644305
0.660556
0.676476
0.692037
0.707519
0.723226
0.739383
0.75575
0.771606
0.78659
0.801124
0.815522
0.829296
0.841948
0.853885
0.865831
0.877733
0.888984
0.89941
0.909295
0.918524
0.926426
0.932599
0.937317
0.940934
0.943298
0.944111
0.943502
0.942001
0.939996
0.937278
0.933605
0.92911
0.92373
0.917167
0.908992
-0.0815703
-0.090003
-0.096839
-0.102483
-0.107254
-0.111361
-0.114864
-0.11777
-0.120008
-0.121441
-0.121907
-0.121279
-0.119513
-0.116673
-0.112908
-0.108388
-0.103237
-0.0974742
-0.0910056
-0.0836878
-0.0754172
-0.0661755
-0.0560742
-0.045367
-0.0342866
-0.0228824
-0.0111003
0.00121464
0.0144235
0.0287731
0.0441305
0.0602599
0.0768274
0.0933697
0.109688
0.125801
0.141867
0.158244
0.175088
0.192362
0.209971
0.227733
0.245693
0.263977
0.282702
0.302083
0.322059
0.342488
0.363315
0.384377
0.405733
0.427406
0.448918
0.469771
0.489491
0.507593
0.524315
0.540426
0.556344
0.572317
0.58857
0.604849
0.620862
0.636985
0.653581
0.670276
0.68657
0.702492
0.718307
0.734217
0.75032
0.766354
0.781766
0.796429
0.810852
0.825289
0.839254
0.852357
0.864997
0.877656
0.890026
0.901475
0.911979
0.921928
0.931221
0.939205
0.945513
0.950412
0.954206
0.956702
0.957594
0.957032
0.955453
0.953144
0.950002
0.945804
0.940753
0.934998
0.928169
0.919757
-0.0983546
-0.106877
-0.113625
-0.119059
-0.123605
-0.127549
-0.130997
-0.133952
-0.136295
-0.137819
-0.138302
-0.137587
-0.135647
-0.132598
-0.128646
-0.123989
-0.118731
-0.112834
-0.106125
-0.0983964
-0.0895416
-0.0796086
-0.0687935
-0.0574356
-0.0458523
-0.0340852
-0.0219661
-0.00927233
0.00436533
0.0192342
0.0351669
0.0517774
0.0686313
0.0852644
0.101551
0.117648
0.133834
0.150534
0.167951
0.186025
0.204554
0.223243
0.242064
0.261102
0.280483
0.3004
0.320791
0.34158
0.362772
0.384264
0.406164
0.428415
0.450467
0.471828
0.492063
0.510823
0.528491
0.545751
0.562797
0.579705
0.596624
0.613345
0.62973
0.646249
0.663265
0.680398
0.697169
0.713563
0.729748
0.745824
0.761802
0.777445
0.792408
0.806834
0.821302
0.835942
0.850192
0.863711
0.876884
0.890028
0.902694
0.914288
0.924912
0.935009
0.944471
0.952662
0.959231
0.964382
0.968307
0.970785
0.971562
0.970875
0.969188
0.966643
0.963108
0.958441
0.952816
0.946521
0.939343
0.930642
-0.115927
-0.124558
-0.131277
-0.136612
-0.141055
-0.14494
-0.14838
-0.15135
-0.153686
-0.155142
-0.155485
-0.154592
-0.152498
-0.149381
-0.145471
-0.140934
-0.135782
-0.129863
-0.122911
-0.114684
-0.105117
-0.0943863
-0.0828124
-0.0708071
-0.0587349
-0.0466144
-0.0341336
-0.0209655
-0.00677484
0.00868034
0.0251808
0.0422267
0.0593144
0.0760102
0.0923027
0.108524
0.125073
0.142374
0.160569
0.179522
0.198947
0.218493
0.238109
0.257885
0.277984
0.298587
0.319607
0.340974
0.362664
0.384593
0.406911
0.429545
0.451982
0.473814
0.494659
0.514278
0.533119
0.551693
0.569915
0.58768
0.605108
0.622152
0.638918
0.655935
0.673449
0.691062
0.708361
0.725269
0.741792
0.757938
0.77374
0.789061
0.803731
0.818058
0.832628
0.847452
0.861911
0.87571
0.889231
0.902694
0.91562
0.927502
0.938489
0.948942
0.958638
0.966941
0.973577
0.978775
0.982671
0.985021
0.985619
0.984748
0.982925
0.980245
0.976467
0.971508
0.965558
0.958844
0.951283
0.942266
-0.13429
-0.143109
-0.149932
-0.155323
-0.159807
-0.163722
-0.167161
-0.170067
-0.172254
-0.17348
-0.173563
-0.172461
-0.170289
-0.167262
-0.163582
-0.159319
-0.154344
-0.148377
-0.14109
-0.13226
-0.12192
-0.110398
-0.0981456
-0.0855905
-0.073067
-0.060554
-0.047619
-0.0338337
-0.018933
-0.0028091
0.0142296
0.0316271
0.0489006
0.0657109
0.0821674
0.0987405
0.115905
0.134027
0.153112
0.17291
0.193086
0.213336
0.233684
0.254264
0.275252
0.296752
0.31859
0.340649
0.362855
0.385146
0.407733
0.430578
0.453287
0.4756
0.497177
0.517811
0.537909
0.557764
0.577071
0.595647
0.61363
0.631134
0.648499
0.66627
0.684473
0.702608
0.72036
0.737692
0.754487
0.770661
0.78631
0.801441
0.816019
0.830378
0.845013
0.859861
0.87437
0.888373
0.902253
0.916117
0.92944
0.941772
0.953259
0.964101
0.973913
0.982058
0.988408
0.993334
0.997025
0.999231
0.999749
0.998806
0.996856
0.994028
0.990065
0.984901
0.978827
0.971989
0.964213
0.954952
-0.15352
-0.162621
-0.169676
-0.175263
-0.179911
-0.183941
-0.187409
-0.190223
-0.192192
-0.193119
-0.192904
-0.191608
-0.189419
-0.186559
-0.183157
-0.179153
-0.174282
-0.168164
-0.160463
-0.151022
-0.139981
-0.127797
-0.11501
-0.101997
-0.0889819
-0.0759033
-0.062303
-0.0477258
-0.0320044
-0.0151972
0.00229148
0.0199119
0.037309
0.0543259
0.0711905
0.0884153
0.106444
0.125518
0.145493
0.166035
0.186813
0.207649
0.228702
0.250168
0.272201
0.294743
0.317471
0.340199
0.362834
0.385409
0.408241
0.431334
0.454407
0.477307
0.499723
0.521457
0.542827
0.56389
0.584189
0.603587
0.622324
0.640611
0.658856
0.677518
0.69642
0.714982
0.733014
0.750604
0.767621
0.783903
0.79954
0.814637
0.829257
0.843711
0.858367
0.873124
0.887614
0.90188
0.916297
0.930777
0.94464
0.957415
0.969232
0.980199
0.989861
0.997641
1.00356
1.00813
1.01161
1.01375
1.01434
1.0135
1.01155
1.00858
1.00442
0.999035
0.992786
0.985862
0.977959
0.968466
-0.173636
-0.183065
-0.190425
-0.196323
-0.201282
-0.205578
-0.209197
-0.211991
-0.213766
-0.21439
-0.213873
-0.212378
-0.210162
-0.207439
-0.204249
-0.200406
-0.195529
-0.189187
-0.181073
-0.171116
-0.159526
-0.146814
-0.133555
-0.120059
-0.106406
-0.0925106
-0.0780084
-0.0625348
-0.0460364
-0.0286832
-0.0108995
0.00684626
0.0243869
0.0417864
0.0593696
0.0775848
0.0967131
0.116799
0.137573
0.158701
0.179953
0.20133
0.223109
0.245515
0.26863
0.292214
0.315803
0.339169
0.362236
0.385191
0.408459
0.432073
0.4558
0.479486
0.50279
0.525565
0.548104
0.570304
0.591598
0.611877
0.631491
0.650746
0.669986
0.689443
0.708784
0.727523
0.745684
0.763484
0.780797
0.797387
0.813253
0.828485
0.843219
0.85779
0.872496
0.887239
0.901831
0.916502
0.93158
0.946733
0.961072
0.974064
0.985853
0.99657
1.00584
1.01323
1.01887
1.02329
1.0267
1.02887
1.02956
1.02891
1.02713
1.02419
1.01995
1.01442
1.00791
1.00068
0.992464
0.9826
-0.194559
-0.204309
-0.212029
-0.218391
-0.22388
-0.22866
-0.232595
-0.23546
-0.23707
-0.237382
-0.236545
-0.234842
-0.232579
-0.229944
-0.226893
-0.223122
-0.218161
-0.211551
-0.203042
-0.192653
-0.180628
-0.167442
-0.153657
-0.139549
-0.125101
-0.110225
-0.0947074
-0.0783576
-0.0612403
-0.0435463
-0.0255922
-0.00768055
0.0102022
0.0282764
0.0468882
0.066342
0.086691
0.107763
0.129208
0.15078
0.172436
0.194381
0.216962
0.240357
0.264515
0.289032
0.313398
0.337431
0.361121
0.384772
0.408823
0.433256
0.457867
0.482447
0.506599
0.530258
0.553771
0.577004
0.599363
0.620664
0.641198
0.661343
0.681436
0.701475
0.721001
0.739755
0.758068
0.776245
0.79408
0.811217
0.827534
0.843061
0.857986
0.87273
0.887611
0.902558
0.917476
0.93265
0.948296
0.963875
0.978383
0.991303
1.00282
1.01314
1.02197
1.02906
1.0346
1.03906
1.04253
1.04473
1.04546
1.04492
1.04332
1.04055
1.03639
1.03083
1.02414
1.01651
1.00781
0.99747
-0.216261
-0.226346
-0.234532
-0.241556
-0.247788
-0.253205
-0.257518
-0.260452
-0.261872
-0.26187
-0.260753
-0.258913
-0.256669
-0.254134
-0.251161
-0.247357
-0.242206
-0.235251
-0.226303
-0.215484
-0.203067
-0.189428
-0.175042
-0.160193
-0.144857
-0.128975
-0.112475
-0.0953334
-0.077713
-0.0597724
-0.0416406
-0.0233976
-0.00488335
0.0141672
0.0340125
0.054767
0.0762845
0.0982505
0.120308
0.14234
0.164488
0.187115
0.21057
0.234943
0.260036
0.285334
0.310374
0.335109
0.359651
0.38436
0.409537
0.434975
0.46047
0.485846
0.510737
0.535198
0.559619
0.583842
0.607315
0.629773
0.651284
0.672174
0.692868
0.713314
0.73301
0.751904
0.77059
0.789395
0.807945
0.825739
0.84258
0.858493
0.873731
0.888789
0.904014
0.919345
0.934706
0.950329
0.966278
0.981901
0.996247
1.00895
1.02026
1.03035
1.03895
1.04584
1.05131
1.05577
1.05926
1.06147
1.06223
1.06174
1.06021
1.05751
1.05336
1.04774
1.04091
1.03302
1.02394
1.01323
-0.23896
-0.249461
-0.258255
-0.266073
-0.273095
-0.27909
-0.283666
-0.286575
-0.287806
-0.287598
-0.286378
-0.284586
-0.282483
-0.280059
-0.277043
-0.273011
-0.267486
-0.260072
-0.250631
-0.239357
-0.226555
-0.212487
-0.197477
-0.181797
-0.165503
-0.148629
-0.13123
-0.113379
-0.0952733
-0.0770205
-0.0585755
-0.0398118
-0.0204595
-0.000273361
0.0208597
0.0428576
0.0654368
0.0882415
0.110984
0.133669
0.156537
0.179992
0.204298
0.229469
0.255247
0.281138
0.306806
0.332323
0.357896
0.383885
0.410373
0.4369
0.463208
0.489222
0.514758
0.540057
0.565508
0.590816
0.615391
0.638946
0.661402
0.682982
0.704163
0.724983
0.745024
0.764369
0.783695
0.803251
0.822505
0.840868
0.858168
0.874517
0.890245
0.905835
0.921555
0.937301
0.953013
0.968895
0.984907
1.00036
1.01446
1.027
1.03831
1.04842
1.05697
1.06372
1.06901
1.07332
1.07673
1.07898
1.07991
1.0796
1.07812
1.07534
1.07102
1.06519
1.05816
1.05013
1.0409
1.02998
-0.263134
-0.274156
-0.283621
-0.292162
-0.299768
-0.306091
-0.310738
-0.313571
-0.314733
-0.31457
-0.313517
-0.311951
-0.310033
-0.307627
-0.304375
-0.299874
-0.293783
-0.285835
-0.275913
-0.264184
-0.250951
-0.236405
-0.220725
-0.204149
-0.186839
-0.168978
-0.15075
-0.132264
-0.113659
-0.0949591
-0.0759993
-0.0565349
-0.0362493
-0.0149326
0.00741424
0.0305697
0.0541731
0.0778713
0.101454
0.124994
0.148757
0.173095
0.198137
0.223848
0.250023
0.27635
0.302705
0.329199
0.356004
0.383357
0.411108
0.438668
0.465767
0.492421
0.518657
0.544882
0.571444
0.5979
0.623523
0.647966
0.671191
0.693474
0.715283
0.736656
0.75728
0.77733
0.797424
0.817666
0.837456
0.856251
0.873979
0.890872
0.907302
0.923638
0.939947
0.956038
0.971924
0.987898
1.00392
1.0193
1.03332
1.04588
1.05726
1.06739
1.07582
1.08235
1.08739
1.09148
1.0948
1.09712
1.09828
1.09825
1.09693
1.09412
1.08967
1.08369
1.07654
1.06841
1.05908
1.04794
-0.289283
-0.300863
-0.310904
-0.319901
-0.327753
-0.334135
-0.338749
-0.34158
-0.342879
-0.34302
-0.342336
-0.341051
-0.339215
-0.336652
-0.332999
-0.327893
-0.321133
-0.31261
-0.302218
-0.290002
-0.276196
-0.260987
-0.244523
-0.227039
-0.208766
-0.189992
-0.171
-0.1519
-0.132737
-0.113425
-0.0937305
-0.0733911
-0.0521273
-0.0297767
-0.00638373
0.0177978
0.0424082
0.0671065
0.0916982
0.116223
0.140912
0.166055
0.191718
0.217857
0.244362
0.271127
0.298281
0.325926
0.354101
0.382811
0.411646
0.440062
0.467952
0.495416
0.522609
0.549936
0.577584
0.605053
0.631604
0.656816
0.680719
0.703787
0.726486
0.748695
0.770079
0.790879
0.81165
0.832396
0.852569
0.871779
0.89006
0.907677
0.924963
0.942127
0.959033
0.975424
0.99144
1.00752
1.02369
1.03923
1.0534
1.06606
1.07741
1.08731
1.0954
1.10163
1.10649
1.11053
1.11385
1.11625
1.11753
1.11765
1.11647
1.11378
1.10946
1.10363
1.09658
1.08839
1.07886
1.06737
-0.317678
-0.329765
-0.340184
-0.349339
-0.35716
-0.363452
-0.368053
-0.371019
-0.372615
-0.373171
-0.372899
-0.371843
-0.369948
-0.367072
-0.362943
-0.357235
-0.349785
-0.34059
-0.329599
-0.316758
-0.302202
-0.286148
-0.26882
-0.250505
-0.231456
-0.211935
-0.192211
-0.172384
-0.152449
-0.13229
-0.111676
-0.090381
-0.0681856
-0.0449552
-0.0207107
0.00434716
0.0299203
0.0556896
0.081427
0.10704
0.132663
0.158524
0.184747
0.21137
0.238385
0.265789
0.293841
0.322621
0.352073
0.382033
0.411853
0.441069
0.469838
0.498363
0.526814
0.55545
0.584157
0.612406
0.639684
0.665651
0.690346
0.714347
0.738091
0.761247
0.783378
0.804777
0.826025
0.847134
0.867687
0.887453
0.906499
0.925004
0.943184
0.961118
0.978575
0.995335
1.01166
1.02807
1.04454
1.06032
1.07463
1.08729
1.09845
1.108
1.1157
1.12172
1.1266
1.13081
1.13432
1.13685
1.13821
1.13838
1.1373
1.13479
1.13073
1.12518
1.11829
1.11003
1.10017
1.08821
-0.348315
-0.360829
-0.371457
-0.380593
-0.388262
-0.394428
-0.399064
-0.40226
-0.404203
-0.405133
-0.405186
-0.404284
-0.402254
-0.398975
-0.394312
-0.388011
-0.379856
-0.369842
-0.358015
-0.344354
-0.328958
-0.312056
-0.293929
-0.274915
-0.255243
-0.235065
-0.214542
-0.193749
-0.172732
-0.151474
-0.129844
-0.107663
-0.084707
-0.0607754
-0.0357932
-0.00988817
0.0166682
0.043537
0.070443
0.0971687
0.12376
0.150363
0.177206
0.20445
0.232205
0.260507
0.289565
0.319398
0.349919
0.380961
0.411812
0.442023
0.471894
0.501684
0.5315
0.56141
0.591047
0.619882
0.647704
0.674408
0.700048
0.725107
0.749865
0.773837
0.796567
0.818444
0.840122
0.861681
0.882816
0.903367
0.923346
0.942808
0.961856
0.980504
0.998542
1.01585
1.03276
1.04972
1.06654
1.08238
1.09655
1.10901
1.11993
1.12926
1.13684
1.14288
1.14793
1.15237
1.15612
1.15889
1.16052
1.16095
1.16009
1.15777
1.15387
1.14841
1.14146
1.13298
1.12273
1.11028
-0.381028
-0.393925
-0.404683
-0.413747
-0.421267
-0.42733
-0.432023
-0.435477
-0.437766
-0.438976
-0.439184
-0.438303
-0.436082
-0.432341
-0.427042
-0.420068
-0.411179
-0.400282
-0.387471
-0.372858
-0.356617
-0.338991
-0.320227
-0.300607
-0.280302
-0.25936
-0.237858
-0.215877
-0.193566
-0.171077
-0.148415
-0.125436
-0.101844
-0.0772931
-0.0515635
-0.0247234
0.0028988
0.0308566
0.0588083
0.0865121
0.114051
0.141547
0.169279
0.197434
0.226154
0.255535
0.28566
0.316506
0.348016
0.380039
0.411981
0.443413
0.474538
0.505584
0.536589
0.567452
0.597734
0.62704
0.655385
0.682851
0.709519
0.735672
0.761331
0.785948
0.809225
0.831704
0.85407
0.8764
0.898404
0.919895
0.940818
0.961185
0.981089
1.00053
1.0193
1.03733
1.05497
1.07249
1.08952
1.1052
1.11904
1.13123
1.14206
1.15146
1.15924
1.16552
1.17077
1.17535
1.17925
1.1823
1.18436
1.18527
1.18479
1.18266
1.17877
1.17316
1.16594
1.1571
1.14645
1.13354
-0.415588
-0.428854
-0.439717
-0.448724
-0.456182
-0.462252
-0.467054
-0.470751
-0.473337
-0.474699
-0.474812
-0.473676
-0.471116
-0.466883
-0.460907
-0.453182
-0.443536
-0.431798
-0.418027
-0.402439
-0.385346
-0.36706
-0.347762
-0.327577
-0.306546
-0.284643
-0.261941
-0.238613
-0.214944
-0.191224
-0.167544
-0.143736
-0.119419
-0.094134
-0.0675711
-0.0397679
-0.01112
0.017826
0.0466671
0.075224
0.103708
0.132324
0.161325
0.190798
0.220718
0.251228
0.282352
0.314106
0.346605
0.379649
0.412701
0.445403
0.477745
0.509828
0.541707
0.573206
0.603938
0.633742
0.662754
0.691058
0.718725
0.745892
0.772353
0.797585
0.821558
0.84496
0.868387
0.891787
0.914802
0.9372
0.958928
0.980096
1.00089
1.02127
1.04095
1.05978
1.07803
1.09591
1.11297
1.12848
1.14216
1.15433
1.16533
1.17501
1.18313
1.18976
1.19529
1.20007
1.20417
1.20753
1.20998
1.21126
1.21099
1.20888
1.20488
1.19909
1.19166
1.18254
1.17154
1.15822
-0.451704
-0.465339
-0.476337
-0.485377
-0.492956
-0.499262
-0.504294
-0.508146
-0.510814
-0.512085
-0.511811
-0.510088
-0.506975
-0.502267
-0.495734
-0.487299
-0.476857
-0.464268
-0.449585
-0.433073
-0.415146
-0.396198
-0.376363
-0.355593
-0.333748
-0.310723
-0.286644
-0.261845
-0.236781
-0.211855
-0.187157
-0.162426
-0.137178
-0.110923
-0.0833932
-0.0546778
-0.025202
0.00453047
0.0341566
0.063626
0.0932024
0.123175
0.153677
0.184665
0.215876
0.247448
0.279471
0.312035
0.345509
0.37969
0.413907
0.447785
0.481179
0.514088
0.546628
0.57864
0.609835
0.640265
0.670086
0.699242
0.727764
0.755775
0.783003
0.80901
0.833979
0.858628
0.883344
0.907878
0.931828
0.954997
0.977433
0.999401
1.02117
1.0426
1.06322
1.08277
1.10146
1.11952
1.1366
1.15216
1.16605
1.17859
1.18997
1.19996
1.20835
1.2153
1.22124
1.22647
1.23104
1.23481
1.23754
1.23889
1.23851
1.23622
1.23208
1.22624
1.21877
1.20952
1.19825
1.18451
-0.489107
-0.503154
-0.51444
-0.523743
-0.531683
-0.538446
-0.543798
-0.547615
-0.549954
-0.550761
-0.54989
-0.547432
-0.543639
-0.538451
-0.531483
-0.522415
-0.511104
-0.497539
-0.481911
-0.46457
-0.445943
-0.42639
-0.405962
-0.384466
-0.361638
-0.337344
-0.311802
-0.285511
-0.259072
-0.232947
-0.207185
-0.181411
-0.155043
-0.127608
-0.0989696
-0.069354
-0.0392202
-0.00890327
0.0214128
0.0519011
0.082759
0.11425
0.146269
0.178645
0.211054
0.243602
0.27655
0.310068
0.344578
0.37993
0.41532
0.450205
0.484403
0.518007
0.551215
0.583857
0.615671
0.646821
0.677459
0.707412
0.736691
0.765484
0.793586
0.82066
0.846947
0.87302
0.899003
0.924524
0.949251
0.973132
0.996352
1.01926
1.04208
1.06452
1.08596
1.1061
1.12522
1.14358
1.16093
1.17684
1.19122
1.20428
1.21606
1.22631
1.23493
1.24222
1.24865
1.25446
1.25956
1.26374
1.26667
1.268
1.26747
1.26504
1.26088
1.2551
1.24765
1.23828
1.22671
1.21252
-0.527734
-0.542314
-0.554168
-0.564073
-0.572555
-0.579775
-0.585368
-0.588951
-0.59059
-0.590584
-0.589029
-0.585936
-0.581478
-0.575685
-0.568156
-0.558394
-0.546164
-0.531565
-0.514996
-0.49694
-0.477771
-0.457684
-0.436558
-0.414087
-0.39001
-0.364301
-0.337326
-0.309709
-0.282067
-0.254788
-0.227834
-0.200779
-0.173066
-0.144316
-0.114536
-0.0840575
-0.0533381
-0.0225101
0.0084722
0.0400301
0.0722667
0.105299
0.138781
0.172342
0.205852
0.239421
0.273417
0.308155
0.343843
0.380231
0.416584
0.452279
0.487127
0.521419
0.555461
0.589007
0.621695
0.653638
0.684993
0.715671
0.74577
0.775501
0.80469
0.833057
0.86078
0.888199
0.91524
0.941556
0.966992
0.991661
1.01583
1.03982
1.06368
1.08697
1.10906
1.1298
1.14959
1.16864
1.18662
1.20309
1.21796
1.23143
1.24354
1.25414
1.26321
1.27106
1.27803
1.28427
1.28967
1.29405
1.29712
1.29856
1.29813
1.29582
1.29178
1.28606
1.27854
1.26895
1.25702
1.24232
-0.567842
-0.58309
-0.595755
-0.606532
-0.615617
-0.623072
-0.628655
-0.631925
-0.632819
-0.631868
-0.629554
-0.62591
-0.620836
-0.614247
-0.605837
-0.595168
-0.582015
-0.566519
-0.549162
-0.530482
-0.510776
-0.490055
-0.46804
-0.444373
-0.418891
-0.391749
-0.363476
-0.334751
-0.306097
-0.277705
-0.249401
-0.220782
-0.191479
-0.16134
-0.130503
-0.0992785
-0.0679778
-0.0365239
-0.00467307
0.0280777
0.0617647
0.0962383
0.131068
0.165691
0.200252
0.235038
0.270275
0.306344
0.343275
0.38056
0.417586
0.453917
0.489496
0.524715
0.55982
0.594435
0.628116
0.660869
0.692856
0.724226
0.755277
0.786166
0.816596
0.846261
0.875267
0.903792
0.931709
0.958809
0.98509
1.01072
1.03595
1.06101
1.08583
1.10988
1.13265
1.15419
1.17495
1.19499
1.2138
1.23083
1.24607
1.25983
1.27229
1.28341
1.29322
1.30186
1.30946
1.31604
1.32159
1.32609
1.32937
1.33108
1.33091
1.3288
1.32485
1.31911
1.31144
1.30156
1.28921
1.27393
-0.609814
-0.625794
-0.639276
-0.650947
-0.660652
-0.668176
-0.673492
-0.676435
-0.676822
-0.675061
-0.671884
-0.667546
-0.661789
-0.654295
-0.644782
-0.633006
-0.618906
-0.602663
-0.584698
-0.565448
-0.545084
-0.523494
-0.500354
-0.475366
-0.44851
-0.420089
-0.390701
-0.360986
-0.331334
-0.301767
-0.272008
-0.241717
-0.210749
-0.179209
-0.147343
-0.115363
-0.0833154
-0.0509628
-0.0179033
0.0161915
0.0513531
0.0871249
0.123117
0.15879
0.194413
0.230583
0.267342
0.304772
0.342804
0.3809
0.418528
0.455451
0.491879
0.528274
0.564599
0.600238
0.634774
0.668263
0.70092
0.733116
0.765307
0.797501
0.829188
0.860012
0.890087
0.919575
0.948416
0.976525
1.00392
1.03067
1.05693
1.08295
1.10866
1.13359
1.15731
1.17994
1.20184
1.22285
1.24235
1.25985
1.27548
1.28965
1.30262
1.31441
1.32499
1.33436
1.34254
1.34954
1.35546
1.36036
1.36406
1.36609
1.36607
1.36396
1.35994
1.35407
1.34621
1.33602
1.32319
1.30725
-0.653805
-0.67054
-0.684661
-0.696987
-0.707305
-0.714997
-0.719963
-0.722477
-0.722532
-0.720253
-0.716255
-0.711012
-0.704375
-0.6959
-0.685243
-0.672287
-0.657172
-0.640183
-0.62166
-0.601851
-0.580738
-0.558104
-0.533657
-0.507256
-0.479073
-0.449532
-0.419192
-0.388545
-0.357819
-0.32695
-0.295677
-0.263766
-0.231231
-0.198331
-0.165338
-0.132374
-0.0992345
-0.0656586
-0.0311442
0.004331
0.0408397
0.0778365
0.114906
0.151796
0.188709
0.226288
0.26464
0.303443
0.342354
0.381069
0.419343
0.457033
0.494441
0.532031
0.569508
0.606045
0.641319
0.675568
0.709128
0.742462
0.775986
0.809498
0.842333
0.874179
0.905252
0.935782
0.96577
0.995142
1.0238
1.05166
1.07887
1.10578
1.13243
1.15843
1.18338
1.20728
1.23026
1.25203
1.27202
1.29
1.30626
1.32121
1.33499
1.34752
1.35875
1.36868
1.37737
1.38492
1.39149
1.39705
1.40123
1.40347
1.40339
1.4011
1.3969
1.39085
1.38274
1.37216
1.35875
1.34208
-0.699616
-0.717219
-0.731888
-0.744532
-0.755273
-0.763296
-0.768062
-0.770041
-0.769717
-0.767166
-0.76262
-0.756469
-0.748731
-0.739077
-0.727203
-0.713074
-0.696957
-0.679208
-0.660083
-0.639641
-0.617676
-0.593883
-0.568043
-0.540188
-0.510687
-0.480074
-0.448843
-0.417288
-0.385445
-0.353198
-0.320388
-0.286931
-0.252947
-0.218725
-0.184479
-0.150254
-0.115704
-0.0806259
-0.0445534
-0.0076569
0.0300613
0.0683304
0.106617
0.144912
0.183433
0.22243
0.262037
0.301962
0.341666
0.380946
0.419886
0.458513
0.497065
0.535797
0.574232
0.61156
0.647625
0.682834
0.717615
0.75238
0.787319
0.822027
0.855872
0.888734
0.920955
0.952769
0.984126
1.01484
1.04468
1.07352
1.10165
1.12956
1.15733
1.18455
1.21074
1.2358
1.2597
1.28212
1.30269
1.32138
1.33855
1.3545
1.36922
1.38257
1.39453
1.40516
1.41455
1.42282
1.43005
1.43613
1.44057
1.44281
1.44257
1.44008
1.43569
1.4294
1.42092
1.40981
1.39578
1.37839
-0.746964
-0.765608
-0.780961
-0.793718
-0.80442
-0.812633
-0.817459
-0.819079
-0.818333
-0.815566
-0.810705
-0.803778
-0.794816
-0.783737
-0.770498
-0.755223
-0.738225
-0.719795
-0.700024
-0.678777
-0.65574
-0.630633
-0.603373
-0.574147
-0.543421
-0.511739
-0.479523
-0.44693
-0.413884
-0.38026
-0.346002
-0.311148
-0.275835
-0.240286
-0.204626
-0.168853
-0.132676
-0.0959004
-0.0582919
-0.019903
0.019062
0.0586791
0.0984664
0.138264
0.178405
0.218861
0.259467
0.300093
0.340499
0.380572
0.420355
0.459936
0.499557
0.539272
0.578522
0.616686
0.653783
0.690244
0.726485
0.762801
0.799132
0.83496
0.869847
0.903924
0.937571
0.970894
1.00369
1.03563
1.06647
1.09622
1.12539
1.15452
1.18359
1.21198
1.2392
1.26517
1.28991
1.31318
1.3347
1.35447
1.37271
1.38961
1.40515
1.41935
1.43229
1.44399
1.45438
1.46342
1.47114
1.47744
1.48188
1.48399
1.4836
1.48094
1.47631
1.46965
1.46068
1.44904
1.43447
1.41645
-0.795872
-0.815505
-0.831666
-0.844593
-0.854846
-0.862789
-0.867779
-0.869479
-0.868505
-0.865415
-0.860133
-0.852427
-0.84225
-0.82973
-0.81513
-0.798771
-0.780965
-0.761854
-0.741322
-0.719076
-0.694777
-0.668256
-0.639603
-0.609123
-0.577263
-0.544471
-0.51108
-0.477226
-0.442862
-0.407918
-0.372397
-0.336343
-0.299803
-0.262849
-0.22557
-0.187963
-0.150029
-0.1115
-0.0724612
-0.0326684
0.0077172
0.0487686
0.0902602
0.131735
0.173288
0.215015
0.256654
0.297953
0.338988
0.379932
0.420694
0.461217
0.501745
0.542275
0.582329
0.621558
0.660057
0.698078
0.735893
0.773717
0.811378
0.84839
0.884542
0.920109
0.955354
0.990178
1.02426
1.05727
1.08903
1.11978
1.15017
1.18067
1.211
1.24042
1.26851
1.29536
1.32112
1.34561
1.36848
1.38958
1.40898
1.42679
1.44316
1.45834
1.47245
1.48534
1.4967
1.50637
1.5144
1.52081
1.52526
1.5273
1.52675
1.52384
1.51883
1.51172
1.5023
1.49027
1.4753
1.45674
-0.846727
-0.866922
-0.883655
-0.896932
-0.906809
-0.914133
-0.919056
-0.921054
-0.920103
-0.916604
-0.910627
-0.901999
-0.890699
-0.876971
-0.861235
-0.843897
-0.825224
-0.805241
-0.783721
-0.760322
-0.734738
-0.706876
-0.676915
-0.645203
-0.612142
-0.578088
-0.543338
-0.508091
-0.472403
-0.436251
-0.399605
-0.36241
-0.324597
-0.286117
-0.247112
-0.207623
-0.167951
-0.127793
-0.0873046
-0.0462099
-0.00424428
0.0384393
0.0815935
0.124783
0.167701
0.210447
0.253062
0.295319
0.337276
0.379155
0.420812
0.46218
0.503561
0.544981
0.586072
0.626658
0.666789
0.70647
0.745824
0.785054
0.824036
0.862409
0.900093
0.937301
0.974079
1.01019
1.04537
1.07941
1.11224
1.14422
1.17595
1.20774
1.23916
1.26952
1.2986
1.32666
1.35381
1.37975
1.40406
1.4265
1.44711
1.46606
1.48362
1.50007
1.51543
1.52933
1.54135
1.55141
1.55974
1.56639
1.57099
1.57301
1.57225
1.56898
1.56359
1.55613
1.54643
1.53414
1.5188
1.49965
-0.899905
-0.92021
-0.936965
-0.950536
-0.96046
-0.967249
-0.971704
-0.973688
-0.972741
-0.968857
-0.96213
-0.95256
-0.940259
-0.925549
-0.90888
-0.890637
-0.871008
-0.849948
-0.827219
-0.802539
-0.775685
-0.746596
-0.715424
-0.682463
-0.648067
-0.612571
-0.576319
-0.53963
-0.502665
-0.465398
-0.427673
-0.389281
-0.350062
-0.309976
-0.269252
-0.22809
-0.186774
-0.14516
-0.103059
-0.0604557
-0.0168788
0.0275745
0.0722862
0.116866
0.161099
0.205011
0.248718
0.292144
0.335319
0.378282
0.420814
0.462975
0.505239
0.547735
0.590164
0.632315
0.674062
0.71527
0.756057
0.796686
0.837108
0.877048
0.916408
0.955211
0.993324
1.03055
1.06681
1.10203
1.1362
1.1696
1.20269
1.23562
1.26802
1.29944
1.32991
1.35961
1.38843
1.41587
1.44149
1.46518
1.48709
1.50744
1.52651
1.54441
1.56095
1.57568
1.58824
1.59875
1.60752
1.61455
1.61932
1.62126
1.62027
1.61677
1.61119
1.60357
1.59369
1.5811
1.5653
1.54542
-0.955291
-0.975817
-0.992224
-1.00561
-1.01568
-1.02225
-1.02606
-1.02755
-1.02633
-1.02208
-1.01474
-1.0044
-0.991253
-0.975691
-0.95816
-0.938995
-0.918313
-0.896035
-0.871955
-0.845896
-0.817747
-0.787469
-0.755127
-0.720898
-0.685077
-0.64803
-0.610205
-0.572055
-0.533822
-0.495435
-0.456575
-0.416881
-0.376135
-0.334427
-0.292023
-0.249411
-0.206526
-0.16344
-0.119664
-0.0751792
-0.0299152
0.0161268
0.0623104
0.108098
0.153494
0.198742
0.243885
0.28875
0.333238
0.377227
0.420596
0.463677
0.507057
0.550881
0.594835
0.638546
0.681707
0.724232
0.766414
0.808572
0.850612
0.892213
0.933171
0.973363
1.01265
1.05104
1.08859
1.12524
1.16089
1.1957
1.23009
1.26419
1.29776
1.3306
1.36279
1.39432
1.42483
1.45375
1.48076
1.50589
1.52931
1.55119
1.57169
1.59086
1.60846
1.62406
1.63742
1.64868
1.65808
1.66549
1.67037
1.67226
1.67123
1.66775
1.66219
1.65447
1.64431
1.63131
1.61493
1.59422
-1.01221
-1.03369
-1.04997
-1.06262
-1.07237
-1.07882
-1.08217
-1.08303
-1.08129
-1.07656
-1.06867
-1.05771
-1.04391
-1.02765
-1.00929
-0.9891
-0.967164
-0.943464
-0.91791
-0.890445
-0.861026
-0.829579
-0.796035
-0.760445
-0.723089
-0.68444
-0.645077
-0.60553
-0.566027
-0.526388
-0.486157
-0.444923
-0.402499
-0.359189
-0.315254
-0.271318
-0.227035
-0.182238
-0.136709
-0.0902559
-0.0431243
0.00430719
0.0516439
0.0986087
0.145325
0.192045
0.238695
0.285041
0.330861
0.375882
0.420171
0.464384
0.50914
0.554464
0.599947
0.645068
0.689448
0.733201
0.776853
0.820687
0.864423
0.907609
0.949972
0.9914
1.03192
1.07173
1.11088
1.14911
1.18618
1.2223
1.25799
1.2935
1.32866
1.36328
1.39728
1.43048
1.46248
1.49288
1.52156
1.54851
1.57371
1.59713
1.61891
1.6392
1.65789
1.67462
1.68908
1.70129
1.71137
1.71916
1.72424
1.72634
1.72557
1.72231
1.71676
1.70881
1.69827
1.68479
1.66778
1.64616
-1.06997
-1.09309
-1.10985
-1.12178
-1.13073
-1.13691
-1.14003
-1.1404
-1.13807
-1.13274
-1.12427
-1.11276
-1.09845
-1.08157
-1.06235
-1.04095
-1.01751
-0.992164
-0.965035
-0.936169
-0.905505
-0.872855
-0.838005
-0.800928
-0.761961
-0.721721
-0.680899
-0.640005
-0.599143
-0.558001
-0.516073
-0.473028
-0.42885
-0.383949
-0.338735
-0.293468
-0.247918
-0.201333
-0.153794
-0.105527
-0.0567151
-0.00789376
0.0404856
0.0884958
0.136635
0.185059
0.233302
0.280976
0.327916
0.373971
0.419444
0.465126
0.511477
0.558301
0.605125
0.651444
0.696999
0.742127
0.787434
0.833021
0.878391
0.923021
0.966693
1.00943
1.05144
1.09296
1.13386
1.17363
1.21203
1.24946
1.28664
1.32386
1.36091
1.39742
1.43314
1.46783
1.50125
1.53326
1.56382
1.59275
1.61972
1.64463
1.66775
1.68942
1.70955
1.72767
1.74334
1.7565
1.76727
1.77562
1.78123
1.78383
1.78347
1.78038
1.77472
1.76646
1.75552
1.74156
1.72386
1.70123
-1.12854
-1.15323
-1.17096
-1.18284
-1.19117
-1.19697
-1.19987
-1.19982
-1.19689
-1.19096
-1.18195
-1.16996
-1.1551
-1.13747
-1.11716
-1.09431
-1.06918
-1.0421
-1.01337
-0.983075
-0.951065
-0.91704
-0.880714
-0.842071
-0.801525
-0.759791
-0.717569
-0.675263
-0.632829
-0.589881
-0.546005
-0.501015
-0.455166
-0.408698
-0.362283
-0.315646
-0.268613
-0.220425
-0.170939
-0.120863
-0.0707147
-0.0207393
0.0288501
0.0781497
0.127698
0.177629
0.227339
0.276298
0.324349
0.371554
0.418447
0.465777
0.513742
0.561968
0.60999
0.657459
0.704354
0.751135
0.79825
0.845531
0.892381
0.938384
0.98347
1.02778
1.07154
1.11486
1.15738
1.19854
1.23828
1.27727
1.31624
1.35535
1.39423
1.43247
1.46981
1.50612
1.54127
1.57519
1.60772
1.63846
1.66703
1.69347
1.71825
1.74172
1.76362
1.78324
1.80011
1.81426
1.82596
1.83518
1.84157
1.84475
1.84472
1.84171
1.83594
1.82744
1.81613
1.80163
1.78313
1.75937
-1.18858
-1.2142
-1.23293
-1.2455
-1.25387
-1.25942
-1.26205
-1.26155
-1.25805
-1.25157
-1.24207
-1.22954
-1.21396
-1.19527
-1.17354
-1.14901
-1.12208
-1.09325
-1.06291
-1.03111
-0.997584
-0.96196
-0.92397
-0.883687
-0.841618
-0.79849
-0.754907
-0.711097
-0.666878
-0.62187
-0.575879
-0.528922
-0.481462
-0.43357
-0.385735
-0.337723
-0.288924
-0.239054
-0.188104
-0.136521
-0.0850361
-0.0340026
0.0167111
0.0674618
0.118564
0.169843
0.22072
0.270803
0.320029
0.368635
0.417203
0.466242
0.515713
0.565237
0.614468
0.663241
0.711725
0.76035
0.809278
0.858122
0.90638
0.953863
1.00062
1.04675
1.09235
1.13733
1.18125
1.22373
1.26502
1.30588
1.34685
1.3878
1.42829
1.46807
1.50708
1.54527
1.58251
1.61857
1.65309
1.6856
1.71587
1.74414
1.77094
1.79643
1.8201
1.84121
1.8594
1.87486
1.88782
1.8981
1.90524
1.9089
1.90917
1.90633
1.90057
1.89187
1.88013
1.865
1.84565
1.82076
-1.25079
-1.27685
-1.29632
-1.30993
-1.31886
-1.32443
-1.32687
-1.32602
-1.32201
-1.31496
-1.30483
-1.29154
-1.27491
-1.25485
-1.23145
-1.20507
-1.17628
-1.14569
-1.11368
-1.08024
-1.04501
-1.00759
-0.967786
-0.925827
-0.882278
-0.837794
-0.792793
-0.747313
-0.701109
-0.653912
-0.605753
-0.556959
-0.507838
-0.458654
-0.409186
-0.359572
-0.309114
-0.257509
-0.205239
-0.152662
-0.10004
-0.0476862
0.00437931
0.0565396
0.108987
0.161386
0.213329
0.264629
0.315266
0.365508
0.415829
0.466456
0.517276
0.568097
0.618737
0.669101
0.719373
0.769843
0.820442
0.870764
0.920535
0.96973
1.01834
1.06631
1.11361
1.16006
1.20533
1.24929
1.29239
1.33529
1.37821
1.42087
1.46297
1.50447
1.54544
1.58573
1.62509
1.66322
1.69975
1.73429
1.76669
1.79721
1.82622
1.85368
1.87905
1.90175
1.92159
1.93869
1.95305
1.96434
1.97214
1.97632
1.97706
1.97456
1.96887
1.9599
1.94768
1.93195
1.91185
1.88586
-1.31538
-1.34196
-1.36207
-1.37671
-1.38645
-1.3923
-1.39469
-1.39358
-1.3891
-1.3814
-1.37043
-1.35604
-1.33801
-1.31625
-1.29095
-1.26263
-1.23199
-1.19965
-1.16592
-1.13067
-1.09349
-1.05406
-1.01234
-0.968704
-0.923691
-0.877784
-0.831175
-0.783782
-0.735403
-0.686017
-0.635789
-0.58536
-0.534653
-0.484004
-0.433014
-0.381574
-0.329488
-0.276524
-0.222989
-0.169297
-0.115568
-0.0619255
-0.00841894
0.0452054
0.0989471
0.152427
0.205483
0.258142
0.310387
0.362386
0.414403
0.46649
0.518631
0.570884
0.623166
0.675314
0.727389
0.779533
0.83164
0.88348
0.934975
0.986054
1.03648
1.08608
1.13483
1.18269
1.22951
1.27527
1.32036
1.3652
1.40987
1.45424
1.49826
1.54201
1.58533
1.62785
1.66927
1.70942
1.74812
1.78504
1.81993
1.85287
1.88406
1.91347
1.94072
1.96535
1.98713
2.00595
2.02163
2.03387
2.04245
2.04741
2.04884
2.04676
2.04109
2.03187
2.01931
2.00315
1.98236
1.95524
-1.38233
-1.41001
-1.43095
-1.44658
-1.45724
-1.46352
-1.4659
-1.46451
-1.4595
-1.45102
-1.439
-1.4232
-1.40342
-1.37965
-1.35227
-1.32198
-1.28955
-1.25549
-1.21994
-1.18268
-1.14334
-1.10173
-1.05801
-1.0126
-0.965996
-0.918479
-0.870052
-0.820579
-0.769962
-0.718414
-0.666309
-0.614239
-0.562212
-0.509866
-0.457294
-0.404244
-0.350507
-0.296244
-0.241652
-0.186805
-0.131686
-0.0765117
-0.0215093
0.0334418
0.0883589
0.143056
0.197537
0.251826
0.305811
0.359514
0.413065
0.466544
0.520137
0.574022
0.628053
0.681943
0.735652
0.789287
0.842862
0.896359
0.949724
1.00264
1.05466
1.10563
1.15576
1.2052
1.25386
1.30164
1.34876
1.39545
1.44187
1.48817
1.53453
1.58086
1.62668
1.67149
1.7151
1.75759
1.79883
1.83836
1.87576
1.91102
1.9444
1.97598
2.00546
2.0323
2.05608
2.07657
2.09358
2.10697
2.11667
2.12265
2.12486
2.12322
2.11771
2.10849
2.0958
2.07928
2.0577
2.02924
-1.45198
-1.48148
-1.50364
-1.52023
-1.53173
-1.53843
-1.54076
-1.53904
-1.53343
-1.52402
-1.51068
-1.49314
-1.47129
-1.44534
-1.41584
-1.38362
-1.34939
-1.31353
-1.27601
-1.23654
-1.19486
-1.15097
-1.10515
-1.05784
-1.00942
-0.959994
-0.909504
-0.857849
-0.805098
-0.751452
-0.697635
-0.643777
-0.590236
-0.536316
-0.481984
-0.427411
-0.372458
-0.317028
-0.261134
-0.204828
-0.148189
-0.0914952
-0.0350073
0.0212812
0.0774617
0.13363
0.189846
0.245943
0.301661
0.356936
0.411903
0.466841
0.5221
0.577752
0.633448
0.688848
0.743973
0.799026
0.854162
0.909427
0.964592
1.01909
1.07244
1.12475
1.17647
1.22776
1.27842
1.32824
1.37735
1.42603
1.4746
1.52334
1.57234
1.62126
1.66946
1.71657
1.76268
1.80792
1.85198
1.89414
1.93395
1.97155
2.00737
2.04148
2.07341
2.1025
2.12826
2.15052
2.16918
2.18412
2.1952
2.20232
2.20541
2.20445
2.19944
2.19048
2.17773
2.16071
2.13814
2.10811
-1.5251
-1.557
-1.5807
-1.59816
-1.61026
-1.61721
-1.61944
-1.61735
-1.61105
-1.60053
-1.58558
-1.56601
-1.54188
-1.51365
-1.48205
-1.44792
-1.41185
-1.37404
-1.33432
-1.29244
-1.24828
-1.202
-1.154
-1.10463
-1.05408
-1.0024
-0.949608
-0.895725
-0.840972
-0.785394
-0.729695
-0.674096
-0.61855
-0.563029
-0.507345
-0.451326
-0.395053
-0.338475
-0.281289
-0.223357
-0.165022
-0.106788
-0.0488577
0.00882676
0.0664896
0.124409
0.182539
0.240453
0.297799
0.354547
0.410954
0.467506
0.524569
0.581949
0.639102
0.69579
0.752239
0.808783
0.865603
0.922608
0.979323
1.0351
1.08972
1.14361
1.19725
1.2506
1.30324
1.35501
1.40616
1.45715
1.50835
1.55993
1.61172
1.66318
1.71377
1.76338
1.81227
1.86041
1.90721
1.95189
1.99421
2.03449
2.07312
2.10994
2.14434
2.17567
2.20363
2.22808
2.24881
2.26555
2.27815
2.28661
2.29096
2.29108
2.28682
2.27816
2.26524
2.24759
2.22386
2.19208
-1.60246
-1.63702
-1.66241
-1.68062
-1.69305
-1.7001
-1.70214
-1.69957
-1.69242
-1.68057
-1.66379
-1.64201
-1.6155
-1.58495
-1.55121
-1.51508
-1.477
-1.437
-1.39489
-1.35046
-1.30374
-1.25499
-1.20459
-1.15282
-1.09981
-1.0456
-0.990355
-0.934296
-0.87751
-0.820231
-0.762476
-0.705033
-0.647588
-0.59018
-0.533048
-0.475925
-0.418461
-0.360474
-0.301723
-0.242115
-0.182167
-0.122467
-0.063087
-0.00382843
0.0556158
0.115478
0.175487
0.235062
0.293908
0.352137
0.410147
0.468474
0.527313
0.58622
0.644646
0.702587
0.760467
0.818639
0.87716
0.935742
0.993779
1.05078
1.10688
1.16267
1.21845
1.27387
1.32849
1.38231
1.43579
1.4894
1.54341
1.59781
1.6523
1.70635
1.7596
1.81206
1.86384
1.91473
1.96409
2.01136
2.05652
2.09987
2.1415
2.18104
2.21793
2.25181
2.28244
2.3095
2.33255
2.35127
2.36569
2.37595
2.38197
2.38341
2.37991
2.37149
2.35836
2.34005
2.31504
2.28129
-1.68455
-1.72175
-1.74882
-1.76771
-1.78033
-1.78736
-1.78908
-1.78585
-1.77763
-1.7642
-1.7454
-1.72128
-1.69235
-1.65945
-1.6235
-1.58518
-1.54479
-1.50231
-1.45757
-1.41048
-1.36112
-1.30974
-1.25669
-1.20219
-1.14639
-1.08944
-1.03162
-0.973461
-0.914753
-0.855684
-0.796117
-0.736411
-0.676963
-0.617985
-0.559456
-0.501073
-0.442295
-0.382759
-0.322317
-0.261086
-0.199669
-0.13856
-0.0776694
-0.0166525
0.0447823
0.106612
0.168331
0.229388
0.289683
0.349499
0.409293
0.46946
0.529921
0.590148
0.649823
0.7092
0.768721
0.828587
0.888696
0.948674
1.00801
1.06648
1.12443
1.18234
1.2402
1.29759
1.35428
1.41053
1.46676
1.52321
1.57995
1.63695
1.69402
1.7508
1.80695
1.86236
1.91695
1.97046
2.02246
2.07266
2.12103
2.1676
2.21221
2.25453
2.29427
2.33119
2.36491
2.39481
2.42037
2.44143
2.45818
2.47067
2.47856
2.48129
2.47855
2.47045
2.45722
2.43819
2.41171
2.3757
-1.77166
-1.81141
-1.84011
-1.85968
-1.87237
-1.87922
-1.88047
-1.87639
-1.86686
-1.85162
-1.83059
-1.80402
-1.77259
-1.73726
-1.6989
-1.6581
-1.61509
-1.56981
-1.52218
-1.47225
-1.42013
-1.366
-1.31008
-1.25258
-1.19373
-1.13388
-1.07355
-1.01315
-0.952676
-0.891436
-0.829897
-0.768232
-0.706874
-0.646277
-0.586366
-0.526651
-0.466415
-0.405214
-0.343061
-0.280336
-0.21758
-0.155042
-0.0925152
-0.0296196
0.0338069
0.0974381
0.160664
0.223134
0.284954
0.346485
0.408134
0.470064
0.531988
0.593501
0.654615
0.715701
0.777011
0.838528
0.900099
0.961461
1.02232
1.08266
1.14276
1.20281
1.26262
1.32194
1.38092
1.43991
1.49907
1.55832
1.61768
1.67727
1.73708
1.79675
1.85579
1.91397
1.97124
2.02751
2.08254
2.13602
2.18774
2.23751
2.28519
2.33064
2.37373
2.41409
2.45109
2.48402
2.51248
2.53642
2.55592
2.57078
2.58051
2.5846
2.58283
2.57524
2.56192
2.54205
2.51389
2.47536
-1.86406
-1.90629
-1.93659
-1.95687
-1.9696
-1.97612
-1.97669
-1.97148
-1.96034
-1.94303
-1.91959
-1.89046
-1.85643
-1.81846
-1.77739
-1.73373
-1.68767
-1.63927
-1.58857
-1.53569
-1.48069
-1.42358
-1.36452
-1.30383
-1.24193
-1.1792
-1.11638
-1.05352
-0.990816
-0.927648
-0.86396
-0.800217
-0.737184
-0.675154
-0.613802
-0.552505
-0.490625
-0.427772
-0.364048
-0.29996
-0.235881
-0.171801
-0.107494
-0.0427006
0.0225325
0.0876993
0.152299
0.216244
0.279727
0.343036
0.406447
0.469967
0.533295
0.59627
0.659116
0.722085
0.785158
0.848231
0.911284
0.974249
1.03698
1.09946
1.16177
1.22389
1.28568
1.34721
1.40879
1.47061
1.5325
1.59431
1.65625
1.71868
1.78149
1.84409
1.9059
1.96676
2.02686
2.08625
2.14462
2.20151
2.25657
2.30967
2.3608
2.40987
2.45664
2.50059
2.54106
2.57745
2.60933
2.63651
2.65887
2.67613
2.68787
2.69362
2.69306
2.68606
2.67258
2.65178
2.62184
2.58064
-1.96209
-2.00678
-2.03867
-2.05975
-2.07257
-2.07865
-2.07831
-2.07163
-2.0585
-2.0388
-2.01272
-1.98085
-1.94404
-1.90319
-1.859
-1.81198
-1.76247
-1.71066
-1.65672
-1.60072
-1.5426
-1.48228
-1.41994
-1.35603
-1.2911
-1.22558
-1.16009
-1.09503
-1.02971
-0.964141
-0.89836
-0.832753
-0.768047
-0.704493
-0.641572
-0.578507
-0.514844
-0.450382
-0.385252
-0.31987
-0.254379
-0.188624
-0.122465
-0.0558663
0.0109206
0.0774153
0.143379
0.208909
0.274127
0.339155
0.40415
0.469115
0.533921
0.598623
0.663399
0.728214
0.792894
0.85749
0.922229
0.987137
1.05199
1.11662
1.18099
1.24512
1.30911
1.37324
1.4377
1.5023
1.56671
1.63102
1.69573
1.76118
1.82703
1.89248
1.95705
2.02087
2.08423
2.14705
2.20884
2.26913
2.32769
2.38452
2.43954
2.49252
2.5431
2.59086
2.63525
2.67557
2.71118
2.74171
2.76703
2.78698
2.80111
2.8088
2.80957
2.80321
2.78963
2.76793
2.73615
2.6921
-2.06611
-2.11345
-2.14706
-2.16906
-2.18199
-2.18751
-2.18596
-2.17742
-2.1619
-2.13945
-2.11046
-2.0756
-2.03568
-1.9915
-1.94371
-1.89293
-1.83963
-1.78415
-1.72666
-1.66722
-1.60571
-1.54198
-1.47622
-1.4091
-1.34118
-1.27318
-1.20509
-1.13729
-1.06943
-1.00134
-0.93327
-0.86581
-0.799412
-0.73414
-0.669405
-0.60444
-0.538955
-0.472927
-0.406459
-0.339718
-0.272667
-0.205176
-0.137243
-0.069039
-0.000906764
0.0668646
0.134282
0.20144
0.2683
0.334868
0.401287
0.467673
0.53411
0.600699
0.667366
0.733819
0.799975
0.866205
0.932905
0.99999
1.06703
1.13372
1.20007
1.2663
1.33274
1.39965
1.46693
1.53419
1.6012
1.66831
1.7361
1.80466
1.87343
1.9417
2.00933
2.07658
2.14354
2.20988
2.27511
2.33898
2.40147
2.46245
2.5216
2.57859
2.63325
2.68529
2.73406
2.77857
2.81802
2.8521
2.88082
2.90395
2.92081
2.93063
2.93289
2.92736
2.91386
2.89126
2.85751
2.8103
-2.1767
-2.22709
-2.26266
-2.28571
-2.29874
-2.30348
-2.30033
-2.28948
-2.27114
-2.24559
-2.21336
-2.17511
-2.13161
-2.08359
-2.03174
-1.97675
-1.91926
-1.85975
-1.79845
-1.73529
-1.67001
-1.6025
-1.53318
-1.46296
-1.39235
-1.3215
-1.25093
-1.18031
-1.10966
-1.039
-0.968681
-0.899288
-0.831026
-0.763758
-0.696944
-0.630007
-0.562738
-0.495158
-0.427269
-0.358989
-0.290243
-0.221059
-0.151563
-0.0820055
-0.012647
0.0564669
0.125417
0.19411
0.262369
0.33025
0.398007
0.465887
0.534049
0.602451
0.670745
0.738606
0.806253
0.87432
0.943126
1.01234
1.08142
1.15013
1.21866
1.28731
1.3564
1.42601
1.49591
1.56579
1.63565
1.70594
1.777
1.84866
1.92037
1.99178
2.06294
2.13396
2.2046
2.27446
2.34333
2.41123
2.47806
2.5434
2.60679
2.6681
2.72734
2.78414
2.83753
2.88637
2.92997
2.9682
3.00093
3.02764
3.0475
3.05972
3.06384
3.05946
3.04615
3.02264
2.98672
2.93598
-2.29471
-2.34866
-2.38646
-2.41066
-2.42373
-2.4274
-2.42223
-2.40859
-2.38696
-2.35785
-2.32189
-2.27976
-2.23214
-2.17974
-2.12326
-2.06356
-2.00149
-1.93765
-1.87216
-1.80483
-1.73541
-1.66393
-1.59103
-1.51743
-1.444
-1.37056
-1.29708
-1.22353
-1.15009
-1.07687
-1.0043
-0.932796
-0.862431
-0.7929
-0.723809
-0.65486
-0.585847
-0.516675
-0.447192
-0.377197
-0.306723
-0.235986
-0.165177
-0.09447
-0.0239197
0.0465917
0.117016
0.187015
0.256402
0.325429
0.394512
0.463935
0.53375
0.603683
0.67328
0.742455
0.81176
0.881834
0.95269
1.02379
1.09471
1.1655
1.23644
1.30775
1.37955
1.4518
1.52434
1.59705
1.67006
1.74366
1.81795
1.89271
1.96766
2.0427
2.11776
2.19261
2.26691
2.34047
2.41341
2.48576
2.55712
2.62693
2.69489
2.76107
2.8254
2.88722
2.94541
2.999
3.04749
3.09058
3.12782
3.15851
3.1818
3.19698
3.20339
3.20043
3.18745
3.163
3.12474
3.07019
-2.42125
-2.47928
-2.51961
-2.54497
-2.55785
-2.56011
-2.55246
-2.53556
-2.51011
-2.47688
-2.4366
-2.38994
-2.3375
-2.28001
-2.21837
-2.15359
-2.08659
-2.01788
-1.94765
-1.87576
-1.80198
-1.72625
-1.64949
-1.57271
-1.49604
-1.41969
-1.34321
-1.26665
-1.19032
-1.11455
-1.03964
-0.9658
-0.893063
-0.821096
-0.749666
-0.67868
-0.607891
-0.53701
-0.465759
-0.393999
-0.321931
-0.249864
-0.177949
-0.106192
-0.0344455
0.0373939
0.109044
0.180048
0.250379
0.320502
0.390904
0.461784
0.532998
0.604121
0.674832
0.745393
0.81652
0.888604
0.961333
1.03418
1.10701
1.18004
1.25349
1.32738
1.40175
1.47666
1.55209
1.62796
1.70428
1.78113
1.85859
1.93665
2.01524
2.0942
2.1732
2.25184
2.32993
2.4076
2.485
2.56196
2.63798
2.71259
2.7857
2.85728
2.927
2.9941
3.05763
3.1168
3.17096
3.21952
3.2618
3.29707
3.32451
3.34324
3.3524
3.3512
3.33878
3.31344
3.27271
3.21396
-2.55754
-2.6203
-2.66341
-2.68982
-2.70222
-2.7026
-2.69193
-2.67114
-2.64127
-2.60328
-2.55798
-2.50596
-2.44787
-2.38461
-2.31726
-2.24686
-2.17434
-2.10027
-2.02481
-1.94785
-1.86921
-1.78926
-1.70858
-1.62816
-1.54821
-1.4685
-1.38878
-1.30916
-1.22993
-1.15156
-1.07416
-0.997771
-0.922447
-0.847988
-0.774281
-0.701255
-0.628584
-0.555828
-0.482705
-0.409284
-0.33588
-0.262737
-0.189865
-0.117083
-0.0441741
0.0287783
0.101302
0.173053
0.244266
0.315504
0.387158
0.459269
0.531568
0.603673
0.67553
0.747639
0.820595
0.894463
0.968843
1.04348
1.11849
1.19402
1.26997
1.34626
1.4231
1.50077
1.57929
1.65842
1.73798
1.81802
1.89878
1.98043
2.06286
2.1457
2.22852
2.31103
2.39326
2.47536
2.55738
2.63908
2.72006
2.80004
2.87881
2.95613
3.0316
3.1046
3.17436
3.23994
3.30043
3.3551
3.40321
3.44393
3.47628
3.49921
3.51174
3.5128
3.50127
3.47522
3.43187
3.36833
-2.70517
-2.77329
-2.81934
-2.84662
-2.85812
-2.85603
-2.84163
-2.81625
-2.78122
-2.73763
-2.68632
-2.62802
-2.56348
-2.49369
-2.41985
-2.34322
-2.26467
-2.18456
-2.1031
-2.02058
-1.93694
-1.85234
-1.7677
-1.68341
-1.5998
-1.51643
-1.43334
-1.35061
-1.26855
-1.18748
-1.10741
-1.02834
-0.950336
-0.873435
-0.797565
-0.722509
-0.647843
-0.573093
-0.498132
-0.423256
-0.348781
-0.274763
-0.201023
-0.127255
-0.0533262
0.0204379
0.0935385
0.165921
0.238039
0.310373
0.38311
0.456181
0.529355
0.60246
0.675679
0.749491
0.824177
0.899586
0.975519
1.05209
1.12948
1.2075
1.28583
1.36448
1.44392
1.52452
1.60613
1.68832
1.77092
1.85419
1.93847
2.02383
2.10998
2.19653
2.28318
2.3698
2.45641
2.54306
2.62979
2.71653
2.80301
2.88884
2.97361
3.05706
3.13896
3.21879
3.2956
3.36826
3.43582
3.4975
3.55242
3.5995
3.63761
3.66564
3.68234
3.68633
3.67622
3.64967
3.60348
3.53463
-2.86616
-2.94018
-2.98929
-3.0171
-3.02703
-3.02167
-3.00274
-2.97191
-2.93072
-2.88042
-2.82202
-2.75638
-2.68434
-2.60711
-2.52616
-2.44264
-2.35725
-2.27036
-2.18244
-2.09377
-2.00468
-1.9154
-1.82631
-1.73798
-1.65036
-1.5632
-1.47661
-1.39075
-1.30587
-1.222
-1.13915
-1.05735
-0.976753
-0.897529
-0.819575
-0.742485
-0.665761
-0.58904
-0.512431
-0.436344
-0.360973
-0.286167
-0.211596
-0.136944
-0.0622446
0.0120477
0.0856066
0.158668
0.231723
0.305036
0.378634
0.452472
0.526498
0.60076
0.675517
0.751042
0.827334
0.90426
0.98194
1.06066
1.14039
1.22066
1.30118
1.38226
1.4645
1.54805
1.63252
1.71751
1.80311
1.8897
1.97751
2.06639
2.15603
2.24623
2.33687
2.42777
2.5188
2.61007
2.70179
2.79405
2.88645
2.97841
3.06957
3.15988
3.24912
3.33657
3.42108
3.50157
3.57716
3.64691
3.70964
3.76412
3.80913
3.84337
3.86528
3.87311
3.86507
3.83827
3.78915
3.71456
-3.04283
-3.1234
-3.17559
-3.20337
-3.21084
-3.20121
-3.1766
-3.13906
-3.09044
-3.03218
-2.96538
-2.89108
-2.81049
-2.72501
-2.63604
-2.54478
-2.45196
-2.35774
-2.26267
-2.1675
-2.07254
-1.97815
-1.88439
-1.79164
-1.69974
-1.60872
-1.51856
-1.42956
-1.34177
-1.25501
-1.16934
-1.08492
-1.00192
-0.920524
-0.840518
-0.761367
-0.682591
-0.604064
-0.526087
-0.449003
-0.372807
-0.297202
-0.221814
-0.146425
-0.0712137
0.00345033
0.0775337
0.151403
0.225369
0.299487
0.373791
0.448404
0.523451
0.599057
0.675369
0.752433
0.830192
0.90875
0.988447
1.06944
1.15137
1.23368
1.31635
1.39995
1.48494
1.57118
1.6582
1.74589
1.83455
1.92447
2.01557
2.10765
2.20066
2.29463
2.38936
2.48453
2.58
2.67612
2.77328
2.87141
2.96995
3.06839
3.16664
3.26466
3.36199
3.45763
3.55054
3.63983
3.7245
3.80336
3.87506
3.93825
3.99156
4.03339
4.06184
4.07464
4.06944
4.0429
3.99094
3.90992
-3.23811
-3.32588
-3.381
-3.40798
-3.41187
-3.39654
-3.36465
-3.31881
-3.26114
-3.19324
-3.11648
-3.03227
-2.94199
-2.84711
-2.74922
-2.64951
-2.54841
-2.44627
-2.34378
-2.24169
-2.14063
-2.04059
-1.94184
-1.84428
-1.74797
-1.65299
-1.5593
-1.46712
-1.37629
-1.28659
-1.19816
-1.11126
-1.02611
-0.942689
-0.860653
-0.779443
-0.69872
-0.618622
-0.539515
-0.461541
-0.384512
-0.308073
-0.231898
-0.155912
-0.0803227
-0.00525065
0.0695242
0.144276
0.219037
0.293797
0.368781
0.444328
0.520631
0.597714
0.675521
0.75398
0.833175
0.913469
0.995227
1.07834
1.16223
1.24653
1.33147
1.41761
1.50508
1.5936
1.68297
1.77338
1.86512
1.95812
2.05218
2.14732
2.24378
2.3416
2.44038
2.53975
2.63986
2.74125
2.84417
2.94833
3.05326
3.15879
3.26492
3.37131
3.4772
3.58166
3.68388
3.78298
3.87778
3.96693
4.04901
4.1225
4.18575
4.23691
4.2735
4.2926
4.2914
4.26596
4.21121
4.12305
-3.45565
-3.55115
-3.6089
-3.634
-3.63259
-3.60959
-3.56846
-3.51223
-3.44338
-3.36389
-3.2755
-3.17979
-3.07843
-2.97313
-2.8653
-2.75609
-2.64601
-2.53548
-2.42522
-2.31611
-2.20857
-2.10265
-1.99848
-1.8959
-1.79511
-1.69611
-1.59893
-1.50349
-1.40953
-1.31693
-1.22586
-1.13667
-1.04952
-0.964167
-0.880144
-0.796969
-0.714514
-0.63309
-0.55297
-0.474087
-0.396163
-0.318871
-0.241971
-0.165464
-0.0894388
-0.0137458
0.0618945
0.137505
0.212926
0.288277
0.364044
0.440679
0.518305
0.596798
0.675986
0.755831
0.836579
0.918668
1.0023
1.08718
1.17282
1.25912
1.34638
1.43485
1.52442
1.61496
1.70666
1.79981
1.89441
1.99017
2.08701
2.18528
2.28531
2.38691
2.48964
2.59337
2.69849
2.80542
2.9142
3.02457
3.13641
3.24973
3.36428
3.47941
3.59438
3.70847
3.82093
3.93081
4.03691
4.13781
4.23192
4.31754
4.39277
4.45524
4.50184
4.52911
4.53362
4.51025
4.45289
4.35719
-3.69967
-3.80346
-3.86326
-3.8848
-3.8758
-3.84262
-3.7895
-3.72015
-3.63763
-3.54431
-3.4422
-3.33334
-3.21957
-3.10243
-2.98349
-2.86397
-2.74423
-2.62482
-2.50648
-2.3902
-2.27599
-2.16401
-2.05413
-1.94649
-1.84113
-1.73811
-1.63741
-1.53863
-1.44153
-1.34612
-1.2526
-1.16129
-1.07222
-0.984962
-0.89902
-0.814062
-0.73016
-0.647608
-0.566487
-0.486607
-0.407718
-0.329575
-0.252007
-0.174961
-0.0983016
-0.0217372
0.0548456
0.131217
0.207246
0.28332
0.36008
0.4379
0.516746
0.596424
0.676819
0.758025
0.840355
0.924127
1.00936
1.09574
1.18305
1.27132
1.36068
1.45108
1.54243
1.63495
1.72902
1.82478
1.92193
2.02023
2.11991
2.22145
2.325
2.43027
2.53704
2.64543
2.75581
2.86837
2.98311
3.10009
3.21943
3.34096
3.4642
3.58848
3.7132
3.83772
3.96131
4.08308
4.20188
4.31617
4.42422
4.52414
4.61364
4.68976
4.74889
4.78686
4.79909
4.77919
4.72
4.61624
-3.97539
-4.08787
-4.14855
-4.16423
-4.14463
-4.09779
-4.02916
-3.94343
-3.84418
-3.73429
-3.61634
-3.49254
-3.3647
-3.23448
-3.10341
-2.97247
-2.84249
-2.71375
-2.5872
-2.46334
-2.34236
-2.22408
-2.10846
-1.99575
-1.88587
-1.77888
-1.67455
-1.57239
-1.4722
-1.37411
-1.27835
-1.18507
-1.0941
-1.00497
-0.917222
-0.830719
-0.745622
-0.66205
-0.57989
-0.498948
-0.419062
-0.340071
-0.261818
-0.184092
-0.106553
-0.0289663
0.0484957
0.125504
0.202175
0.279154
0.357059
0.436054
0.515981
0.596688
0.678187
0.760652
0.84435
0.929464
1.01597
1.10374
1.1927
1.28278
1.37386
1.46581
1.5588
1.65331
1.74967
1.84775
1.94724
2.04812
2.15077
2.25556
2.3625
2.47146
2.58249
2.69578
2.81146
2.92968
3.05069
3.17475
3.30189
3.4318
3.56399
3.69793
3.83305
3.96878
4.10451
4.23951
4.37258
4.50211
4.62626
4.7429
4.84928
4.94206
5.017
5.06869
5.09141
5.07745
5.0175
4.90512
-4.28934
-4.41044
-4.47019
-4.4767
-4.44224
-4.37729
-4.28888
-4.18269
-4.06314
-3.93374
-3.79737
-3.65655
-3.51315
-3.36846
-3.22398
-3.08095
-2.93997
-2.80161
-2.66649
-2.53487
-2.40688
-2.28217
-2.16088
-2.04313
-1.92886
-1.81795
-1.70997
-1.60447
-1.50132
-1.40072
-1.30286
-1.20769
-1.11487
-1.02396
-0.934609
-0.846823
-0.760696
-0.676121
-0.592897
-0.510904
-0.430059
-0.35023
-0.271196
-0.192569
-0.11395
-0.0353228
0.0429152
0.120547
0.197993
0.275991
0.354978
0.434952
0.515786
0.597455
0.680022
0.763594
0.848332
0.934412
1.02196
1.11101
1.20146
1.29302
1.38544
1.47874
1.57336
1.6698
1.7682
1.86836
1.97015
2.0737
2.17932
2.28722
2.3975
2.51031
2.62577
2.74392
2.86488
2.98896
3.11657
3.24792
3.38292
3.52133
3.66281
3.80689
3.95302
4.10082
4.24991
4.39959
4.54865
4.6955
4.83814
4.97416
5.1007
5.2139
5.30843
5.37788
5.41535
5.41054
5.35138
5.23054
-4.64969
-4.77883
-4.83472
-4.82718
-4.77223
-4.68348
-4.56983
-4.43841
-4.29453
-4.14213
-3.98457
-3.82451
-3.66347
-3.50296
-3.34407
-3.1881
-3.03559
-2.88727
-2.74329
-2.60381
-2.46858
-2.3375
-2.21061
-2.08793
-1.96943
-1.85466
-1.7431
-1.63443
-1.52854
-1.42561
-1.32575
-1.22873
-1.13415
-1.04162
-0.950953
-0.862134
-0.775065
-0.689477
-0.605205
-0.522229
-0.440501
-0.359844
-0.279912
-0.200221
-0.120489
-0.0409478
0.0379865
0.116368
0.194799
0.27387
0.353772
0.434482
0.516053
0.59858
0.682066
0.766485
0.851961
0.938792
1.02727
1.11745
1.20907
1.30172
1.39522
1.48981
1.58599
1.68414
1.78432
1.88648
1.99061
2.0968
2.20521
2.3161
2.42979
2.54652
2.66632
2.78923
2.91554
3.04569
3.18
3.31857
3.4614
3.60849
3.75956
3.91417
4.07198
4.23287
4.39659
4.56248
4.72943
4.89578
5.05947
5.21819
5.3688
5.50665
5.6257
5.71863
5.77627
5.78501
5.72974
5.60102
-5.06727
-5.20279
-5.25001
-5.22166
-5.13867
-5.01869
-4.87323
-4.71092
-4.53794
-4.35879
-4.17692
-3.99494
-3.81449
-3.63643
-3.46218
-3.29252
-3.12816
-2.96941
-2.81641
-2.66889
-2.52645
-2.38912
-2.25678
-2.1294
-2.00678
-1.88826
-1.77333
-1.66172
-1.55338
-1.44836
-1.34661
-1.24781
-1.15159
-1.0577
-0.965999
-0.876344
-0.788397
-0.701842
-0.616609
-0.532743
-0.450181
-0.36866
-0.287719
-0.206912
-0.126196
-0.0459394
0.0336453
0.112901
0.192411
0.272481
0.353139
0.43448
0.516727
0.599974
0.684099
0.769038
0.855031
0.942533
1.03186
1.12293
1.21535
1.3088
1.40326
1.49906
1.5966
1.6962
1.79802
1.90215
2.00852
2.11713
2.22814
2.34198
2.45907
2.57955
2.70348
2.8311
2.96285
3.09906
3.23987
3.38547
3.53615
3.69201
3.85283
4.01838
4.18862
4.36362
4.54325
4.72696
4.91367
5.10183
5.28965
5.47483
5.65377
5.82156
5.97175
6.09522
6.18018
6.20951
6.16279
6.02757
-5.55675
-5.69502
-5.7262
-5.6672
-5.54583
-5.38535
-5.20005
-5.00025
-4.79292
-4.58271
-4.37323
-4.16673
-3.96456
-3.76761
-3.57682
-3.3929
-3.21625
-3.04682
-2.88459
-2.7289
-2.57941
-2.436
-2.29849
-2.16669
-2.04011
-1.91809
-1.80009
-1.68587
-1.57536
-1.46847
-1.36498
-1.26456
-1.16695
-1.07198
-0.979492
-0.889118
-0.80037
-0.712981
-0.626949
-0.542314
-0.458961
-0.376538
-0.294547
-0.212706
-0.13119
-0.0503185
0.0299835
0.110189
0.190676
0.271514
0.352763
0.434705
0.517601
0.601404
0.685903
0.771146
0.857569
0.945687
1.03568
1.12733
1.22028
1.31438
1.40971
1.50653
1.60519
1.70605
1.80944
1.9154
2.02375
2.13449
2.24796
2.36467
2.48492
2.60884
2.73671
2.869
3.00607
3.148
3.29497
3.44744
3.60587
3.77043
3.9411
4.118
4.30134
4.49136
4.68811
4.89112
5.09949
5.31212
5.52747
5.74307
5.95549
6.15998
6.34905
6.51197
6.63478
6.69447
6.66339
6.52529
-6.13829
-6.27266
-6.27601
-6.17208
-5.99856
-5.78564
-5.55088
-5.30599
-5.0583
-4.81251
-4.57171
-4.33795
-4.11204
-3.89468
-3.68638
-3.48766
-3.29833
-3.11817
-2.94653
-2.78278
-2.62645
-2.47722
-2.33489
-2.19895
-2.06873
-1.94357
-1.8229
-1.70646
-1.59409
-1.48554
-1.3805
-1.27873
-1.18004
-1.0843
-0.991217
-0.900201
-0.81075
-0.722682
-0.636008
-0.55071
-0.466606
-0.383298
-0.300371
-0.21774
-0.135639
-0.0541634
0.0269818
0.108161
0.189457
0.270846
0.352568
0.435045
0.518448
0.602582
0.687282
0.772798
0.859672
0.948301
1.03869
1.13064
1.22396
1.31863
1.41469
1.5123
1.61187
1.71391
1.81871
1.92618
2.03615
2.14879
2.26457
2.38386
2.50687
2.63393
2.7656
2.90235
3.04427
3.19142
3.3442
3.50326
3.66915
3.84223
4.02281
4.21132
4.40822
4.61397
4.82876
5.05238
5.28445
5.5243
5.77054
6.02118
6.27338
6.5221
6.75943
6.97408
7.14853
7.25242
7.24892
7.1146
-6.84045
-6.95851
-6.91534
-6.74595
-6.50165
-6.22126
-5.92537
-5.6265
-5.33175
-5.0453
-4.76958
-4.50573
-4.25426
-4.01524
-3.78886
-3.57486
-3.37281
-3.18187
-3.001
-2.82949
-2.66664
-2.51202
-2.36523
-2.22551
-2.09207
-1.96421
-1.84135
-1.72313
-1.60922
-1.49926
-1.39294
-1.29012
-1.19071
-1.0945
-1.00097
-0.909427
-0.81943
-0.730843
-0.64364
-0.557735
-0.472894
-0.388761
-0.305099
-0.221963
-0.139457
-0.0573873
0.024603
0.106626
0.188538
0.270373
0.352541
0.43545
0.519126
0.603365
0.688201
0.774046
0.86136
0.950319
1.04086
1.13294
1.22657
1.32168
1.41824
1.51645
1.61683
1.71991
1.82581
1.93438
2.04567
2.16003
2.27781
2.39922
2.52459
2.65455
2.78975
2.93042
3.07657
3.22841
3.38656
3.55174
3.72464
3.90593
4.09625
4.29633
4.50692
4.7287
4.96211
5.20753
5.46516
5.7347
6.01552
6.30657
6.60521
6.90687
7.20462
7.48608
7.73045
7.89954
7.94226
7.82382
-7.7043
-7.7835
-7.66391
-7.39914
-7.05909
-6.6923
-6.32137
-5.95834
-5.60914
-5.27672
-4.96233
-4.66614
-4.38763
-4.12633
-3.88156
-3.65237
-3.43778
-3.2363
-3.04669
-2.8679
-2.6991
-2.53968
-2.38889
-2.24587
-2.10972
-1.97968
-1.85515
-1.73557
-1.62046
-1.50939
-1.40214
-1.29864
-1.19883
-1.10235
-1.00849
-0.916579
-0.82623
-0.737283
-0.649657
-0.563214
-0.477711
-0.392907
-0.308747
-0.225297
-0.142427
-0.059759
0.0229428
0.105541
0.187847
0.270049
0.352604
0.43578
0.519513
0.60375
0.688759
0.774957
0.862579
0.951638
1.04217
1.13432
1.22815
1.32352
1.4204
1.5191
1.62021
1.72405
1.83062
1.93996
2.05234
2.16811
2.28743
2.41052
2.53794
2.67048
2.80864
2.95252
3.10223
3.25819
3.42108
3.59173
3.77106
3.96002
4.15959
4.37079
4.59469
4.83224
5.08448
5.35243
5.63684
5.93838
6.25769
6.59433
6.94666
7.312
7.68425
8.05117
8.391
8.65516
8.77385
8.69408
-8.79081
-8.78969
-8.5451
-8.14157
-7.67262
-7.19593
-6.73359
-6.29493
-5.88353
-5.50005
-5.14392
-4.81366
-4.50753
-4.22398
-3.96123
-3.71756
-3.49103
-3.27981
-3.08222
-2.89692
-2.72297
-2.55942
-2.40528
-2.25959
-2.12135
-1.98973
-1.86402
-1.7435
-1.62754
-1.51575
-1.40797
-1.30419
-1.20427
-1.10766
-1.01361
-0.921494
-0.830941
-0.741741
-0.653763
-0.566865
-0.480865
-0.395666
-0.311295
-0.227668
-0.144423
-0.0611874
0.0220368
0.10496
0.18749
0.269942
0.352702
0.435901
0.519535
0.603788
0.68903
0.775504
0.863215
0.952175
1.04261
1.13477
1.22865
1.32409
1.42119
1.52034
1.62195
1.72616
1.83303
1.94288
2.05609
2.17286
2.29324
2.41763
2.54678
2.68138
2.82176
2.96809
3.12067
3.28001
3.44685
3.62218
3.80713
4.00292
4.21082
4.43217
4.66837
4.92091
5.19147
5.48169
5.79341
6.1288
6.48956
6.87668
7.29096
7.73156
8.19454
8.67112
9.13957
9.54205
9.78565
9.78598
-10.1938
-10.0341
-9.58499
-8.98015
-8.3388
-7.72359
-7.15088
-6.62467
-6.14375
-5.70521
-5.30557
-4.941
-4.608
-4.30329
-4.024
-3.7672
-3.53013
-3.31048
-3.10611
-2.91549
-2.73738
-2.57056
-2.41388
-2.26626
-2.12664
-1.99408
-1.8677
-1.74664
-1.63024
-1.51813
-1.41024
-1.30656
-1.20677
-1.11022
-1.01616
-0.924026
-0.833407
-0.744042
-0.655781
-0.568524
-0.482219
-0.396904
-0.312554
-0.228852
-0.145302
-0.0616697
0.0218285
0.104885
0.187529
0.270076
0.352787
0.435776
0.519242
0.603555
0.688997
0.775558
0.863135
0.951873
1.04214
1.13418
1.22794
1.32335
1.42062
1.52006
1.62184
1.72603
1.83294
1.94308
2.05678
2.17407
2.29513
2.4205
2.55089
2.68683
2.82866
2.9767
3.13137
3.29322
3.4631
3.64213
3.8316
4.03297
4.24779
4.47773
4.72464
4.99061
5.27785
5.58901
5.92749
6.29682
6.70046
7.14238
7.62602
8.15371
8.7269
9.34189
9.98244
10.5864
11.0344
11.1932
-12.0647
-11.5942
-10.8083
-9.91226
-9.04241
-8.25518
-7.55252
-6.92788
-6.37253
-5.87783
-5.43568
-5.03906
-4.6818
-4.35877
-4.06548
-3.79788
-3.55247
-3.32625
-3.11685
-2.92242
-2.74141
-2.57243
-2.41419
-2.2655
-2.12528
-1.99243
-1.86591
-1.74478
-1.62836
-1.51638
-1.4088
-1.30551
-1.20605
-1.10974
-1.01588
-0.923903
-0.833363
-0.743971
-0.655582
-0.568168
-0.481817
-0.396617
-0.3124
-0.228667
-0.144943
-0.0611812
0.022314
0.105322
0.187932
0.270361
0.352783
0.435437
0.518742
0.603096
0.688571
0.77497
0.862238
0.950675
1.04068
1.13244
1.22594
1.32126
1.41861
1.51806
1.61962
1.7235
1.83026
1.94043
2.0542
2.17164
2.29303
2.41894
2.54991
2.68644
2.82897
2.97794
3.13383
3.29724
3.46911
3.65063
3.84323
4.04853
4.26838
4.50483
4.76017
5.03689
5.33797
5.66741
6.0299
6.43073
6.87648
7.37439
7.93193
8.55799
9.26117
10.0481
10.9174
11.8127
12.5974
13.0671
-14.6623
-13.5723
-12.2248
-10.9104
-9.74386
-8.74998
-7.90195
-7.17437
-6.54607
-5.99951
-5.52043
-5.09737
-4.72119
-4.38453
-4.08125
-3.80632
-3.55546
-3.32523
-3.11299
-2.91657
-2.73422
-2.56441
-2.40574
-2.25697
-2.11694
-1.98445
-1.85832
-1.7376
-1.62167
-1.5103
-1.40344
-1.30082
-1.20191
-1.10606
-1.01259
-0.920914
-0.83058
-0.741316
-0.653018
-0.565751
-0.479677
-0.394813
-0.310811
-0.227118
-0.143403
-0.0597727
0.0234918
0.106268
0.188625
0.270684
0.35265
0.434946
0.518096
0.602369
0.687626
0.773634
0.860471
0.948514
1.03812
1.12944
1.22261
1.31777
1.41496
1.51406
1.61508
1.71847
1.82488
1.93475
2.04822
2.16546
2.2868
2.41267
2.54353
2.67993
2.82243
2.97149
3.12764
3.29155
3.4642
3.64679
3.84082
4.0481
4.27075
4.51112
4.77173
5.05553
5.36644
5.70939
6.09038
6.51728
6.99974
7.54893
8.17935
8.90836
9.75681
10.7508
11.917
13.2307
14.5774
15.6665
-18.4069
-16.0427
-13.7585
-11.8681
-10.3431
-9.12592
-8.13619
-7.31779
-6.63086
-6.04628
-5.54243
-5.10323
-4.71663
-4.37323
-4.06567
-3.78805
-3.53559
-3.30461
-3.0922
-2.89603
-2.71423
-2.54517
-2.38742
-2.23971
-2.10077
-1.96932
-1.84418
-1.72444
-1.60954
-1.4993
-1.39354
-1.2919
-1.19384
-1.09871
-1.00587
-0.914708
-0.824786
-0.735873
-0.647949
-0.561161
-0.475658
-0.391311
-0.307654
-0.22419
-0.140755
-0.0575137
0.0253177
0.107656
0.189513
0.270994
0.352427
0.434361
0.517268
0.601222
0.685988
0.771423
0.857715
0.945231
1.03427
1.12506
1.21781
1.31258
1.40924
1.50762
1.60789
1.71061
1.81641
1.92563
2.03844
2.15507
2.2758
2.40096
2.53102
2.6666
2.80826
2.9565
3.11185
3.27504
3.44701
3.62896
3.82246
4.02948
4.25228
4.49328
4.75518
5.04142
5.35642
5.70573
6.09692
6.5398
7.04653
7.63357
8.32259
9.14224
10.1328
11.3502
12.875
14.765
17.0485
19.412
-24.5176
-19.0271
-15.1165
-12.5231
-10.6486
-9.25248
-8.16892
-7.30131
-6.58908
-5.99223
-5.48335
-5.04321
-4.65786
-4.31688
-4.01227
-3.73776
-3.48849
-3.26065
-3.05129
-2.85805
-2.67901
-2.51256
-2.3573
-2.21193
-2.07513
-1.94561
-1.82225
-1.70421
-1.59101
-1.48243
-1.3782
-1.27791
-1.18102
-1.08693
-0.995012
-0.904673
-0.81551
-0.727335
-0.640185
-0.554233
-0.469545
-0.385873
-0.302745
-0.219795
-0.136964
-0.0543963
0.027758
0.10941
0.190541
0.271316
0.352172
0.433661
0.516102
0.599436
0.683458
0.768153
0.853752
0.940572
1.0289
1.11902
1.2111
1.30513
1.40085
1.4982
1.5975
1.69932
1.80417
1.91233
2.02405
2.13953
2.25898
2.38271
2.51124
2.6452
2.7851
2.93143
3.08476
3.2458
3.41541
3.59479
3.78556
3.98972
4.20945
4.44714
4.70564
4.9885
5.3002
5.64687
6.03675
6.48034
6.99196
7.59127
8.30537
9.17448
10.2589
11.6553
13.5298
16.1228
20.0331
25.523
-34.2183
-22.083
-15.7384
-12.5288
-10.4683
-9.02613
-7.94415
-7.09336
-6.40152
-5.82459
-5.33395
-4.91
-4.53888
-4.21034
-3.91655
-3.65151
-3.41059
-3.19012
-2.98732
-2.79993
-2.62609
-2.46429
-2.31322
-2.17159
-2.03812
-1.91162
-1.79101
-1.67556
-1.56485
-1.45859
-1.35642
-1.25795
-1.16267
-1.07003
-0.979407
-0.8903
-0.80234
-0.715367
-0.629434
-0.544674
-0.461061
-0.378293
-0.295974
-0.213867
-0.131962
-0.0503524
0.0308567
0.111572
0.191788
0.271731
0.351877
0.432693
0.514362
0.596782
0.679837
0.763604
0.848311
0.934223
1.02163
1.11081
1.2019
1.29476
1.38918
1.48522
1.58326
1.68382
1.78726
1.8939
2.00399
2.11768
2.23514
2.35671
2.48293
2.61436
2.75143
2.89465
3.0446
3.20189
3.36731
3.54205
3.72774
3.92615
4.13931
4.36954
4.61955
4.89262
5.19326
5.52748
5.903
6.3304
6.82393
7.40315
8.09699
8.94933
10.0322
11.4747
13.5352
16.7446
23.0889
35.2238
0
0
0
0
0
0
0
0
0
0
0
0
0
0
0
0
0
0
0
0
0
0
0
0
0
0
0
0
0
0
0
0
0
0
0
0
0
0
0
0
0
0
0
0
0
0
0
0
0
0
0
0
0
0
0
0
0
0
0
0
0
0
0
0
0
0
0
0
0
0
0
0
0
0
0
0
0
0
0
0
0
0
0
0
0
0
0
0
0
0
0
0
0
0
0
0
0
0
0
0
)
;

boundaryField
{
    obstacleFixedWalls
    {
        type            zeroGradient;
    }
    obstacleFrontAndBack
    {
        type            empty;
    }
    movingWall
    {
        type            zeroGradient;
    }
    fixedWalls
    {
        type            zeroGradient;
    }
    frontAndBack
    {
        type            empty;
    }
}


// ************************************************************************* //
